30 -89.0 3.3207573308025706 
30 -88.0 6.850919368419783 
30 -87.0 10.80840913650247 
30 -86.0 15.419170940252403 
30 -85.0 20.893785605207675 
30 -84.0 27.361321129073897 
30 -83.0 34.74828939363708 
30 -82.0 42.64256996984848 
30 -81.0 50.28153239078654 
30 -80.0 56.81810137187044 
30 -79.0 61.76440053304472 
30 -78.0 65.22549455031606 
30 -77.0 67.72592193052367 
30 -76.0 69.86447773134852 
30 -75.0 72.08581555113871 
30 -74.0 74.62520365900625 
30 -73.0 77.54709175955117 
30 -72.0 80.80594644492737 
30 -71.0 84.29933608999534 
30 -70.0 87.90698582309528 
30 -69.0 91.51668013922446 
30 -68.0 95.03884648044061 
30 -67.0 98.41182158571488 
30 -66.0 101.60029528782671 
30 -65.0 104.58977898513928 
30 -64.0 107.37973274301801 
30 -62.99999999999999 109.97725945987602 
30 -62.0 112.39237242545624 
30 -61.0 114.63507709138297 
30 -60.00000000000001 116.71402359123032 
30 -59.0 118.63627572221083 
30 -57.99999999999999 120.40772330478485 
30 -57.0 122.03374855936576 
30 -56.0 123.5198764716208 
30 -55.00000000000001 124.87225459848486 
30 -54.0 126.09790106172565 
30 -53.0 127.20472527589295 
30 -51.99999999999999 128.20136582297786 
30 -51.0 129.09690840254356 
30 -50.0 129.90054947135854 
30 -49.00000000000001 130.6212633603262 
30 -48.0 131.2675169302684 
30 -46.99999999999999 131.847059836396 
30 -46.0 132.3668028727 
30 -45.0 132.83278339865666 
30 -44.0 133.25020649454012 
30 -43.0 133.62354363080502 
30 -42.0 133.9566672205375 
30 -41.00000000000001 134.25299907823052 
30 -40.0 134.51565295570273 
30 -39.0 134.74755524936856 
30 -38.00000000000001 134.951532907674 
30 -37.0 135.1303627549261 
30 -36.0 135.28678124732383 
30 -34.99999999999999 135.4234575866445 
30 -34.0 135.5429358546347 
30 -33.0 135.64755334187495 
30 -31.999999999999996 135.73934267576314 
30 -31.0 135.81992505706847 
30 -30.000000000000004 135.89040134943818 
30 -28.999999999999996 135.95124750176132 
30 -28.0 136.00222136628116 
30 -27.000000000000004 136.04228993094 
30 -25.999999999999996 136.06958967185415 
30 -25.0 136.08143820450078 
30 -24.000000000000004 136.07442223230353 
30 -23.0 136.0445936362099 
30 -22.0 135.98780987761648 
30 -20.999999999999996 135.90025246377266 
30 -20.0 135.77914204068574 
30 -19.000000000000004 135.6236335358952 
30 -17.999999999999996 135.43581346659218 
30 -17.0 135.22163349904238 
30 -16.000000000000004 134.99151243749628 
30 -14.999999999999996 134.7602599162811 
30 -14.0 134.54599201639346 
30 -13.000000000000004 134.36794362849167 
30 -11.999999999999996 134.2437290939496 
30 -11.0 134.18800013722483 
30 -10.000000000000004 134.21727230298364 
30 -8.999999999999998 134.37121133747814 
30 -8.000000000000002 134.76987421665368 
30 -6.999999999999995 135.7308058862029 
30 -5.999999999999998 137.9097355538827 
30 -5.000000000000002 142.1168306552204 
30 -3.9999999999999956 148.02927603167834 
30 -2.999999999999999 156.7722663076251 
30 -2.0000000000000027 195.9157166016139 
30 -0.9999999999999964 212.52315626239528 
30 0.0 214.8819948361778 
30 0.9999999999999964 213.73499860590175 
30 1.999999999999993 198.06797205065976 
30 3.0000000000000093 149.65703789911328 
30 4.000000000000005 130.59981654093883 
30 5.000000000000002 114.32282778668484 
30 5.999999999999998 99.34051809052364 
30 6.999999999999995 86.97076288622412 
30 7.999999999999991 76.77462199779423 
30 9.000000000000007 68.07816291030005 
30 10.000000000000004 60.45321317549747 
30 11.0 53.680339303938545 
30 11.999999999999996 47.647170963318295 
30 12.999999999999993 42.2840832489378 
30 13.99999999999999 37.533847752743945 
30 15.000000000000007 33.34017075020852 
30 16.000000000000004 29.645201674451087 
30 17.0 26.390752402686072 
30 17.999999999999996 23.52059612624928 
30 18.999999999999993 20.982603166742347 
30 20.000000000000007 18.730220562182673 
30 21.000000000000007 16.723205896783092 
30 22.0 14.927724183254417 
30 23.0 13.31598964243563 
30 23.999999999999993 11.865635787780219 
30 24.999999999999993 10.558964546476037 
30 26.000000000000007 9.382182013271661 
30 27.000000000000004 8.324687950781076 
30 28.0 7.378453948365588 
30 28.999999999999996 6.537502357062783 
30 29.999999999999993 5.7974836207555915 
30 31.00000000000001 5.155341522756257 
30 32.00000000000001 4.609052253969996 
30 33.0 4.157422492040332 
30 34.0 3.799932669207477 
30 34.99999999999999 3.5366134641647147 
30 35.99999999999999 3.367945723235188 
30 37.00000000000001 3.2947761412175955 
30 38.00000000000001 3.3182428903798074 
30 39.0 3.439706851445882 
30 40.0 3.660685116083128 
30 40.99999999999999 3.9827840012843208 
30 41.99999999999999 4.407629002859474 
30 43.00000000000001 4.936789035151347 
30 44.0 5.571692124645474 
30 45.0 6.313529648420175 
30 46.0 7.163146451126303 
30 46.99999999999999 8.12091492882011 
30 48.00000000000001 9.186592563652084 
30 49.00000000000001 10.359164446560609 
30 50.0 11.63667489831791 
30 51.0 13.016055059723296 
30 51.99999999999999 14.492955735885541 
30 52.99999999999999 16.0615961287494 
30 54.00000000000001 17.714638567017417 
30 55.00000000000001 19.443096189291445 
30 56.0 21.236274340562048 
30 57.0 23.081737445321675 
30 57.99999999999999 24.96528271336074 
30 58.99999999999999 26.870893145535803 
30 60.00000000000001 28.780639838361697 
30 61.0 30.674514388361366 
30 62.0 32.53020445733591 
30 62.99999999999999 34.32288666925471 
30 63.99999999999999 36.02520316202684 
30 65.00000000000001 37.60770063782636 
30 66.0 39.04010983904639 
30 67.0 40.29386381447171 
30 68.0 41.3461033216485 
30 69.0 42.18501190640672 
30 69.99999999999999 42.81564833250568 
30 71.00000000000001 43.264623660818295 
30 72.0 43.58124844618595 
30 73.0 43.83235423828948 
30 74.0 44.08781885887799 
30 75.0 44.39369547643859 
30 76.00000000000001 44.730432657963696 
30 77.0 44.95879137569825 
30 78.0 44.77423316165969 
30 79.0 43.72582148771822 
30 80.0 41.37262592315641 
30 80.99999999999999 37.557699487758455 
30 82.00000000000001 32.5863253244133 
30 83.0 27.093453996915393 
30 84.0 21.709214484270213 
30 85.0 16.824298279787346 
30 86.0 12.566939690929942 
30 86.99999999999999 8.89229653267146 
30 88.0 5.674383858159096 
30 89.0 2.76158207036016 
