30 -89.0 7.956126962814684 
30 -88.0 16.3679093578427 
30 -87.0 25.687416531504294 
30 -86.0 36.33159361103619 
30 -85.0 48.58901284692381 
30 -84.0 62.436854132753474 
30 -83.0 77.2997155378245 
30 -82.0 91.92901959695466 
30 -81.0 104.69480791587331 
30 -80.0 114.33102546292409 
30 -79.0 120.59773031248808 
30 -78.0 124.25790932398678 
30 -77.0 126.48957712851251 
30 -76.0 128.3178501888563 
30 -75.0 130.37642982623737 
30 -74.0 132.92799205906627 
30 -73.0 135.98093499954402 
30 -72.0 139.40657789256682 
30 -71.0 143.02626556939128 
30 -70.0 146.66660333118404 
30 -69.0 150.18874210916724 
30 -68.0 153.49866248991052 
30 -67.0 156.54510621644354 
30 -66.0 159.3109961546444 
30 -65.0 161.80283022485588 
30 -64.0 164.04088866517137 
30 -62.99999999999999 166.05159221126388 
30 -62.0 167.86228493823344 
30 -61.0 169.49813813903805 
30 -60.00000000000001 170.98066500270284 
30 -59.0 172.3273407373042 
30 -57.99999999999999 173.5519124181891 
30 -57.0 174.66508470066506 
30 -56.0 175.67535322981132 
30 -55.00000000000001 176.58982375284205 
30 -54.0 177.4149074536352 
30 -53.0 178.15682781284232 
30 -51.99999999999999 178.8219140263374 
30 -51.0 179.41669016016192 
30 -50.0 179.94779569507156 
30 -49.00000000000001 180.4217898895981 
30 -48.0 180.84489871480025 
30 -46.99999999999999 181.22275980909467 
30 -46.0 181.5602101919035 
30 -45.0 181.86114632883744 
30 -44.0 182.12846964028063 
30 -43.0 182.36411532334623 
30 -42.0 182.5691502946501 
30 -41.00000000000001 182.74391817444751 
30 -40.0 182.8882057488019 
30 -39.0 183.00140584565156 
30 -38.00000000000001 183.0826551870808 
30 -37.0 183.13093142672065 
30 -36.0 183.14510011102755 
30 -34.99999999999999 183.12390867568956 
30 -34.0 183.06593002091782 
30 -33.0 182.96946223914753 
30 -31.999999999999996 182.8323935744179 
30 -31.0 182.6520429002193 
30 -30.000000000000004 182.42498637564776 
30 -28.999999999999996 182.14688113563574 
30 -28.0 181.81229756912654 
30 -27.000000000000004 181.41457353972805 
30 -25.999999999999996 180.94570711397364 
30 -25.0 180.39630875880718 
30 -24.000000000000004 179.75563849920476 
30 -23.0 179.0117558732574 
30 -22.0 178.15180680268944 
30 -20.999999999999996 177.16245608599405 
30 -20.0 176.03044039866427 
30 -19.000000000000004 174.7431586235188 
30 -17.999999999999996 173.28913349670842 
30 -17.0 171.6580832567653 
30 -16.000000000000004 169.84027027431657 
30 -14.999999999999996 167.8248186102904 
30 -14.0 165.59693816403134 
30 -13.000000000000004 163.1346487860948 
30 -11.999999999999996 160.4069359765563 
30 -11.0 157.37766805636335 
30 -10.000000000000004 154.02349846853204 
30 -8.999999999999998 150.37928231433588 
30 -8.000000000000002 146.6275399971486 
30 -6.999999999999995 143.2297767576509 
30 -5.999999999999998 140.99149531417822 
30 -5.000000000000002 140.67434941979334 
30 -3.9999999999999956 142.13832027125747 
30 -2.999999999999999 153.11996553501461 
30 -2.0000000000000027 203.50406741518466 
30 -0.9999999999999964 195.6055709101425 
30 0.0 187.83214542564627 
30 0.9999999999999964 197.14382463109112 
30 1.999999999999993 205.62347674777888 
30 3.0000000000000093 134.73754084994786 
30 4.000000000000005 105.6861366941179 
30 5.000000000000002 88.19928365638312 
30 5.999999999999998 73.44509919658503 
30 6.999999999999995 62.281866918724276 
30 7.999999999999991 54.012634978115855 
30 9.000000000000007 47.6124021294788 
30 10.000000000000004 42.367264343811556 
30 11.0 37.87815951959231 
30 11.999999999999996 33.93966739010571 
30 12.999999999999993 30.4459550459895 
30 13.99999999999999 27.336759545979056 
30 15.000000000000007 24.57013392997147 
30 16.000000000000004 22.110200388684905 
30 17.0 19.92268477201895 
30 17.999999999999996 17.974171002597245 
30 18.999999999999993 16.232860729249868 
30 20.000000000000007 14.66967848532843 
30 21.000000000000007 13.25917426665413 
30 22.0 11.980028031703661 
30 23.0 10.815151969440011 
30 23.999999999999993 9.751475221873488 
30 24.999999999999993 8.779522095489082 
30 26.000000000000007 7.892886972740634 
30 27.000000000000004 7.087686306149201 
30 28.0 6.362041970264958 
30 28.999999999999996 5.7156270159776845 
30 29.999999999999993 5.149286958796143 
30 31.00000000000001 4.664737418993058 
30 32.00000000000001 4.264331450872511 
30 33.0 3.9508861244116993 
30 34.0 3.727556735082633 
30 34.99999999999999 3.597747461923828 
30 35.99999999999999 3.565048622704916 
30 37.00000000000001 3.6331923383762685 
30 38.00000000000001 3.806020036850445 
30 39.0 4.087456561032205 
30 40.0 4.481486581862463 
30 40.99999999999999 4.992129546477566 
30 41.99999999999999 5.623409599531191 
30 43.00000000000001 6.379316964240383 
30 44.0 7.263757370639663 
30 45.0 8.280486490712887 
30 46.0 9.433027166656862 
30 46.99999999999999 10.724568582118852 
30 48.00000000000001 12.157848362309332 
30 49.00000000000001 13.73502064378251 
30 50.0 15.457514987272567 
30 51.0 17.325892025480844 
30 51.99999999999999 19.33970131725621 
30 52.99999999999999 21.497344512891598 
30 54.00000000000001 23.7959424449591 
30 55.00000000000001 26.231198461687967 
30 56.0 28.797243162267645 
30 57.0 31.486439185179925 
30 57.99999999999999 34.28912083530773 
30 58.99999999999999 37.19324430357624 
30 60.00000000000001 40.183932423067915 
30 61.0 43.24291601819581 
30 62.0 46.34790561222793 
30 62.99999999999999 49.47197778297277 
30 63.99999999999999 52.58313631166777 
30 65.00000000000001 55.64431403599254 
30 66.0 58.61421089735586 
30 67.0 61.449484568473316 
30 68.0 64.1088441086562 
30 69.0 66.55941133900826 
30 69.99999999999999 68.78514602544661 
30 71.00000000000001 70.79606362147702 
30 72.0 72.63544446369288 
30 73.0 74.38046647939704 
30 74.0 76.12997983583529 
30 75.0 77.97170968701953 
30 76.00000000000001 79.92080522269168 
30 77.0 81.82628055378986 
30 78.0 83.26282961549171 
30 79.0 83.47789657915835 
30 80.0 81.52855610834389 
30 80.99999999999999 76.69795646058832 
30 82.00000000000001 68.99472502320502 
30 83.0 59.26931725988362 
30 84.0 48.770728227116 
30 85.0 38.55616225337533 
30 86.0 29.204067326937906 
30 86.99999999999999 20.856582034011925 
30 88.0 13.385548211291523 
30 89.0 6.534586764755269 
