57649.269540969704 
98070.41131938966 
98342.21761650656 
98001.90630542199 
98254.33071493964 
98310.89233683654 
98329.45973780019 
98336.7590374447 
98339.83754678193 
98341.1718370156 
98341.7566100059 
98342.01410544869 
98342.12772100022 
98342.17789676873 
98342.20006449116 
98342.20985991074 
98342.21418862978 
98342.21610160389 
98342.21694701213 
98342.21732062784 
98342.217485742 
98342.21755871268 
98342.21759096684 
98342.2176052175 
98342.21761151517 
98342.21761429952 
98342.21761552758 
98342.2176160668 
98342.21761630908 
98342.21761641621 
98342.21761646458 
98342.21761648559 
98342.21761649055 
98342.21761650305 
98342.21761650324 
98342.21761650381 
98342.21761650062 
98342.21761650054 
98342.21761650383 
98342.21761650141 
98342.21761650388 
98342.21761650433 
98342.21761650011 
98342.21761650656 
98342.21761650011 
98342.21761650656 
99447.37076197212 
98194.78803359646 
99971.55642243299 
95497.48655505602 
99405.55102631167 
99878.02366199152 
99949.02293100378 
99964.59148175309 
99969.0114957513 
99970.53006837901 
99971.12070002293 
99971.36682599675 
99971.47298050496 
99971.51951048672 
99971.54005627488 
99971.54915851077 
99971.55319695763 
99971.55498989954 
99971.55578614569 
99971.55613980196 
99971.55629688718 
99971.55636666773 
99971.55639765829 
99971.55641142673 
99971.55641754836 
99971.55642026097 
99971.5564214655 
99971.55642199964 
99971.55642224394 
99971.55642234389 
99971.55642239457 
99971.55642241432 
99971.55642241992 
99971.55642242856 
99971.55642243447 
99971.55642242554 
99971.55642243267 
99971.55642243454 
99971.55642243137 
99971.55642242597 
99971.55642243144 
99971.55642243309 
99971.55642243187 
99971.55642243454 
99971.55642243187 
99971.55642243454 
99586.40923684157 
114166.89241057546 
225895.0821115384 
877927.0830461077 
470737.5551375426 
525627.8415976949 
592024.4863798685 
774063.1236875067 
1.050444207370725e6 
648423.9944246449 
766937.736580369 
799880.9622442715 
928072.5985407432 
1.1116684011028388e6 
1.1546502564098984e6 
1.1368680556513318e6 
1.1485227848522025e6 
1.1525873897581424e6 
1.1539602471252063e6 
1.1544199477483868e6 
1.1545734395315386e6 
1.1546246410699913e6 
1.154641715398756e6 
1.154647408626033e6 
1.1546493068968512e6 
1.1546499398225148e6 
1.1546501508531806e6 
1.1546502212151508e6 
1.1546502446752365e6 
1.1546502524973077e6 
1.1546502551053779e6 
1.154650255974878e6 
1.1546502562648735e6 
1.1546502563615148e6 
1.154650256393792e6 
1.1546502564045023e6 
1.1546502564080998e6 
1.1546502564092614e6 
1.1546502564097063e6 
1.1546502564098197e6 
1.1546502564098472e6 
1.1546502564099021e6 
1.154650256409843e6 
1.1546502564098774e6 
1.1546502564098919e6 
1.1546502564098944e6 
1.1546502564099038e6 
1.7139033233065181e6 
751236.1950316045 
677099.3640169104 
570917.3207749623 
582693.1565744719 
684971.3444704597 
778801.603156491 
717316.3782718139 
1.7693559603623825e6 
1.778841136046253e6 
1.7790234793028997e6 
1.778413322898235e6 
1.7787887437157645e6 
1.7789265687657376e6 
1.778982079882096e6 
1.7790055137991374e6 
1.7790156279341509e6 
1.7790200373173708e6 
1.7790219682774062e6 
1.7790228155623444e6 
1.7790231876670872e6 
1.7790233511482168e6 
1.7790234229845027e6 
1.7790234545528258e6 
1.77902346842599e6 
1.7790234745228374e6 
1.7790234772020814e6 
1.779023478379655e6 
1.7790234788971585e6 
1.7790234791246394e6 
1.7790234792245626e6 
1.7790234792684508e6 
1.7790234792877338e6 
1.7790234792962258e6 
1.7790234792999898e6 
1.7790234793016913e6 
1.7790234793023434e6 
1.7790234793026778e6 
1.7790234793027968e6 
1.7790234793027954e6 
1.7790234793028133e6 
1.7790234793028578e6 
1.7790234793029602e6 
1.779023479302834e6 
1.7790234793029216e6 
1.7790234793028794e6 
1.7790234793028564e6 
1.779023479302885e6 
1.7790234793029644e6 
2.3333839719417104e6 
958185.8331493629 
780214.2501004448 
592760.8487046647 
618372.1759674471 
709421.8388671012 
844531.4896646688 
786984.734418291 
1.793916830937407e6 
2.368592882772148e6 
2.3714869052506303e6 
2.373103680618906e6 
2.3739539960772395e6 
2.374396074518773e6 
2.3746277492097206e6 
2.3747500074496567e6 
2.3748148059529546e6 
2.3748492354046586e6 
2.374867553883062e6 
2.3748773076139092e6 
2.374882503089243e6 
2.374885271130554e6 
2.374886746053438e6 
2.374887531999135e6 
2.374887950821406e6 
2.3748881740114745e6 
2.3748882929501645e6 
2.374888356333499e6 
2.374888390111001e6 
2.374888408111318e6 
2.3748884177038213e6 
2.374888422815822e6 
2.374888425540018e6 
2.37488842699183e6 
2.3748884277655827e6 
2.3748884281778918e6 
2.3748884283975074e6 
2.3748884285148266e6 
2.374888428577173e6 
2.3748884286106294e6 
2.3748884286283567e6 
2.3748884286378003e6 
2.374888428642887e6 
2.374888428645546e6 
2.374888428647043e6 
2.374888428647799e6 
2.374888428648276e6 
2.374888428648434e6 
2.3748884286486553e6 
2.374888428648681e6 
2.374888428648776e6 
2.374888428648725e6 
2.374888428648766e6 
2.374888428648713e6 
2.374888428648815e6 
2.37488842864866e6 
2.3748884286487526e6 
2.374888428648766e6 
2.374888428648648e6 
2.374888428648815e6 
3.1999998311109e6 
803156.6998163027 
863745.8796075343 
653794.1639273026 
685537.3039512532 
755913.9485553552 
957852.985652822 
1.0543295266044976e6 
1.0036132088495747e6 
3.0919248731903317e6 
3.387383415721341e6 
2.051859076532681e6 
3.4417055563736986e6 
3.510451047945066e6 
1.0424175401472622e6 
3.4592227148103886e6 
3.555023658293207e6 
3.9017469725614814e6 
1.0169575957920543e6 
1.08167450404886e6 
965682.6833746701 
3.3880272517346903e6 
4.028841159596418e6 
4.0508426434349017e6 
4.227518005506507e6 
1.6580092349428271e6 
2.1555939619906736e6 
3.542352542000802e6 
4.283630784124459e6 
4.339133992716159e6 
4.36013996792833e6 
4.628157851747494e6 
3.5720085296897185e6 
5.250053045476699e6 
1.4859184532350262e6 
1.622766742431966e6 
2.119611812806723e6 
3.8681100827018106e6 
5.508478870005672e6 
5.575223163231392e6 
5.608528935283635e6 
5.878440626878644e6 
1.1318978362269457e6 
1.718199574268853e6 
5.808785967289619e6 
5.889676123547065e6 
5.896893769274348e6 
5.904041881682682e6 
6.000297464636047e6 
7.228414219696975e6 
1.1787888488447792e6 
1.174229886315845e6 
1.0726933378193437e6 
5.40412800950692e6 
7.47155951605172e6 
7.498230686987871e6 
7.511906457022141e6 
7.519154490679462e6 
7.524356482083516e6 
7.528921603508949e6 
7.578325926838155e6 
7.678809290563562e6 
6.286739648410044e6 
7.692386634846146e6 
7.946563051775934e6 
2.6687335449584206e6 
7.8426177326734215e6 
7.944614894583934e6 
7.949985192166595e6 
7.951766276311757e6 
7.952954048964373e6 
7.953729123483024e6 
7.954233697598815e6 
7.954563699696449e6 
7.954780662811849e6 
7.954923903740978e6 
7.955018761420668e6 
7.955081712913312e6 
7.955123551478905e6 
7.955151385763218e6 
7.955169915744806e6 
7.955182257182236e6 
7.95519047937527e6 
7.955195958325051e6 
7.955199609776915e6 
7.955202043509984e6 
7.955203665717597e6 
7.955204747045282e6 
7.955205467853953e6 
7.955205948350514e6 
7.955206268657318e6 
7.9552064821803e6 
7.955206624520373e6 
7.95520671940801e6 
7.955206782663091e6 
7.955206824830534e6 
7.955206852941004e6 
7.955206871680335e6 
7.9552068841729155e6 
7.955206892501012e6 
7.955206898052656e6 
7.955206901754183e6 
7.955206904221511e6 
7.955206905866371e6 
7.955206906963296e6 
7.955206907694374e6 
7.955206908182418e6 
7.955206908507629e6 
7.955206908724207e6 
7.955206908869235e6 
7.955206908965687e6 
7.955206909030274e6 
7.955206909073368e6 
7.955206909102268e6 
7.955206909121484e6 
7.95520690913441e6 
7.955206909143441e6 
7.955206909149183e6 
7.955206909153208e6 
7.955206909156187e6 
7.955206909158379e6 
7.95520690915981e6 
7.95520690916057e6 
7.955206909161302e6 
7.955206909161865e6 
7.955206909162209e6 
7.955206909162548e6 
7.955206909162894e6 
7.955206909165731e6 
7.955206909167628e6 
7.955206909169127e6 
7.955206909170102e6 
7.955206909170856e6 
7.955206909171004e6 
7.955206909171544e6 
7.955206909172486e6 
7.955206909173607e6 
7.955206909173895e6 
7.955206909174057e6 
7.955206909174132e6 
7.955206909174019e6 
7.955206909174367e6 
1.0487986128477903e7 
1.657458262877934e6 
832101.0987082812 
2.3845101977052107e6 
1.064831137537469e6 
882640.3210186354 
1.0685668734904837e6 
1.4093194364306703e6 
1.5232328138690784e6 
9.48219110480399e6 
1.0621548660206791e7 
1.0802917346167069e7 
8.84871319814511e6 
1.0867406766953237e7 
1.0958863200539023e7 
1.0920440310499039e7 
1.1030466006897375e7 
5.282533617415982e6 
1.0414625019417925e7 
1.1081633691389222e7 
1.1119792951013502e7 
1.1454794485014446e7 
1.4979004490929632e6 
4.256023311019018e6 
1.1494643605933413e7 
1.1561456427700754e7 
1.1611300017743254e7 
1.1968662504258279e7 
1.0859585308213083e7 
1.2098598414099194e7 
3.542727085885494e6 
6.878908475590934e6 
1.2606570415444182e7 
1.2962144571106808e7 
1.323104206727939e7 
8.360492079182545e6 
1.3248418208490795e7 
1.3425333265387857e7 
1.3712261291031161e7 
4.307753665541325e6 
1.3858468443780316e7 
8.54026095400396e6 
1.3992991140517222e7 
1.4119215956779638e7 
1.4452233272200631e7 
3.460137813031395e6 
7.726923739924213e6 
1.4395624337454569e7 
1.4510216299878247e7 
1.4775478564247143e7 
4.702609855798733e6 
8.806576527569579e6 
1.475263465905726e7 
1.4857815666387355e7 
1.5083733397269964e7 
8.639791249791702e6 
1.4411766943206245e7 
1.5140923771902794e7 
3.632437237915442e6 
1.5123398094891174e7 
1.5196163220054302e7 
1.5492316176028743e7 
1.2788431834672263e6 
3.9807754877232164e6 
1.5657513464939376e7 
1.5799642640174057e7 
1.5106199519057933e7 
1.5920181923991315e7 
1.0304829503934618e7 
1.5935452774390785e7 
1.6039350845430955e7 
1.61649466845957e7 
1.625933309696385e7 
1.2329856788586037e7 
1.6527485579377392e7 
1.6579733245727036e7 
1.6900265387368966e7 
5.176053342380981e6 
1.2665851321486443e7 
1.6935818037761305e7 
1.699072927257885e7 
1.7026170454409394e7 
1.7236653576130655e7 
2.8818196243107533e6 
5.525615106666126e6 
1.3944965764876423e7 
1.7358340049691126e7 
1.739279525656547e7 
1.7509938060219254e7 
1.653292413431642e6 
1.5741472501301453e7 
1.75569065145284e7 
1.7666556342596952e7 
8.1054726422826825e6 
1.634939756310221e7 
1.7716954934555113e7 
1.7741020282256335e7 
1.792893431307881e7 
1.8672278963910688e6 
1.677847946685733e7 
1.7973983281420622e7 
1.795227873027219e7 
1.8072367913629554e7 
1.6719995420282375e7 
1.8158740113621812e7 
1.834897428593004e7 
3.3851691806942234e6 
6.240727501231866e6 
1.7623043361955125e7 
1.8443102748949535e7 
1.846699552719541e7 
1.8563643234952856e7 
1.8769153073419416e6 
1.787639247984361e7 
1.8610618940766264e7 
1.872149599265492e7 
5.514708779667727e6 
1.7049490818997856e7 
1.8768686841396857e7 
1.880515959709845e7 
1.8893095232247923e7 
1.7709309824914314e7 
1.8983307920944728e7 
1.917283732168794e7 
1.6571416030642996e7 
1.91690515305668e7 
1.924952467703449e7 
6.383275261771442e6 
1.7252224694796737e7 
1.9285908170043413e7 
1.93433688387989e7 
1.9537354751313355e7 
9.23228147942037e6 
1.8916655547918938e7 
1.9567064292553853e7 
1.9592165841565084e7 
1.963209316830858e7 
1.9649951455011882e7 
1.9831728583935916e7 
1.9242912948023412e7 
2.004198593160833e7 
1.8414474686177887e6 
1.8169022882272467e7 
2.0197050303755254e7 
1.9385566339263294e7 
2.0218930551097516e7 
2.033799150520193e7 
8.772106520681348e6 
2.02748106962003e7 
2.035913562498593e7 
2.0345699992612083e7 
2.0377048889974903e7 
2.043906610031147e7 
1.6609674732166644e7 
2.045615151540919e7 
2.0508802035759322e7 
2.0594507370477587e7 
1.6583075849875556e7 
2.047224417808523e7 
2.0616451535459958e7 
1.375610598176768e7 
2.0620255734596327e7 
2.0649948995070864e7 
2.0683082679665644e7 
2.076950292247782e7 
1.8113226092386323e6 
1.844761502639003e7 
2.0796661453056395e7 
2.089398978503069e7 
2.108927581032724e6 
2.0345099011840884e7 
2.0915735160207655e7 
2.09848713655114e7 
1.711590911519131e6 
1.2250934210392153e7 
2.104256413726801e7 
2.1062727488111828e7 
2.117875120142845e7 
1.8240485788214754e7 
2.1065600419455685e7 
2.1205228561058547e7 
1.5916149046911405e7 
2.1226711708932016e7 
2.1260934163629122e7 
2.1286153201265134e7 
2.1402816964482978e7 
1.7733078373985477e6 
1.7581516675107e7 
2.14454471301059e7 
2.146199085256213e7 
2.1536832761800215e7 
5.804232206872476e6 
1.6748662234554227e7 
2.15340120642378e7 
2.159529749236801e7 
2.1656162283552956e7 
2.504210185152351e6 
2.12622646343813e7 
2.1675490210274406e7 
2.1729363648961365e7 
2.1729363648961365e7 
643981.1400380881 
766690.8445413898 
1.2279531746249443e6 
1.153635861008476e6 
1.6893455204097873e6 
2.799359890605398e6 
5.452564141836226e6 
1.687663630163096e7 
2.1637026170798384e7 
2.1759419136153832e7 
2.1810555463401448e7 
1.7491779380903445e7 
2.166530861106728e7 
2.1819853594018117e7 
2.1399305974912964e7 
2.182998439413837e7 
2.114986765384803e7 
2.1844012099663306e7 
2.1856087484550513e7 
2.187136717333483e7 
2.1881333753468957e7 
2.1979794474663626e7 
1.766623618669006e6 
1.7673492870596055e7 
2.199085769162146e7 
2.2012952804188788e7 
2.202173397046243e7 
2.2126774396436583e7 
1.0183715720927658e7 
2.2122061861612413e7 
2.216803911576735e7 
1.0423829919594677e7 
2.025093295377593e7 
2.2199458908735294e7 
2.2211983463268943e7 
2.230816529602367e7 
1.8969299663128871e6 
2.1104174041565534e7 
2.232591764771587e7 
2.2444486781776745e7 
1.8944853569197175e6 
2.080226487279342e7 
2.2466018685414523e7 
2.2476896637290053e7 
1.7890466627589747e7 
2.2565897231481425e7 
2.250780136692038e7 
2.2581447686238635e7 
1.9599499221588932e7 
2.2576198549300436e7 
2.2592688563752964e7 
2.2669326420352835e7 
1.1206727793593707e7 
2.137950966829258e7 
2.272093738810564e7 
2.273787192305468e7 
2.2853125647258975e7 
1.733659396788113e6 
1.8177092958984427e7 
2.289266726060433e7 
2.2913506569402296e7 
2.29704097426159e7 
2.1660404831300758e7 
2.303630211941916e7 
2.3054147032771006e7 
2.3147214297659956e7 
1.7020615617856357e7 
2.259877871624322e7 
2.3168901889814768e7 
2.31860851270319e7 
2.322657041198531e7 
1.985273664949243e7 
2.3310750731786814e7 
2.3320313889043365e7 
2.3406788031905685e7 
2.172482900818158e7 
2.3401657500283983e7 
2.3435725796317846e7 
5.467393286814079e6 
2.2688056169875715e7 
2.345878546243465e7 
2.3542791256815977e7 
2.1913215207099706e7 
2.360492187882404e7 
1.934146487077485e7 
2.365537508359169e7 
2.366875736914256e7 
2.3740401700827297e7 
1.8241380635471776e7 
2.3406936935941912e7 
2.3755488556565806e7 
2.377302980892288e7 
2.0893576880989775e7 
2.3903544791862432e7 
2.3922898312712695e7 
2.396517497139931e7 
1.780434786858854e6 
2.1962136580055058e7 
2.399684591220549e7 
2.4030828893387232e7 
2.325044684022454e7 
2.4073407213469774e7 
2.408336098572253e7 
2.4130406531475924e7 
1.6030606881447516e7 
2.358202961494148e7 
2.4143006046855055e7 
2.42116439818171e7 
1.7808848285216983e7 
2.351589826249974e7 
2.423742522681697e7 
2.4248874564097717e7 
2.431986616159149e7 
1.5105269524631852e6 
1.7474804000532325e7 
2.4330616750852764e7 
2.435728060075497e7 
2.4362574747416966e7 
2.4399053520343445e7 
1.9621182509827677e7 
2.43454275927413e7 
2.4413536936538424e7 
2.4462830227308422e7 
2.1491252606806945e7 
2.4519064890096493e7 
2.4535929420948453e7 
2.4552868018224027e7 
2.3822187906335223e7 
2.459303688789298e7 
2.459859330275719e7 
2.409936148487288e7 
2.4662746733767323e7 
2.4672206803757068e7 
2.4728759036054473e7 
5.225234663365215e6 
2.432811994548009e7 
2.4741322884730514e7 
2.48203971611943e7 
1.415301954138592e7 
2.4697187036443967e7 
2.483057841978975e7 
2.3850323296159193e7 
2.4840654424686354e7 
2.485162516889808e7 
2.4860589494738203e7 
2.488305868917949e7 
2.1918208261229534e7 
2.493870785119621e7 
2.494638260428174e7 
2.499341888271106e7 
1.3903344412238007e7 
2.48082201115512e7 
2.5002545162293274e7 
2.4533817008344047e7 
2.5011393731613547e7 
2.4454338079281088e7 
2.5023934154667754e7 
2.421089347729931e7 
2.5038874065640867e7 
2.5052893980884653e7 
2.4508197069308992e7 
2.506717552094486e7 
2.3046925663097847e7 
2.507750695881423e7 
2.5094492950477034e7 
2.5106454211521115e7 
2.51437366986151e7 
2.2118452125580266e7 
2.5176543475990534e7 
2.5183984847733345e7 
2.5226219183960587e7 
1.996528173353325e7 
2.4427109757722333e7 
2.5241442882327076e7 
2.524818894741858e7 
2.5306258524783086e7 
2.592280391510244e6 
2.4316753217936445e7 
2.5316002358293433e7 
2.532357036826893e7 
2.5328470893125925e7 
2.299411910739716e7 
2.5395015936904278e7 
2.5402133108968277e7 
2.5442759051695697e7 
2.1352718458285213e7 
2.5397165676728267e7 
2.5452780183925193e7 
2.246756018096841e7 
2.5452389229919016e7 
2.5462460636108078e7 
2.5500192478870958e7 
6.169435264916555e6 
2.4966220804873064e7 
2.5514988755599853e7 
2.5544314748090517e7 
2.2921160208382078e7 
2.5539136871109165e7 
2.5550575889742948e7 
2.5550575889742948e7 
723179.806026443 
968791.8647783749 
1.3659111962542392e6 
1.2838246544587184e6 
1.9467243077720734e6 
5.823352576861683e6 
1.1716917995076057e7 
2.2016820793517254e7 
2.5536388920750733e7 
2.555960242620818e7 
2.558177018350856e7 
1.8490386207570788e7 
2.53024968550886e7 
2.5589105978867184e7 
2.5611697969593517e7 
1.8648606922348913e7 
2.5441266919428047e7 
2.5615930432925165e7 
2.5537292679574165e7 
2.5621775580734022e7 
2.4324819913258817e7 
2.562576763558171e7 
2.563317242883175e7 
2.5643401421972077e7 
2.5670798839596413e7 
2.230405907869336e7 
2.306782170572402e7 
2.5683879373493798e7 
2.5699579501459002e7 
2.574584618373966e7 
2.005207904679304e6 
2.171747077779523e7 
2.5756116376401648e7 
2.5771548855590142e7 
2.577419901647313e7 
2.5519708188064713e7 
2.5824389280363124e7 
2.584768887783591e7 
2.5021596990167752e7 
2.588307412006212e7 
2.5888907331080932e7 
2.5959136792867e7 
1.0002139608514747e7 
2.570171255597919e7 
2.5971663391044363e7 
2.3671467462505247e7 
2.5971501976793744e7 
2.5982206259092424e7 
2.602019429107029e7 
2.4006750858386148e7 
2.607012162768331e7 
2.6077644125558287e7 
2.611558587479994e7 
1.9785534961026807e6 
2.2265757554061547e7 
2.614204662851437e7 
2.6152602920871582e7 
2.616736355465559e7 
2.5912316386779726e7 
2.62116335426868e7 
2.619547694165197e7 
2.622735027860301e7 
1.9552430572463196e7 
2.613855494643984e7 
2.6240341980893757e7 
2.6295511152526725e7 
2.2621770197480105e7 
2.6223311254166383e7 
2.6308409958995976e7 
2.5612540945989948e7 
2.631964502276057e7 
2.5890821758502495e7 
2.6335990374002714e7 
2.6344623630262878e7 
2.636514295512856e7 
2.6374370433563657e7 
2.644304356233997e7 
2.4155800343220036e7 
2.6325035386898883e7 
2.645868579080312e7 
1.8777844077866517e7 
2.6414861165181357e7 
2.6470551042059816e7 
2.6532278175268274e7 
2.3136776308334284e7 
2.6525977941617887e7 
2.6546918481462196e7 
2.0739220771227498e7 
2.647227217375536e7 
2.6557857814838164e7 
2.661135984551757e7 
2.606411263613829e7 
2.654993107545975e7 
2.6628375184840452e7 
2.6634213030638e7 
2.6660281758223753e7 
2.6671433413212284e7 
2.6749674630910523e7 
2.463298897809052e7 
2.682217606409472e7 
1.237054434474485e7 
2.4344141299295004e7 
2.683121732889476e7 
2.6852943821634147e7 
2.686032552796297e7 
2.6893338982735608e7 
1.6735347526527038e7 
2.5675723387184054e7 
2.6914753396755297e7 
2.692216132306484e7 
2.6945742459613916e7 
1.5097108041675875e7 
2.681297172497917e7 
2.6950000672729176e7 
2.6978783147142343e7 
2.7109854670792397e7 
5.885020849095535e6 
2.2986970784667984e7 
2.504270363060085e7 
2.71495994349065e7 
2.716293041568413e7 
2.7175487751806844e7 
2.7196615454701986e7 
2.099590764300833e7 
2.6785446538993582e7 
2.7208094699839346e7 
2.72402541455645e7 
2.5792873445196636e7 
2.7237666536743376e7 
2.7246584085739013e7 
2.718514164995414e7 
2.7252558794194825e7 
2.727422980321079e7 
2.521412893829899e7 
2.727616532458856e7 
2.704423844665938e7 
2.7302188915248968e7 
2.7333249965394013e7 
2.7075471787406016e7 
2.7396772101163086e7 
1.6076861983646904e6 
1.0219238356857257e7 
2.7196889765688296e7 
2.7417400765478414e7 
2.742987337283113e7 
2.7309055668540444e7 
2.744645734143013e7 
2.7454990887152165e7 
2.7133050574654866e7 
2.7473434029356122e7 
2.7506133027110364e7 
2.7654934181089975e7 
2.0553128226618886e6 
2.3619285938022126e7 
2.7732974831869457e7 
2.7748808705612533e7 
2.7707420215312682e7 
2.7785994136917524e7 
2.4242517010124817e7 
2.7770261818620883e7 
2.7798567177715383e7 
2.781301540158446e7 
2.767015572432197e7 
2.782404583615319e7 
2.7839306776786294e7 
2.6710966312786497e7 
2.783276341710022e7 
2.784452481496752e7 
2.594895587151585e7 
2.784307405892189e7 
2.7849410625464715e7 
2.7880883456566e7 
1.9967800585706305e7 
2.770026815038231e7 
2.788810520224957e7 
2.7906186044739563e7 
2.593339455708329e7 
2.7928884669536963e7 
2.7932056742240746e7 
2.795514197876354e7 
3.2912717408698987e7 
1.2089966997076977e7 
2.433999161149928e7 
3.3264592524801586e7 
2.5073272787850752e7 
2.6896769648616336e7 
3.3349022329324324e7 
3.351179733301843e7 
3.359229532165887e7 
3.401667963219922e7 
3.4379273856997944e7 
1.6558783650877453e7 
2.8599243550496537e7 
3.592203162937578e7 
3.602484171386318e7 
2.331119861836739e7 
2.310757276627662e7 
3.594446220646294e7 
3.691172687238692e7 
3.691172687238692e7 
2.658900926705059e6 
2.579178453774243e6 
2.517746954294669e6 
2.8236455971858227e6 
2.2848986869906476e6 
8.233467791305017e6 
2.474782787117043e7 
4.129863657427387e7 
981829.1976031882 
1.5229183195018864e6 
2.4827802297518435e6 
2.0276797980616603e7 
3.953898624070319e7 
4.201521241890998e7 
4.4010230599430494e7 
3.501852089060444e7 
4.551752069261255e7 
1.5296558422090797e7 
3.8505434515062444e7 
4.6409118551354595e7 
4.676740050160585e7 
3.784670515920509e7 
4.7236372718991116e7 
4.732521721548528e7 
4.801883225431424e7 
1.591027234936055e7 
4.6985687594773434e7 
4.822030782960394e7 
2.8571257929982446e7 
4.837192929430651e7 
4.862636668014049e7 
4.895342429059583e7 
4.958148216589961e7 
2.6169353787614524e7 
5.036253550274241e7 
5.0899058394480065e7 
5.246415796873997e7 
7.591066404446532e6 
1.4520141072622014e7 
4.334676108832022e7 
5.294083556298354e7 
5.456985506963693e7 
1.5776728306767398e7 
5.378439381491619e7 
5.48534776304395e7 
1.9448400994631536e7 
5.20874739185666e7 
5.5103132966743365e7 
5.647479786032367e7 
3.377113918261462e7 
5.664133092845035e7 
4.9434249483214214e7 
5.771929451435984e7 
5.958262482634434e7 
1.63934245106253e7 
5.2136496421951294e7 
5.993270618836857e7 
6.011417951133024e7 
6.070210261876593e7 
6.091050586886934e7 
6.307601715752559e7 
4.599289385083353e7 
6.2234650189885154e7 
6.4569107312995516e7 
6.669229081941496e6 
1.1983158467878189e7 
1.4214687229244236e7 
5.5010514931894e7 
6.601163604056895e7 
6.607735467933492e7 
5.4140625973107174e7 
6.744639269524044e7 
6.607682774691335e7 
6.759174498868825e7 
3.1978952517581064e7 
6.746260988965109e7 
6.772738430968787e7 
6.876813422008766e7 
1.6420533041901723e7 
6.429424020993021e7 
6.9161730424727e7 
7.090496779639697e7 
9.569041616965855e6 
1.6426922564518979e7 
6.646074384812467e7 
7.18346052775793e7 
7.253313082411766e7 
1.5941408350700654e7 
6.6051331948184624e7 
7.261342672455053e7 
7.266676418912195e7 
7.307821022067274e7 
1.5195699606967058e7 
6.300412926625005e7 
7.329703083731881e7 
7.33854927694905e7 
7.430700539839445e7 
5.3558989383636884e7 
7.450982682817943e7 
3.1966961676416025e7 
7.599331600897911e7 
7.641585545295884e7 
7.784419964925787e7 
1.4270329631296804e7 
5.547413389576153e7 
7.821727791798931e7 
7.848342416425501e7 
8.03533394058823e7 
8.189646191576245e6 
2.1089481676680814e7 
2.9632979514914423e7 
8.103251819633923e7 
8.166716072126138e7 
8.186162341622263e7 
7.401737097420442e7 
8.361573376346062e7 
8.309327696674226e7 
8.409644816568947e7 
1.597878424441692e7 
7.898365342317027e7 
8.452322623564668e7 
8.669828874946208e7 
5.437414669067603e7 
8.763720006340559e7 
4.511302561542466e7 
8.89316568293719e7 
8.924766959111387e7 
9.164487532374677e7 
1.1784697873647007e8 
2.476550864444832e7 
1.795726655462759e7 
1.15432212105992e8 
1.1868944110147287e8 
1.3686616328371694e7 
1.0184574888803574e8 
1.1937596990395468e8 
1.2178554552649191e8 
7.049944626082933e7 
1.2294131054566042e8 
1.6897709907456994e7 
1.0910308277908185e8 
1.2365742766569795e8 
1.2391221621751481e8 
1.2670720419775805e8 
1.678763411175401e7 
1.0867395434102885e8 
1.2719986190947247e8 
1.2949264191309373e8 
1.6873775222217295e7 
1.1394741909476063e8 
1.2973478796558951e8 
1.2236926199989821e8 
1.2996852734367278e8 
1.1195527396787788e8 
1.303419793704742e8 
1.306976460079791e8 
1.3108426904984549e8 
1.2371444387270495e8 
1.3166293572826423e8 
9.989892004301743e7 
1.3237561671672972e8 
1.3287840837196442e8 
1.3369020624625507e8 
1.3419456597695608e8 
1.3736148804692605e8 
1.496395548581751e8 
3.6153260740687633e6 
9.301945179779463e6 
1.0112027585588392e7 
2.2423891983925402e7 
6.22463947967893e7 
1.5244853269774488e8 
1.5307694857787922e8 
1.5501388567739376e8 
1.3649803357428217e8 
1.557601161816524e8 
1.1908837600879838e8 
1.558941621644177e8 
1.5595016934565553e8 
1.565263054594429e8 
1.5669362269994652e8 
1.57708110304585e8 
1.639969445983791e8 
4.259878494204797e6 
6.890924754811224e6 
2.4538916445359472e7 
2.4484441449891094e7 
1.6159871663652936e8 
1.660342399201832e8 
1.642436112745674e8 
1.6671982809610668e8 
1.6674467432253343e8 
1.1775389912883596e8 
1.6766445329278237e8 
1.6770267886059126e8 
1.6805417890196782e8 
1.509685620577854e8 
1.6829393766524065e8 
1.5620056650615832e7 
1.682939376652288e8 
4.067747730598565e6 
4.0540670271475194e6 
3.9750864798840703e6 
1.109581096709739e7 
1.0861322359644122e7 
1.3825672378315309e7 
3.801549736524791e7 
1.4542540848793231e7 
1.4898855937305135e8 
1.6853876372412404e8 
1.683794349432166e8 
1.6874178470500052e8 
1.6960226520253494e8 
4.482966238987219e7 
1.671339141762941e8 
1.698281284427e8 
1.5738309764066675e8 
1.701262354141225e8 
1.7022781771610054e8 
1.7075701541869465e8 
1.7093834531826058e8 
1.7296801598863795e8 
2.972943487989534e7 
1.695664306842598e8 
1.7364163471075493e8 
1.606646939192617e7 
1.6735989494316018e8 
1.7423152626587662e8 
1.7788025771490246e8 
1.1504754199428905e7 
1.4814499348644894e8 
1.785365968834616e8 
1.5375320885443762e8 
1.7918479074227837e8 
1.603283889381526e8 
1.8030721002079162e8 
7.097227615867145e7 
1.8079520592103192e8 
1.818654654515525e8 
1.8249081932397586e8 
1.8444274234455472e8 
1.4166239768055785e7 
8.963285938465133e7 
1.8473837800337547e8 
1.853035270794218e8 
1.8636525712765768e8 
1.2324797142956173e7 
1.5899451004064083e8 
1.8671040877957082e8 
1.868586647666231e8 
1.8840234577431422e8 
1.694489366276834e7 
1.725512312897458e8 
1.8866789724659225e8 
1.8660673684341434e8 
1.8909257416947794e8 
6.134787985972887e7 
1.875555580170689e8 
1.895059351466238e8 
1.9088685248173836e8 
4.172986940434207e7 
1.706585103416267e8 
1.9103885824423254e8 
1.9113837896531165e8 
1.9162615047983176e8 
1.0994989572078308e7 
1.0828857641410737e8 
1.915571540771006e8 
1.9192210885181162e8 
1.9231375171616766e8 
1.481152608758595e8 
1.924323274351995e8 
1.9260259690449175e8 
1.9322682058612314e8 
1.9465714369128796e8 
1.2083043010606442e7 
1.4559541240676507e8 
1.948754156222411e8 
1.951960995760202e8 
1.961558981838585e8 
9.764659402688975e6 
6.617132098068828e7 
1.953062774951597e8 
1.968043941025646e8 
1.9710482986659905e8 
1.9189177501481616e8 
1.9767294366902924e8 
1.978543616792742e8 
1.89665962194702e8 
1.9852403853965524e8 
1.9961583356520784e8 
1.7881997234441444e8 
1.9785662522600394e8 
1.998892195700111e8 
8.987132919211765e7 
1.9871004071767724e8 
2.0015216648466796e8 
2.012953327031437e8 
2.018403995746712e8 
2.6600195349559594e7 
1.8810753641611058e8 
2.052313800669423e8 
2.0540095051644218e8 
2.0546846794384697e8 
2.01803543933422e8 
2.0589208055571285e8 
2.060963330735872e8 
1.4082195137987512e8 
2.0486376794952983e8 
2.0618185621344164e8 
2.062260880504144e8 
2.0662905920362353e8 
2.877340511098846e7 
2.0156603613217503e8 
2.0673384561992058e8 
2.072302686234617e8 
1.2843654390785962e8 
2.0689575248743388e8 
2.0740665471275294e8 
2.0497185419846946e8 
2.0767207589651036e8 
1.302504062898247e8 
2.0741459901725397e8 
2.0798032213155544e8 
2.0895962170713854e8 
6.460319211866849e7 
1.9140813503170982e8 
2.0922526213543165e8 
2.093020369703281e8 
2.0983796913295412e8 
1.6082301798318474e7 
1.979232109483678e8 
2.099962921292748e8 
2.1007373307216603e8 
2.1026023265493158e8 
2.0729216724945027e8 
2.1074221095272425e8 
2.1116833850470936e8 
1.9107747514299694e8 
2.1154814131104544e8 
2.1203711545404795e8 
1.3844992702159509e7 
1.934206112303582e8 
2.1223063213260078e8 
2.123064125807449e8 
2.1292190110486883e8 
3.656907651971639e7 
2.069698096701001e8 
2.1310354392819148e8 
2.1410461191065687e8 
4.870039253465438e7 
1.9948903114542603e8 
2.1432554481327564e8 
2.1452089584307382e8 
1.624863491300581e8 
2.151996269716649e8 
2.1539580581385794e8 
2.1450493505552906e8 
2.1552256070074424e8 
2.1091128276090676e8 
2.1567283321577224e8 
2.1457003684972364e8 
2.1604201463372123e8 
1.3596957856134313e8 
2.1577801586193526e8 
2.1634364360855764e8 
2.171740103714129e8 
1.211279268024192e8 
2.160577806829361e8 
2.1726222493019158e8 
2.1421006209898236e8 
2.174209253913867e8 
2.174100418432158e8 
2.1756119130299753e8 
2.1841377473313424e8 
2.0459680263987187e8 
2.1843969263632885e8 
1.9743910959676707e8 
2.195944336126984e8 
2.1986882954862127e8 
1.7180123968389988e8 
2.2022295745716906e8 
2.203529510776872e8 
2.2038795024997976e8 
2.1858330606461978e8 
2.2078512602952883e8 
2.2130144545603254e8 
3.607217603641131e7 
2.1343801375834778e8 
2.214075450392585e8 
2.214717026852213e8 
2.217832666118681e8 
2.1072976542232192e8 
2.2211450145088577e8 
2.226011133679689e8 
9.454113205764069e7 
2.2026190654598665e8 
2.2270290192800134e8 
2.2313628587457556e8 
2.2313628587457556e8 
9.757930016912993e6 
9.87303873371226e6 
1.0093574596365431e7 
1.0338897078480203e7 
1.0570658785491072e7 
1.2308537304168494e7 
2.3897919364416074e7 
1.5410356630367777e8 
2.2220045679854912e8 
2.2333396047303104e8 
7.726441687622058e7 
2.198433451572549e8 
2.2346364808613455e8 
2.237306709255833e8 
6.681421504976483e7 
2.2054633812748355e8 
2.2375687656302774e8 
2.2378240417042685e8 
2.2390613430684596e8 
2.2012198834988344e8 
2.2403500800511324e8 
2.242422736052732e8 
1.1649667352612486e7 
1.8264133124312177e8 
2.2430771529329583e8 
2.24452086863755e8 
2.2450307122714797e8 
2.2475472119256586e8 
1.395561315379742e8 
2.2343454484215114e8 
2.248156875928014e8 
2.181300832724801e8 
2.2487482501379663e8 
2.249328623447626e8 
2.2500592869775495e8 
2.2421153780753213e8 
2.2508925081477648e8 
1.2816620833872657e8 
2.2429729768705365e8 
2.25169069997545e8 
2.2553031379062283e8 
2.0743617668074676e8 
2.2564060190335643e8 
2.23390311213429e8 
2.2589066073091465e8 
2.264962091196147e8 
2.157995833600072e8 
2.2692985852676356e8 
5.759646675682777e7 
2.2651078982421216e8 
2.27887385532699e8 
2.275000414877854e8 
2.2801981049758333e8 
1.5491072130590495e8 
2.2750703957522142e8 
2.2811217166276118e8 
2.2864803362069333e8 
1.0398702212284946e8 
2.26538810604985e8 
2.2873836638933295e8 
2.2387461083619997e8 
2.2882400867325625e8 
2.2745021676990065e8 
2.2897747965129182e8 
1.36771459172653e8 
2.2854138058371687e8 
2.2914536986927924e8 
2.2954349681710926e8 
7.33115924894624e7 
2.264055391686385e8 
2.295856247343355e8 
2.298334915656492e8 
1.1269461755026788e8 
2.2873599668188378e8 
2.2996565059984595e8 
2.3060830568123075e8 
9.994801202489431e7 
2.2853733408987507e8 
2.3070370561158842e8 
2.2105281049304384e8 
2.3078615579360673e8 
2.308731355420418e8 
2.3097301167523113e8 
2.3069410450427505e8 
2.311218508708548e8 
6.4734327054053836e7 
2.2864375493922088e8 
2.3125272717339736e8 
2.316550786313736e8 
1.7027576713044533e8 
2.3132971979829517e8 
2.317537245564759e8 
2.3140959399359637e8 
2.319654567462486e8 
6.526520494776994e7 
2.2873184240313542e8 
2.321913330210202e8 
2.3239963579386744e8 
1.2906505644079288e7 
2.1206910716439953e8 
2.3246860650670338e8 
2.3251902735842386e8 
2.326476857399059e8 
2.3315292608100346e8 
4.2478192668889455e7 
2.3175038537142083e8 
2.340736513919194e8 
2.3391412153897703e8 
2.342099810087286e8 
2.169577477838772e8 
2.343126992355797e8 
2.3445420509792715e8 
2.3460402210933563e8 
2.3459032992550823e8 
2.348257788074446e8 
6.243909549786145e7 
2.3139469131211394e8 
2.3500021574363023e8 
2.3544869730390045e8 
1.4182837671886957e8 
2.345438968131093e8 
2.355128896637991e8 
2.3592131822767562e8 
1.5508560693916926e7 
2.206826447192421e8 
2.3622078115999597e8 
2.3638653819798684e8 
2.269135140861645e8 
2.3664981564248705e8 
2.368542363660787e8 
4.018645361393942e7 
2.294843307251774e8 
2.3692001305318022e8 
2.3695221689634678e8 
2.371880487223779e8 
1.5607114142717338e8 
2.361537706477215e8 
2.3728223730326298e8 
2.3547721520504937e8 
2.3741003124083367e8 
2.2920755892169696e8 
2.3754303596183267e8 
2.3766296809361085e8 
2.378158737023094e8 
2.3497417410065043e8 
2.379495120041096e8 
2.1587308282744604e8 
2.3794887156781158e8 
2.3806645864168987e8 
2.3860211598278522e8 
3.996851199981015e7 
2.2596442858712313e8 
2.3884338605667636e8 
2.3889761098038304e8 
2.3931575700895524e8 
2.4236176280755916e8 
1.1542436444200769e7 
1.3174829460336167e7 
1.7797253750207603e8 
2.4296484921879682e8 
2.431758520850113e8 
2.4140071873461258e8 
2.433354066600326e8 
2.2646931057233146e8 
2.433981161495184e8 
2.4351415725135332e8 
2.435860563285119e8 
2.4390264164536056e8 
6.345550065803857e7 
2.395589742943241e8 
2.4394769050859085e8 
2.4397683324673656e8 
2.4412394065346736e8 
2.3967059785202724e8 
2.442622899938454e8 
2.4454673809232596e8 
7.653296955493514e7 
2.406084297861453e8 
2.4464689898329e8 
2.4502208279095203e8 
2.6694218181385312e7 
2.2644787541575983e8 
2.4514814741228616e8 
2.4521879792434663e8 
2.456600450275164e8 
8.63326382649547e7 
2.4244503912051934e8 
2.4572417319079852e8 
2.457888900079475e8 
2.248443590188772e8 
2.4645829911986792e8 
2.4655211692030996e8 
2.4181152067634374e8 
2.4692282197544765e8 
2.47427571524839e8 
4.121795141556488e7 
2.3031289042996088e8 
2.4753034675061572e8 
2.4762734492763394e8 
2.4762734492763394e8 
5.304365164322439e6 
5.444017522297971e6 
6.117430541113093e6 
8.940846181434413e6 
1.4182153075175917e7 
4.136087863627999e7 
2.1808785848785716e8 
2.3929116716559595e8 
2.47882067781064e8 
7.438589597205275e7 
2.4624571242290667e8 
2.4851190920926133e8 
2.485767935797469e8 
2.404981265916204e8 
2.4879985316688082e8 
2.4900470109964213e8 
2.328986391953546e8 
2.490258349736418e8 
2.4898810836382374e8 
2.4918513625263777e8 
2.4952101523082814e8 
6.5630131710619815e7 
2.4289742916841465e8 
2.4960259776338765e8 
2.4965052114720705e8 
2.5006216942628422e8 
1.1390540299130796e7 
1.94482013866e8 
2.4999923825367188e8 
2.5022691744652066e8 
2.503252582094127e8 
2.4752659901336366e8 
2.5054358220782882e8 
2.505763059438099e8 
2.4711404448584604e8 
2.507992088936158e8 
2.5106646163813296e8 
8.18545581133865e7 
2.441545018729936e8 
2.5112580592432767e8 
2.511729250467667e8 
2.5132248245842874e8 
2.245149886969801e8 
2.5163852461918387e8 
2.5167011773477453e8 
2.520151847256338e8 
2.4387185472877383e8 
2.523554663787456e8 
1.2462284367124187e7 
1.3376597509738211e8 
2.5136406765579176e8 
2.5264787856973538e8 
2.5243836632426518e8 
2.526835329040358e8 
2.4409076381972465e8 
2.5265766328540662e8 
2.526970188045352e8 
2.527853542387217e8 
2.3975773221165445e8 
2.5281094675905606e8 
2.528707311083402e8 
2.5298458524970633e8 
2.5319102364271188e8 
2.310364174498896e8 
2.5340672272449344e8 
2.5344631057658157e8 
2.5382034463700718e8 
2.571521337389591e8 
4.7070747297002515e6 
1.3220412863401078e7 
4.5617616289754175e7 
2.5419442482619873e8 
2.5799586748215193e8 
2.581408138780406e8 
5.938999775870763e7 
2.528746360945012e8 
2.5817492418572974e8 
2.581899425928993e8 
2.5826106814321017e8 
2.4818052536432636e8 
2.5827306894998252e8 
2.580716536895486e8 
2.583626215714096e8 
2.5852479233776417e8 
1.603278379849345e8 
2.5748336851668888e8 
2.585920277025418e8 
2.5813272018259758e8 
2.5868587440115544e8 
1.8984779874879894e8 
2.582668083796441e8 
2.587709776092635e8 
2.5906477826667118e8 
6.881592908496761e7 
2.503914314873695e8 
2.5912176313867363e8 
2.5915213494267538e8 
2.5936923461200404e8 
4.673449181555216e7 
2.5138108198439187e8 
2.5939446244301265e8 
2.5943911431523702e8 
2.594533015220014e8 
2.5833861735090008e8 
2.5967842152609265e8 
2.5992664029983482e8 
1.3774254326551542e8 
2.5848290369731176e8 
2.5999971675629914e8 
2.582950723712785e8 
2.6008360956569967e8 
2.1747184919564065e8 
2.5995381835933128e8 
2.601625323653145e8 
2.6044221017835483e8 
9.606993014151426e7 
2.5088112621680516e8 
2.6052479431173113e8 
2.605466245678664e8 
2.607350470351548e8 
2.1036868708475676e8 
2.6039683648406833e8 
2.6077618382683584e8 
2.521634134319897e8 
2.608135357639508e8 
2.6087664224758956e8 
2.6091993488104427e8 
2.6127564090240753e8 
1.9750312577370045e8 
2.6006245309596935e8 
2.613417778857866e8 
2.5899602332764044e8 
2.614184461564751e8 
2.5283614742955497e8 
2.6149340434915718e8 
2.6156691040688717e8 
2.6121563807604638e8 
2.6167893553543922e8 
1.2670704112806791e8 
2.6037043977363494e8 
2.6179025937034315e8 
2.620091400070792e8 
6.406449985189209e7 
2.5783207986112896e8 
2.6206659059903985e8 
2.6224259757455882e8 
2.632131435975225e8 
2.157075043902965e7 
1.9073785632093348e7 
2.4792018098775086e8 
2.639074776758503e8 
2.639061635999624e8 
2.6399551140539917e8 
2.3503817926769418e8 
2.638893646292477e8 
2.6403483923727947e8 
2.6423627855653298e8 
2.6275736510974744e8 
2.6449209836894292e8 
6.077070428659351e7 
2.5879264379833832e8 
2.6455849621708182e8 
2.645904159412925e8 
2.6475075991765532e8 
2.5316781829971254e8 
2.6491383138516414e8 
2.651791135909761e8 
6.623306244476028e7 
2.6035115781796974e8 
2.652412255371004e8 
2.6528010023364186e8 
2.6547550293609342e8 
2.4614546713237846e8 
2.657006113055504e8 
2.6573501973431435e8 
2.659822763376751e8 
2.2153061116294912e8 
2.656176706768841e8 
2.6603765678028762e8 
2.537304444244221e8 
2.66065501985719e8 
2.6614710018256354e8 
2.661915290426714e8 
2.66469793714333e8 
2.4824546182500318e8 
2.658931013801634e8 
2.6651209700749466e8 
2.5194443424206027e8 
2.6649438212268445e8 
2.6654701776205662e8 
2.6670027375071615e8 
1.0706938600766197e8 
2.6394681468307817e8 
2.6679125179553464e8 
2.6694873131922427e8 
2.0513056815902343e8 
2.6645526202231804e8 
2.6697256385174972e8 
2.6714084908084536e8 
2.6714084908084536e8 
1.3959985939156753e6 
1.2709564511090892e6 
1.1399540205637289e6 
992030.5261812771 
999189.8724608985 
1.463517641634781e6 
1.0803884498555567e7 
1.6060382602403356e7 
2.4480537030597594e8 
2.6708319164364156e8 
2.6718562698587596e8 
2.6730764197633168e8 
2.6747811618691978e8 
1.1495358654512592e7 
2.306555991225701e8 
2.6784382672437015e8 
2.679295134823726e8 
2.6783602382434717e8 
2.6802523543435287e8 
2.6822807204196903e8 
2.4087962143283793e8 
2.678604712672752e8 
2.6824251083821222e8 
2.6446446888042593e8 
2.6824581088864475e8 
2.6826880063693318e8 
2.682861167411725e8 
2.6837706891715476e8 
2.6044571701993343e8 
2.6839425838314068e8 
2.6657229587203434e8 
2.6850713288393694e8 
2.686064450501434e8 
4.698463125924887e7 
2.5782417938858137e8 
2.686774925285165e8 
2.6871020369707125e8 
2.688106803080571e8 
1.3339922154362808e8 
2.6703534852141625e8 
2.6887974340370935e8 
2.6906616981507987e8 
2.3203802667903686e8 
2.688161821049711e8 
2.6910332721684575e8 
2.690881377219263e8 
2.692214229443848e8 
1.7204832075320745e8 
2.6837712756362683e8 
2.693535030027303e8 
2.6980066047202694e8 
2.118150752712142e8 
2.6703365520449874e8 
2.6987430060050845e8 
2.698929941468878e8 
2.699461968113309e8 
2.699809483463844e8 
2.7012882705312127e8 
2.542375634675766e8 
2.67520806913971e8 
2.701814110266558e8 
2.702109437985522e8 
2.7044200643804073e8 
2.454283645003418e8 
2.6715014416104615e8 
2.7051009796801287e8 
2.7060380354062647e8 
2.708809023514995e8 
2.5795217294794935e8 
2.711286966528921e8 
2.711620634831026e8 
2.7124904143642443e8 
2.712707981110755e8 
2.714957998334988e8 
1.9743706657339045e8 
2.685486308136677e8 
2.7152888384217113e8 
2.7156067938840204e8 
2.706410953813567e8 
2.7159986782347274e8 
2.4755622933950433e8 
2.715286218634672e8 
2.716382498205905e8 
2.718764895372906e8 
2.5058301033041748e8 
2.718424320380614e8 
2.7193802511817247e8 
2.4151467242998588e8 
2.7167644048442894e8 
2.719918937148774e8 
2.722456842035231e8 
2.711991576437426e8 
2.72425316960503e8 
2.0536351278300217e8 
2.724662469991193e8 
2.727148355140374e8 
2.728969275564489e8 
1.600005027324239e8 
2.7161755170804155e8 
2.729288092026434e8 
2.731358378771746e8 
5.143199944750653e7 
2.671909568026044e8 
2.732213661628647e8 
2.7334375944667524e8 
1.3767332333144155e8 
2.7121322630488175e8 
2.733649139074433e8 
2.73375407057043e8 
2.7346181107239455e8 
2.4996044151478904e8 
2.733242051791575e8 
2.734949307813329e8 
2.7156796927608526e8 
2.735356069426931e8 
2.722581293348452e8 
2.735993946570135e8 
2.7361855903869504e8 
2.7372610485857844e8 
2.73760951182439e8 
2.7405048760415167e8 
1.6223770425974295e8 
2.713328862245608e8 
2.741062096665167e8 
2.741351483955874e8 
2.6269983772087544e8 
2.7446794455383307e8 
2.742636541331191e8 
2.745462122202762e8 
2.7253705164528644e8 
2.745792723952678e8 
2.6767788660878724e8 
2.7461799817613435e8 
2.7466646917227983e8 
2.7470761585972905e8 
2.748468836741684e8 
2.652777986854951e8 
2.7499268190567476e8 
2.75280654556526e8 
1.401646014819841e8 
2.726152843424226e8 
2.753252575849655e8 
2.7553105658262956e8 
2.763114928759183e7 
2.602114671755853e8 
2.756536084947007e8 
2.756969264870776e8 
2.757591866661989e8 
2.7233062891260934e8 
2.758572230363061e8 
2.759709807334675e8 
2.7324984611542875e8 
2.760273010375528e8 
2.6473606579598886e8 
2.7617568380110914e8 
2.763181569462987e8 
2.5983011086871353e8 
2.763000216210058e8 
2.763696922320419e8 
2.4703344340049762e8 
2.76170656897904e8 
2.764107903388128e8 
2.7639566433548623e8 
2.764737342033379e8 
2.3776818833011785e8 
2.762023958272234e8 
2.7652930761353666e8 
2.76560634632439e8 
2.7172647252353823e8 
2.7677609927995163e8 
2.769268621474444e8 
2.2124226354771757e8 
2.758849917217811e8 
2.769527230704458e8 
2.770971264959572e8 
1.5416249278014335e8 
2.746657966350073e8 
2.771525798830798e8 
2.771764282886495e8 
2.773109322208068e8 
6.102885492057923e7 
2.712228680223157e8 
2.773378426519148e8 
2.773636787967652e8 
2.7747554427291113e8 
2.441393351637715e8 
2.7708767504805374e8 
2.7751302837796444e8 
2.7755282749630225e8 
2.7772736506071436e8 
5.0951087902583025e7 
2.711506182161532e8 
2.777996357394247e8 
2.778252496873348e8 
2.7795627887080437e8 
1.1030105014711389e8 
2.7542609206515425e8 
2.7803163873387563e8 
2.7819062288315177e8 
