18574.425646996187 
23709.09356653175 
27448.778405911115 
33618.71031511335 
32242.219973786978 
32152.625484895456 
33183.35618932787 
33483.982323717246 
33571.25526194677 
33600.82859122526 
33611.77223672697 
33615.98589986391 
33617.63534776225 
33618.285355106804 
33618.54219084997 
33618.64378116801 
33618.68398165722 
33618.69989211033 
33618.706189524186 
33618.7086821281 
33618.709668745796 
33618.710059267854 
33618.71021384637 
33618.71027503033 
33618.710299247345 
33618.71030883489 
33618.71031263019 
33618.71031413036 
33618.710314724616 
33618.71031496082 
33618.71031505311 
33618.71031509078 
33618.710315104814 
33618.71031511102 
33618.710315111544 
33618.710315111515 
33618.71031511253 
33618.71031511346 
33618.710315105636 
33618.710315109754 
33618.710315110766 
33618.71031511188 
33618.710315110875 
33618.710315113116 
33618.710315112374 
33618.71031511266 
33618.71031511368 
33730.731466426296 
38249.433587520754 
39022.59457955372 
66771.21576467338 
55533.28262988957 
78190.12995410478 
95348.73320839672 
87836.1839519286 
94600.82218416285 
97196.20504445919 
92674.27155523979 
95380.43084530567 
96582.2915618424 
97000.54478691875 
97135.0105073445 
97177.17835689451 
97190.30006993016 
97194.37346425526 
97195.63703278566 
97196.02890168781 
97196.15042278863 
97196.18810643593 
97196.19979203261 
97196.20341570585 
97196.20453937683 
97196.20488784555 
97196.20499589112 
97196.2050294084 
97196.20503977564 
97196.20504301123 
97196.2050440077 
97196.20504431802 
97196.2050444227 
97196.20504445276 
97196.2050444526 
97196.20504445858 
97196.2050444656 
97196.20504445436 
97196.20504446067 
97196.20504446494 
97196.2050444612 
97196.20504446198 
97196.20504445556 
97196.2050444656 
152652.454758293 
89008.33349622207 
61736.91910943345 
85704.15031561497 
296889.7581563619 
952051.7406572158 
177795.18742784022 
493421.83933999494 
981145.3043843573 
933099.1941297632 
967315.3192034515 
975897.3304369043 
979078.6738863101 
980328.4094159129 
980822.133688075 
981017.4159810459 
981094.6888593847 
981125.2708452096 
981137.3749884099 
981142.1658570397 
981144.0621227941 
981144.8126837168 
981145.1097638833 
981145.2273514145 
981145.2738937676 
981145.2923158598 
981145.2996076146 
981145.3024936387 
981145.3036362232 
981145.3040880265 
981145.304266966 
981145.3043377824 
981145.3043660104 
981145.304377165 
981145.3043814235 
981145.3043832366 
981145.3043839885 
981145.3043841111 
981145.3043842359 
981145.3043843164 
981145.3043844023 
981145.3043843298 
981145.3043844093 
981145.3043843599 
981145.3043844573 
1.4004027398598932e6 
97736.2836875987 
289924.4499389495 
76083.8587854335 
200259.70103191148 
1.2363174286826851e6 
2.250259381023692e6 
307282.987406876 
865860.606328987 
2.01753852868346e6 
2.2532341521457583e6 
2.226418859441877e6 
2.24414133004238e6 
2.2499047042746013e6 
2.2519776380462614e6 
2.252754364439423e6 
2.2530499811408976e6 
2.253163331855325e6 
2.2532068995707585e6 
2.253223662195162e6 
2.2532301139867892e6 
2.2532325975756436e6 
2.253233553673437e6 
2.253233921747456e6 
2.253234063447185e6 
2.2532341179986084e6 
2.2532341389997825e6 
2.2532341470847647e6 
2.2532341501969374e6 
2.2532341513956175e6 
2.253234151856874e6 
2.253234152034371e6 
2.253234152102887e6 
2.2532341521292026e6 
2.2532341521394174e6 
2.2532341521432465e6 
2.2532341521449033e6 
2.2532341521453103e6 
2.2532341521455445e6 
2.253234152145304e6 
2.253234152145625e6 
2.2532341521455953e6 
2.2532341521458416e6 
2.2532341521455245e6 
2.253234152145573e6 
2.2532341521456526e6 
2.2532341521458416e6 
3.0442718335803472e6 
105596.71116381181 
119806.50490587554 
239956.5237540776 
697538.7549865954 
2.1807465959715396e6 
2.921500716775704e6 
2.991699161811003e6 
3.039017451895398e6 
3.052087011210022e6 
3.0546878368472103e6 
3.0560227126492723e6 
3.056756939968843e6 
3.057122883040808e6 
3.057301776550453e6 
3.0573891514268825e6 
3.0574318953726427e6 
3.0574528321973127e6 
3.057463094960545e6 
3.0574681274737217e6 
3.057470595729856e6 
3.057471806433142e6 
3.0574724003226296e6 
3.0574726916525853e6 
3.057472834564384e6 
3.057472904670465e6 
3.057472939061647e6 
3.0574729559317683e6 
3.0574729642076376e6 
3.0574729682678287e6 
3.0574729702593046e6 
3.0574729712362625e6 
3.057472971715569e6 
3.057472971950501e6 
3.0574729720659927e6 
3.057472972122665e6 
3.0574729721501973e6 
3.0574729721643925e6 
3.0574729721705588e6 
3.057472972173854e6 
3.057472972175665e6 
3.0574729721765057e6 
3.057472972176566e6 
3.0574729721771963e6 
3.0574729721770836e6 
3.057472972176898e6 
3.057472972177348e6 
3.057472972177535e6 
3.0574729721772573e6 
3.0574729721773337e6 
3.0574729721769504e6 
3.0574729721772894e6 
3.0574729721773537e6 
3.057472972177399e6 
3.057472972177535e6 
4.070048422625134e6 
80135.5979479287 
70671.65899840911 
83919.20856148541 
198704.74811893262 
843779.0807419566 
3.2987670245955e6 
4.646125952826112e6 
4.568302513736901e6 
4.745902847801177e6 
4.847416085067559e6 
4.86340046853702e6 
4.791136515166394e6 
4.8244081803056905e6 
4.921355159553937e6 
4.936381144060648e6 
4.946584360453386e6 
4.9546567674923325e6 
4.962026696647127e6 
5.014639283194622e6 
5.077008920247463e6 
5.069267446154954e6 
5.11983590556711e6 
5.134529683240672e6 
5.210940718717057e6 
4.933329142341086e6 
4.807854039094505e6 
5.09680630131897e6 
5.2220373279789165e6 
5.220950599194817e6 
5.225640695360801e6 
5.2274951653821245e6 
5.246780669325737e6 
5.025165353545529e6 
5.223119491589079e6 
5.2593571956142485e6 
5.268115689017697e6 
5.2756045494900895e6 
5.285022252576613e6 
5.336192816631453e6 
5.363499522499932e6 
5.377411202913396e6 
5.1125240583361685e6 
5.383205293646324e6 
5.390371333279192e6 
5.39954665793221e6 
5.414123667801942e6 
5.398883774981334e6 
5.414157840161448e6 
5.415938383111752e6 
5.417302841196494e6 
5.418533874282677e6 
5.424367328408712e6 
5.440642295401228e6 
5.18268723719705e6 
5.4323536197710475e6 
5.438855682410084e6 
5.44014368156614e6 
5.440493133050148e6 
5.4405967776199635e6 
5.440628315013704e6 
5.440637992809219e6 
5.440640970420037e6 
5.440641887295544e6 
5.440642169693629e6 
5.440642256679254e6 
5.440642283474179e6 
5.440642291726994e6 
5.440642294269546e6 
5.440642295052666e6 
5.440642295293427e6 
5.44064229536839e6 
5.440642295391015e6 
5.440642295398225e6 
5.440642295400718e6 
5.44064229540108e6 
5.440642295400042e6 
5.4406422954013245e6 
6.658861862134177e6 
128327.77234271732 
224101.73863342198 
442909.2087612016 
1.3078565466548668e6 
3.0268924971721116e6 
5.156046454735935e6 
6.631216586992039e6 
6.724273762491183e6 
5.818708330439847e6 
5.994286120484049e6 
6.5624188634490855e6 
6.7647079240275845e6 
6.782478833637751e6 
6.887464374874354e6 
4.811299114934749e6 
5.680736140168324e6 
6.556815917731419e6 
6.915503004526384e6 
6.856465563198116e6 
6.93834534739544e6 
6.853347379761706e6 
6.9611678423722815e6 
6.983368891760548e6 
6.257437965097837e6 
7.020322395823567e6 
7.0538438502309965e6 
7.059197969544833e6 
7.1132549198311465e6 
6.345363603051999e6 
6.707279642072535e6 
7.10664182535156e6 
7.123232175049527e6 
6.706427193726048e6 
7.132464236075652e6 
7.115429487610306e6 
7.150382809696593e6 
7.138407339923138e6 
7.165462609626399e6 
7.081074058299621e6 
7.179952234624074e6 
7.110841585573967e6 
7.191611321830456e6 
7.152862739129011e6 
7.202635972168512e6 
7.19141669028731e6 
7.216713363592269e6 
7.072068627604959e6 
7.231384244360243e6 
7.235836705818751e6 
7.28612326522272e6 
6.6342941327316435e6 
7.1548607659516e6 
7.104348085877598e6 
7.284775853577842e6 
7.292556886946791e6 
7.256501414103417e6 
7.305135049591286e6 
7.244720819652835e6 
7.317506442250273e6 
7.345998099691633e6 
6.935581705210205e6 
7.304636733646188e6 
7.383593594672443e6 
7.438545672982727e6 
4.940273775088125e6 
6.219608800112144e6 
7.402105451891264e6 
7.4509953496995e6 
7.460573385407902e6 
7.0756522624917785e6 
7.465420110612547e6 
7.525756889836631e6 
7.488445881367625e6 
7.536660694993328e6 
7.211380590876265e6 
7.514307726989525e6 
7.5509931014991505e6 
7.175219338894272e6 
7.567129134652898e6 
7.393522246795646e6 
7.590883150518128e6 
7.513616430706551e6 
7.6015265310092075e6 
7.575216894043993e6 
7.612990119807568e6 
7.641173449892759e6 
7.0682084081903035e6 
7.602069953745899e6 
7.671470206387803e6 
7.684983968262101e6 
7.452229994431515e6 
7.712756073089754e6 
7.725672561877844e6 
7.730570926161333e6 
7.770310744583824e6 
6.696524489917841e6 
7.152058988654561e6 
7.75487444577338e6 
7.778062414583802e6 
7.794905579082157e6 
7.4309380282220505e6 
7.81107834018977e6 
7.834867954760509e6 
7.860596875140494e6 
6.693147147689822e6 
6.637739047637449e6 
7.862457730709974e6 
7.89050261847146e6 
7.910970929609753e6 
7.8467999429552145e6 
7.932986449622475e6 
7.178061245037816e6 
7.574370860910521e6 
7.954011628138754e6 
7.971997582344386e6 
7.87676468198952e6 
7.996431947392317e6 
7.962030024436022e6 
8.023082162965636e6 
8.034840059854404e6 
8.113722656299749e6 
4.1549668239448583e6 
5.9775695904913e6 
7.610373858773039e6 
8.112720823410485e6 
8.144047460466066e6 
8.177283214680828e6 
6.6999123524971865e6 
7.458735136819072e6 
8.174127819718658e6 
8.199937835051511e6 
8.266282751597546e6 
6.153884867589032e6 
6.934234629566897e6 
7.581824081779812e6 
8.028619366044365e6 
8.308906694786888e6 
8.319440754230743e6 
8.26048922782664e6 
8.3369239869127e6 
7.686565492052807e6 
8.049723498049246e6 
8.3427178279590495e6 
8.363828938038751e6 
8.371190231124579e6 
8.456940204273291e6 
7.42811628182239e6 
8.41130465555937e6 
8.521349168852624e6 
6.329582500848321e6 
7.422422630062836e6 
8.314346398338241e6 
8.55401765606971e6 
8.570907805143004e6 
8.638407372962194e6 
6.325788586982706e6 
7.09520694302806e6 
7.787336609963799e6 
8.580469928722376e6 
8.68997736891659e6 
8.733348781977577e6 
8.219164721098625e6 
8.756767746660573e6 
8.780982177903235e6 
8.830465038202295e6 
7.659702665947467e6 
8.724110589003108e6 
8.854635043563172e6 
7.851916471631744e6 
8.134519346457246e6 
8.861981234345306e6 
8.895004775923934e6 
8.905995159821104e6 
8.974281482343774e6 
7.094617099618198e6 
7.205237619258808e6 
7.775836509899892e6 
8.72461965791774e6 
9.033992422966402e6 
9.118400039589748e6 
8.181076606552746e6 
9.073144009082323e6 
9.139168040334584e6 
7.77916888258292e6 
8.85344363153251e6 
9.159299338477038e6 
9.175198672894273e6 
9.32162622279228e6 
1.093434680262695e7 
4.003349401304752e6 
6.32368152113372e6 
7.468459174432897e6 
7.467669218960515e6 
7.840305592342861e6 
1.0312966850308439e7 
1.1044241871837197e7 
1.1097535921358205e7 
1.11691267751554e7 
9.57019478497081e6 
1.11691267751554e7 
1.4575111027508636e6 
1.3090689918301164e6 
845362.8457356361 
429487.31791725854 
1.6614637599894158e6 
3.274197331988683e6 
5.468246650657254e6 
8.134457749509083e6 
8.362118792064092e6 
1.0461429204706557e7 
1.1367565582979403e7 
1.1505306490966322e7 
7.891422464767831e6 
9.766978742742011e6 
1.1525553409616733e7 
1.156720935076338e7 
1.1585952628221484e7 
1.174659919839441e7 
7.7263238427275885e6 
7.999917689500259e6 
9.645764266105201e6 
1.178453498355443e7 
1.1831579899148574e7 
1.1840955896050658e7 
1.0830466481655981e7 
1.1990574774273926e7 
1.2162797599325528e7 
8.44788950347572e6 
1.2042027083929718e7 
1.222860390276438e7 
8.283105207452504e6 
8.684084710295955e6 
1.1858172287658652e7 
1.2284786382133296e7 
1.2321217974430906e7 
1.1201113909333572e7 
1.2408368972262813e7 
1.2429515938264677e7 
1.2494011010692427e7 
8.03632532884983e6 
8.760213426445266e6 
1.2403733301786942e7 
1.2527229316056918e7 
1.2627935679385047e7 
8.281694415368544e6 
1.2524536611918172e7 
1.2655489350945434e7 
1.1825298981717762e7 
1.2642124791785862e7 
1.267255527946556e7 
1.2680262195933051e7 
1.270265997199195e7 
1.2715557586076451e7 
1.2778911092226103e7 
9.258072348168219e6 
1.146410799508505e7 
1.2368353916449415e7 
1.279307805358516e7 
1.281102870938511e7 
1.2869683946249403e7 
1.0833328150507247e7 
1.2436463600172395e7 
1.2884292156459572e7 
1.2407471606572561e7 
1.2903392312139863e7 
1.2911186759464862e7 
1.295243704990721e7 
1.2964000649670167e7 
1.3075412116056634e7 
1.2033166954721773e7 
1.2387778884963425e7 
1.3105086415749207e7 
1.3059626620172894e7 
1.3181920853985664e7 
1.3286558415439872e7 
1.2285542502201807e7 
1.3396249212952552e7 
1.3495533702462275e7 
1.3582568690802671e7 
1.0496799627787795e7 
1.3363394515530117e7 
1.3794345270075252e7 
1.3818218377466729e7 
1.3964178360835342e7 
1.194958540281301e7 
1.3700719408875667e7 
1.4051812822928544e7 
8.267251254011997e6 
1.3863322888372727e7 
1.4120964154826047e7 
8.476467843278727e6 
1.3162127681247042e7 
1.4148868061060382e7 
1.4255207645225586e7 
1.2323400749128614e7 
1.4322963985536555e7 
1.23664679684288e7 
1.4389961074379094e7 
1.4304651947841683e7 
1.4436560502939995e7 
9.3613869610789e6 
1.4217008647196652e7 
1.4471324232257294e7 
1.4595732033984935e7 
8.509701676464243e6 
1.3736709262692038e7 
1.4625792678981682e7 
1.452817001856988e7 
1.4647486315744413e7 
1.3643678827762056e7 
1.4661520035524352e7 
1.4663223891948588e7 
1.4715106630102392e7 
1.4773796416177021e7 
9.108761294954933e6 
1.4498444571814265e7 
1.4812672411500992e7 
1.4949951517386341e7 
1.235621989404981e7 
1.481141474228678e7 
1.4973350571325758e7 
1.215094554214025e7 
1.4975549404595317e7 
1.502487748248825e7 
1.503663762399546e7 
1.5139010695694176e7 
7.838510544183997e6 
1.0793490764762703e7 
1.5148717238484954e7 
1.520112510363204e7 
1.521289244188097e7 
1.5300832835632427e7 
7.435563449624401e6 
1.3905379464535138e7 
1.534498373206723e7 
1.5490125127684303e7 
1.2148514521762412e7 
1.5420427175375475e7 
1.5519097010609921e7 
1.2465953238479473e7 
1.553584230851023e7 
1.5579544982410982e7 
1.5604599816577489e7 
1.562487798540215e7 
1.563347100101834e7 
1.4535711523506088e7 
1.577571962713926e7 
1.5907981239855306e7 
1.3406550485602178e7 
1.4556667223961886e7 
1.5970231612612871e7 
1.5995630223457363e7 
1.602924110949878e7 
1.6059662288567495e7 
1.6090798269642085e7 
1.6127353752906475e7 
1.4956475012313172e7 
1.6202753487266725e7 
1.6329496884377103e7 
1.0214268363626508e7 
1.615725909282309e7 
1.6349632838893695e7 
1.0318443342896366e7 
1.6282142980421945e7 
1.6366081489594355e7 
1.64406198413645e7 
1.0119448800351107e7 
1.6356832694131702e7 
1.6472081261069149e7 
1.6491801434628513e7 
1.5345867974681826e7 
1.6627268911816102e7 
1.6661140361067051e7 
1.4538617381388294e7 
1.6700885540144142e7 
1.6716816395007534e7 
1.6705208803138355e7 
1.6739030240535393e7 
1.6610416197432384e7 
1.6769148873848593e7 
1.6553368991703093e7 
1.679839590214405e7 
1.6868678243765414e7 
7.686716220309709e6 
1.613411546137683e7 
1.6895189593882505e7 
1.6909601499073684e7 
1.7002059101271987e7 
1.3738047027883682e7 
1.4234140463131057e7 
1.7023815624962438e7 
1.7059941837443065e7 
1.7080295427848835e7 
1.717647137815966e7 
6.974278990889803e6 
1.4807862403258307e7 
1.72049830389339e7 
1.7221085207138423e7 
1.723461654261977e7 
1.723461654261977e7 
1.0166627089574985e7 
9.817613293690493e6 
8.522290190499917e6 
1.2793511090027397e7 
7.589583771600511e6 
8.205624115045283e6 
1.1120189159197977e7 
1.7052995289074805e7 
1.724202755389075e7 
1.3147015797323754e7 
1.7221590987814933e7 
1.724868559452942e7 
1.7279813532512717e7 
1.6235954761031972e7 
1.72973908263592e7 
8.927385937540308e6 
1.583207558739661e7 
1.7311356840263613e7 
1.7317921908796836e7 
1.73530562855386e7 
1.1587681350432307e7 
1.728731263611325e7 
1.736451060076414e7 
1.6616819353338111e7 
1.7378798942399424e7 
1.738991122945817e7 
1.7408015799973812e7 
1.7417746900639784e7 
1.7522137497688763e7 
8.978183855209086e6 
1.6365025112493956e7 
1.7536439837034326e7 
1.755118816103464e7 
1.756460881878213e7 
1.7378848178749e7 
1.7587810963891495e7 
9.952885458422443e6 
1.7348587512840386e7 
1.760807560356723e7 
1.7688376038716026e7 
1.661537458418216e7 
1.77326188966211e7 
1.5347787229321538e7 
1.74992127313554e7 
1.780640234637986e7 
1.7813290151617955e7 
1.7857999035311375e7 
1.464284382004465e7 
1.6548052701921595e7 
1.747508947025035e7 
1.787888044115341e7 
1.789219080624044e7 
1.797006908008773e7 
1.4279718809758553e7 
1.77634059947941e7 
1.7986795963670533e7 
1.797222623091729e7 
1.8001787692865215e7 
1.8031586975436438e7 
1.5283014530630916e7 
1.809439467723262e7 
1.810618919164829e7 
1.816758673158354e7 
9.124823591868889e6 
1.7696927194702353e7 
1.8183539777517345e7 
1.7858211725799795e7 
1.820017123679674e7 
1.6895257177737188e7 
1.8218434530185994e7 
1.7536382551740613e7 
1.8241630787140712e7 
1.826351585682038e7 
1.768786947298962e7 
1.8288832146371238e7 
1.828934548184156e7 
1.8330762132542122e7 
1.8351449432250593e7 
1.844577076324231e7 
1.0133602032415742e7 
1.7896872334050186e7 
1.846770517617678e7 
1.8487542693017967e7 
1.7869395338318963e7 
1.85092690411123e7 
1.3573306609864168e7 
1.8445687674340025e7 
1.8527881786177356e7 
1.8612530713076703e7 
1.417263994115898e7 
1.851409209553978e7 
1.8625851841233805e7 
1.863775961597838e7 
1.865195915964649e7 
1.8487302589065228e7 
1.8667353950592138e7 
1.8223094120587226e7 
1.8685361767076492e7 
1.8697179502915174e7 
1.8722107939583488e7 
1.8730872283009887e7 
1.8787345272129536e7 
8.928084891940366e6 
1.767111277284138e7 
1.88067608910496e7 
1.8815485158016454e7 
1.8869664815768126e7 
1.4122394736475533e7 
1.8809525428052317e7 
1.8883776150980543e7 
1.8636658345647186e7 
1.8903306088533822e7 
1.661340758627639e7 
1.8918939653148256e7 
1.8938489841006387e7 
1.8954273415383667e7 
1.8934749178847913e7 
1.897591029294002e7 
1.4032802561122902e7 
1.890199885959438e7 
1.8995276027862165e7 
1.9078714317711003e7 
7.09097177427845e6 
1.6684757774762688e7 
1.9093648219971556e7 
1.910722771440944e7 
1.9139914575082056e7 
1.6967400379617274e7 
1.9187165175225485e7 
1.9197537329253484e7 
1.9257766457793392e7 
1.0733875087701784e7 
1.8923256450512964e7 
1.927000394678159e7 
1.9071532755866565e7 
1.9284567165304247e7 
1.928642350771199e7 
1.9307905741553277e7 
1.9318248651286874e7 
1.935839164029297e7 
1.5846023681811117e7 
1.93335758922816e7 
1.936895299587616e7 
1.723651968495685e7 
1.9375995406943932e7 
1.9390908714694213e7 
1.9400869641454853e7 
1.9436205844015665e7 
8.49129133216388e6 
1.693129752628031e7 
1.9459150143642034e7 
1.9466935087511946e7 
1.947154204562533e7 
1.9223102816918634e7 
1.9513000010701507e7 
1.953941923206501e7 
8.72864710945685e6 
1.8021063141153425e7 
1.9559853386368323e7 
1.956580001875327e7 
1.9590587276121773e7 
9.921528106182408e6 
1.9292774904737774e7 
1.960667786458345e7 
1.9645922533528537e7 
1.0769946341387494e7 
1.936035604265796e7 
1.9659367891158756e7 
1.9710465185928587e7 
1.1975927030984394e7 
1.9415974393417373e7 
1.9728670097387593e7 
1.9615405772423353e7 
1.974350024214894e7 
1.837313643832645e7 
1.9758139491112158e7 
1.9771903729194216e7 
1.9785418513962124e7 
1.9744706876231134e7 
1.980851076548673e7 
1.5491603428843625e7 
1.97826932905454e7 
1.9826119333696082e7 
1.983383253150619e7 
1.795416994229992e7 
1.991357815922687e7 
1.9934890899057936e7 
1.9971017083495617e7 
1.4030766743225569e7 
1.9755917138248283e7 
1.9992148627021447e7 
2.0043221211713385e7 
1.9052094857818898e7 
2.0080239090516202e7 
2.0120303621945553e7 
2.013011162374642e7 
2.019193881449236e7 
1.1443975720358852e7 
1.855509833896436e7 
2.019193881449236e7 
1.8610109849066962e6 
4.290161164272324e6 
1.0699054964165948e7 
1.101331146397612e7 
7.280955201946639e6 
7.699056257449744e6 
9.549421938955817e6 
1.8607198925027337e7 
2.019339312933741e7 
2.020431086522643e7 
2.021060897237492e7 
2.0228828121517736e7 
1.1167995531977842e7 
1.9702664113773625e7 
2.0236852198473614e7 
2.023976497412321e7 
2.026840531266598e7 
9.969773001517659e6 
1.9290132851323728e7 
2.0273524790901348e7 
2.0278555288144883e7 
2.0284297370425057e7 
1.9074305115259517e7 
2.031827319180743e7 
2.0322025306030747e7 
2.0353881899551924e7 
2.069025278975721e7 
8.790322499795219e6 
9.89353785960245e6 
1.3563684058077963e7 
2.054949518353606e7 
2.0711044318374973e7 
2.0721492525306888e7 
2.024149158050744e7 
2.0733252035565447e7 
2.0743155321726907e7 
1.7901199313642573e7 
2.0687123005566612e7 
2.074542674822821e7 
2.0747707479615405e7 
2.0728505989949934e7 
2.0750856523925994e7 
2.0732705801630702e7 
2.075583295845063e7 
2.0773441541910693e7 
1.0172037688719124e7 
2.0201093511337966e7 
2.0775677583733123e7 
2.0778951924908128e7 
2.0780648888372455e7 
2.0800308630752742e7 
1.9841300684926227e7 
2.079965905012319e7 
2.0807822692583762e7 
2.0782170196783517e7 
2.0815368717335526e7 
2.0851849755631067e7 
9.00243210333787e6 
1.964247693103897e7 
2.085846103199658e7 
2.0864759020738266e7 
2.0857056108737376e7 
2.087604127076444e7 
1.523123256660498e7 
2.079112297806401e7 
2.0884870068684973e7 
2.0910485915460177e7 
9.345132525056915e6 
1.976012025501617e7 
2.0930361390044227e7 
2.0934895086232193e7 
2.0977523997606274e7 
1.659386332783312e7 
2.0959866064299293e7 
2.098804210345335e7 
1.9062530906859193e7 
2.0991642241987776e7 
2.1005757435230125e7 
2.1018097131089143e7 
2.1041472740034208e7 
2.0705887877352856e7 
2.1067329795053698e7 
2.1112618974670157e7 
8.061487912846851e6 
1.7183592061185874e7 
2.1130543030796133e7 
2.114926158207561e7 
2.1148649139180884e7 
2.1159726862956166e7 
2.1122646324867517e7 
2.1169072969076045e7 
2.116704521809814e7 
2.117779365515109e7 
1.1757182401695004e7 
2.1067961520252895e7 
2.1186103134890657e7 
2.1213133249316245e7 
2.118400531059083e7 
2.1270239495355245e7 
7.250432060270606e6 
9.035923484349761e6 
2.1013220768741447e7 
2.1316113905984085e7 
2.129887693671141e7 
2.132659857314804e7 
2.0366128378109902e7 
2.133089113395211e7 
2.133897592026069e7 
2.134437680049281e7 
2.1381591943484753e7 
1.0418520570068285e7 
2.0973269370725516e7 
2.1391109668197393e7 
2.1397941190029416e7 
2.141627207161936e7 
1.741638910222624e7 
2.1474599651956357e7 
2.151639850615891e7 
9.35896306556741e6 
2.0125225056049157e7 
2.1525447521897316e7 
2.1534309370639678e7 
2.15080385626577e7 
2.154418893813105e7 
1.5145450693731954e7 
2.1513737747119524e7 
2.1551843538513903e7 
2.1583109270199463e7 
1.5042354648007752e7 
2.1538329065025523e7 
2.1588291879909124e7 
2.1015235079276506e7 
2.1592806731728677e7 
2.1598333706255224e7 
2.16033704767952e7 
2.161888762495792e7 
2.0063757187538803e7 
2.1643991240503162e7 
2.164782960981532e7 
2.167685248279998e7 
2.0834136685413882e7 
2.170361538799018e7 
9.727739651674597e6 
1.9219924395792607e7 
2.1717818535493407e7 
2.1727031843208134e7 
2.174766133974982e7 
1.839366003364168e7 
2.173888956677753e7 
2.1753314509806164e7 
2.1631119024626743e7 
2.1761808703281187e7 
1.833037350065533e7 
2.1761326140661918e7 
2.1771312825268798e7 
2.1804276594983827e7 
1.0256220426343935e7 
2.1117433001762412e7 
2.180976190455876e7 
2.181257974021059e7 
2.1834282585765433e7 
1.634287645253729e7 
2.1721408332645383e7 
2.18385831109469e7 
2.1839626554868117e7 
2.1153977151661385e7 
2.188285143351118e7 
2.188644911308376e7 
2.1909429492511604e7 
1.0466085366153415e7 
2.1388201242903262e7 
2.192066354041747e7 
2.194197840529571e7 
1.157568877803322e7 
2.1392074051290814e7 
2.1951791888969075e7 
2.195491665624127e7 
2.197323900136119e7 
1.6472036782758638e7 
2.1957763400453333e7 
2.1983573113593467e7 
2.1874565412114125e7 
2.199481534894623e7 
1.8612675519087534e7 
2.1996138083213642e7 
2.2018975364749745e7 
2.2027453426346797e7 
2.2080982521838903e7 
1.9585155175143845e7 
2.208282145925486e7 
2.0879585520196058e7 
2.214458234259888e7 
2.2149627099278793e7 
2.2195869048723955e7 
1.7510090083468303e7 
2.2180711732770037e7 
2.220900639132875e7 
1.5588108460650373e7 
2.2132224384866554e7 
