0.049999999999999996 818244.725712656 
0.09999999999999999 833246.9990489166 
0.15 846628.7317291234 
0.19999999999999998 856692.9334901137 
0.25000000000000006 863222.3334007829 
0.3 867122.9154610938 
0.35 869533.389268474 
0.39999999999999997 871110.5300872895 
0.45 872322.3216658486 
0.5000000000000001 873731.7567027829 
0.5499999999999999 876395.37735659 
0.6 880969.2833831185 
0.6499999999999999 887730.6816110985 
0.7 895983.6726256514 
0.7499999999999999 904677.6383123203 
0.7999999999999999 912760.3190611921 
0.85 919994.9614836794 
0.9 926144.5137349836 
0.9500000000000001 931240.6689947939 
1.0000000000000002 935483.9865191802 
1.05 939178.7390791277 
1.0999999999999999 943034.0330852816 
1.15 947506.6339554176 
1.2 952970.4683289875 
1.25 959315.7019516161 
1.2999999999999998 966206.4212786121 
1.35 973080.6187806104 
1.4 979686.9781131268 
1.45 985731.8402368894 
1.4999999999999998 991113.7287990096 
1.55 995908.961637486 
1.5999999999999999 1.0003900180701659e6 
1.65 1.0048904823749714e6 
1.7 1.0097652563287274e6 
1.75 1.0151685953156278e6 
1.8 1.0210899156049785e6 
1.8499999999999999 1.0272553317906935e6 
1.9000000000000001 1.033410776067945e6 
1.95 1.0393408462947911e6 
2.0000000000000004 1.0449302187773032e6 
2.05 1.0500270810080003e6 
2.1 1.054905912737658e6 
2.1500000000000004 1.0596283070750749e6 
2.1999999999999997 1.0644597678994297e6 
2.25 1.0695342934548114e6 
2.3 1.0749556110220277e6 
2.35 1.080587492917374e6 
2.4 1.0862932549684467e6 
2.4499999999999997 1.0918639595613983e6 
2.5 1.0972168812040465e6 
2.5500000000000003 1.1023393542088927e6 
2.5999999999999996 1.107264539778147e6 
2.65 1.112186049192181e6 
2.7 1.1168463603933267e6 
2.75 1.121941276679939e6 
2.8 1.1270343635395812e6 
2.85 1.1322463838541887e6 
2.9 1.1374872987649997e6 
2.95 1.1426845847326508e6 
2.9999999999999996 1.1478058530253428e6 
3.0500000000000003 1.152783600505016e6 
3.1 1.1576490045287807e6 
3.15 1.1624278797975946e6 
3.1999999999999997 1.167176467832311e6 
3.2500000000000004 1.1719868425815594e6 
3.3 1.1768547060945805e6 
3.35 1.1818065621586335e6 
3.4 1.1867784102238808e6 
3.45 1.1916237164067158e6 
3.5 1.1964574558395122e6 
3.5499999999999994 1.201160176389845e6 
3.6 1.2057361127382324e6 
3.6500000000000004 1.2103082286789606e6 
3.6999999999999997 1.2149484017079556e6 
3.7499999999999996 1.2196118458371265e6 
3.8000000000000003 1.224358282829401e6 
3.8499999999999996 1.2289598545016467e6 
3.9 1.2336983371001338e6 
3.9499999999999997 1.2383028629088108e6 
4.000000000000001 1.2428128594383646e6 
4.05 1.2472847449756318e6 
4.1 1.251661831499676e6 
4.15 1.2560530795855026e6 
4.2 1.2604326038651061e6 
4.25 1.2648988955107e6 
4.300000000000001 1.269360795525909e6 
4.35 1.2738248662601947e6 
4.3999999999999995 1.2781829457000575e6 
4.45 1.2825269415679541e6 
4.5 1.2868046629960511e6 
4.550000000000001 1.2910186864455575e6 
4.6 1.2951628623216723e6 
4.6499999999999995 1.2993329041348437e6 
4.7 1.3035085359817676e6 
4.75 1.307789651991176e6 
4.8 1.3119739881668289e6 
4.8500000000000005 1.3161064586125512e6 
4.8999999999999995 1.3202308897579995e6 
4.95 1.3242802334042666e6 
5.0 1.328297008607734e6 
5.05 1.3323109686575676e6 
5.1000000000000005 1.336245370132096e6 
5.15 1.3401857704901008e6 
5.199999999999999 1.3441487709925342e6 
5.25 1.3480894888027774e6 
5.3 1.3519930165499747e6 
5.3500000000000005 1.3558912854839552e6 
5.4 1.3597497634365775e6 
5.449999999999999 1.3635212480312695e6 
5.5 1.3673209581764422e6 
5.550000000000001 1.3710835461028512e6 
5.6 1.3748395057120791e6 
5.65 1.378489724509246e6 
5.7 1.3822470782612804e6 
5.749999999999999 1.385926502447753e6 
5.8 1.3895235115548645e6 
5.85 1.3932050882241137e6 
5.9 1.396797980491469e6 
5.950000000000001 1.400386128041751e6 
5.999999999999999 1.403860619471193e6 
6.05 1.4074727047991373e6 
6.1000000000000005 1.4109845498182408e6 
6.1499999999999995 1.4144635071264126e6 
6.2 1.4178889054724385e6 
6.25 1.4213315468167565e6 
6.3 1.4247324039462928e6 
6.35 1.4280353795677426e6 
6.3999999999999995 1.4314611482862136e6 
6.45 1.4348270261264944e6 
6.500000000000001 1.4381795770793469e6 
6.549999999999999 1.441526713778915e6 
6.6 1.4448241298710685e6 
6.65 1.4481032363092268e6 
6.7 1.4513106963355695e6 
6.750000000000001 1.454436138975706e6 
6.8 1.4576165107343404e6 
6.85 1.4607740379551537e6 
6.9 1.4639132621407395e6 
6.949999999999999 1.4670830306477877e6 
7.0 1.470265730934333e6 
7.050000000000001 1.4734037780709397e6 
7.099999999999999 1.4765228497837563e6 
7.1499999999999995 1.4795878385835479e6 
7.2 1.4825764708838526e6 
7.25 1.4854429251189106e6 
7.300000000000001 1.4883607456073894e6 
7.35 1.4913617133293683e6 
7.3999999999999995 1.4943188129860389e6 
7.45 1.4973136724487203e6 
7.499999999999999 1.5003152425426973e6 
7.55 1.503323654386946e6 
7.6000000000000005 1.5062115575112305e6 
7.65 1.509117360923031e6 
7.699999999999999 1.511901984200548e6 
7.75 1.5146222305989342e6 
7.8 1.5173542634042155e6 
7.8500000000000005 1.5200819935710682e6 
7.8999999999999995 1.522894478125206e6 
7.95 1.5257475139692912e6 
8.000000000000002 1.5286455959610762e6 
8.05 1.5314931910011105e6 
8.1 1.5342882374674524e6 
8.15 1.536895805607093e6 
8.2 1.5395658402514164e6 
8.25 1.54209672528499e6 
8.3 1.544654219218616e6 
8.35 1.547234100309138e6 
8.4 1.5499127466823086e6 
8.45 1.5526643265120515e6 
8.5 1.5553792684991413e6 
8.55 1.5581939729602337e6 
8.600000000000001 1.560854949504382e6 
8.649999999999999 1.563377201016956e6 
8.7 1.5658267741499534e6 
8.749999999999998 1.568204670406896e6 
8.799999999999999 1.5706062685870118e6 
8.85 1.573007776298126e6 
8.9 1.5756482260310708e6 
8.950000000000001 1.5783310536180832e6 
9.0 1.5810283129581772e6 
9.05 1.5836874461452537e6 
9.100000000000001 1.586339576217675e6 
9.15 1.5886464750512477e6 
9.2 1.5909489450796216e6 
9.25 1.593225399612143e6 
9.299999999999999 1.5955372928410454e6 
9.35 1.597893978591579e6 
9.4 1.6003718134616083e6 
9.45 1.6030645890606847e6 
9.5 1.605719417295518e6 
9.55 1.608306147904367e6 
9.6 1.6107921835514402e6 
9.65 1.6131640503959488e6 
9.700000000000001 1.6153103762287714e6 
9.749999999999998 1.617395526144681e6 
9.799999999999999 1.6196959411909743e6 
9.85 1.6220834492498434e6 
9.9 1.6245806349683288e6 
9.950000000000001 1.627179738931525e6 
10.0 1.6298516436044427e6 
