0.049999999999999996 106606.12255619279 
0.09999999999999999 109215.29559329028 
0.15 115402.094435088 
0.19999999999999998 125872.33339538075 
0.25000000000000006 139631.19289187458 
0.3 154330.8464593666 
0.35 167547.30471396414 
0.39999999999999997 177920.60093766777 
0.45 185395.94512667236 
0.5000000000000001 190690.3078526693 
0.5499999999999999 194494.52696168376 
0.6 197357.92869753216 
0.6499999999999999 199944.2391075733 
0.7 203122.2548136534 
0.7499999999999999 207772.10343475355 
0.7999999999999999 214241.14706314827 
0.85 222280.05183873375 
0.9 231009.33857091988 
0.9500000000000001 239564.1226712332 
1.0000000000000002 247390.9484859725 
1.05 254256.63240411575 
1.0999999999999999 260190.53917621315 
1.15 265342.2646693161 
1.2 269991.9085959647 
1.25 274626.5038370285 
1.2999999999999998 279732.4218872525 
1.35 285595.1644979511 
1.4 292253.61014777666 
1.45 299357.9275813522 
1.4999999999999998 306542.875707292 
1.55 313487.8078312393 
1.5999999999999999 320009.990856135 
1.65 326022.22823997773 
1.7 331530.6830116203 
1.75 336776.9764728855 
1.8 341990.0616674295 
1.8499999999999999 347408.25564774417 
1.9000000000000001 353245.63803600916 
1.95 359430.38906545314 
2.0000000000000004 365858.822195737 
2.05 372293.4338194468 
2.1 378627.2657798396 
2.1500000000000004 384678.88484045886 
2.1999999999999997 390432.92916587554 
2.25 395928.5033241233 
2.3 401258.1383098756 
2.35 406630.2639610399 
2.4 412139.84336358315 
2.4499999999999997 417865.0416138191 
2.5 423758.39904498594 
2.5500000000000003 429703.35587469186 
2.5999999999999996 435596.89233879803 
2.65 441443.40190666396 
2.7 447094.44531350967 
2.75 452582.34992931294 
2.8 457943.0503939891 
2.85 463249.1990104854 
2.9 468572.30100229126 
2.95 473967.00599317136 
2.9999999999999996 479476.592281651 
3.0500000000000003 485027.0391240013 
3.1 490569.0275662241 
3.15 496061.5300904043 
3.1999999999999997 501466.2690751029 
3.2500000000000004 506767.87170223147 
3.3 512000.45216433634 
3.35 517095.16952528514 
3.4 522264.19178991683 
3.45 527468.3936601838 
3.5 532657.459567808 
3.5499999999999994 537872.1655353222 
3.6 543091.3136114869 
3.6500000000000004 548245.719196555 
3.6999999999999997 553335.5973428703 
3.7499999999999996 558367.5376944037 
3.8000000000000003 563395.9612580037 
3.8499999999999996 568274.6743679486 
3.9 573251.625615596 
3.9499999999999997 578202.4368391795 
4.000000000000001 583120.6754087697 
4.05 588027.4985655439 
4.1 592918.2993942319 
4.15 597765.7288631165 
4.2 602509.5290861714 
4.25 607302.3211740148 
4.300000000000001 612042.2980806815 
4.35 616752.9872020434 
4.3999999999999995 621474.3967945424 
4.45 626119.9716335831 
4.5 630767.740446302 
4.550000000000001 635380.6471090685 
4.6 639961.1265869855 
4.6499999999999995 644501.1759687172 
4.7 649001.0365067135 
4.75 653515.7413683237 
4.8 657987.332783674 
4.8500000000000005 662398.7861822683 
4.8999999999999995 666848.3916465413 
4.95 671238.7759252173 
5.0 675581.09010277 
5.05 679909.9217235916 
5.1000000000000005 684149.4624611288 
5.15 688462.284674378 
5.199999999999999 692690.2789506676 
5.25 696910.2162279093 
5.3 701102.822585679 
5.3500000000000005 705274.8336818549 
5.4 709416.0826051255 
5.449999999999999 713475.7602465149 
5.5 717578.1009849415 
5.550000000000001 721640.6224846041 
5.6 725659.0692352249 
5.65 729631.7982041788 
5.7 733622.1276956133 
5.749999999999999 737572.9521576449 
5.8 741482.1571271544 
5.85 745390.6172586404 
5.9 749260.8353669362 
5.950000000000001 753089.0938199714 
5.999999999999999 756827.04348542 
6.05 760673.0392188148 
6.1000000000000005 764429.9950018743 
6.1499999999999995 768173.6171349358 
6.2 771891.7782522751 
6.25 775602.485052465 
6.3 779272.2157918323 
6.35 782842.1450695618 
6.3999999999999995 786493.4722301844 
6.45 790059.1421143167 
6.500000000000001 793606.2588042129 
6.549999999999999 797151.8885216506 
6.6 800675.6752665753 
6.65 804197.5908152361 
6.7 807702.1647337754 
6.750000000000001 811169.7051187826 
6.8 814600.2102090945 
6.85 817981.3152531671 
6.9 821329.7385722648 
6.949999999999999 824640.9401648663 
7.0 827954.7293948983 
7.050000000000001 831269.2183154988 
7.099999999999999 834588.9730581841 
7.1499999999999995 837911.4644815635 
7.2 841212.9567900826 
7.25 844409.4656721277 
7.300000000000001 847700.2997797426 
7.35 850854.0426227566 
7.3999999999999995 853968.6700308332 
7.45 857064.9324135658 
7.499999999999999 860162.3013708744 
7.55 863279.9544679817 
7.6000000000000005 866361.8173659681 
7.65 869584.6251527659 
7.699999999999999 872716.6247959434 
7.75 875799.1007316688 
7.8 878816.4602316098 
7.8500000000000005 881769.3894978076 
7.8999999999999995 884683.9956800855 
7.95 887582.3119246635 
8.000000000000002 890516.2165442832 
8.05 893486.3106212334 
8.1 896473.9997124724 
8.15 899416.1581099497 
8.2 902480.0861989481 
8.25 905409.0336717655 
8.3 908257.0667563209 
8.35 911054.2963627735 
8.4 913795.9366923948 
8.45 916539.6649072402 
8.5 919242.9592910745 
8.55 922166.5358449448 
8.600000000000001 925057.3100036985 
8.649999999999999 927975.1259864771 
8.7 930836.6724613735 
8.749999999999998 933646.2186211055 
8.799999999999999 936360.010751637 
8.85 938911.4014551301 
8.9 941626.5037611221 
8.950000000000001 944242.9275440482 
9.0 946932.7139366926 
9.05 949704.0681192882 
9.100000000000001 952475.1776479026 
9.15 955349.367833983 
9.2 958156.789657536 
9.25 960862.2995326414 
9.299999999999999 963488.7894286438 
9.35 966020.079440704 
9.4 968433.1998900694 
9.45 971097.905444781 
9.5 973727.4438049252 
9.55 976440.0878207395 
9.6 979218.7976574962 
9.65 982048.9511833186 
9.700000000000001 984753.8569973594 
9.749999999999998 987312.3667566531 
9.799999999999999 989948.3968179988 
9.85 992432.4863186649 
9.9 994918.5983566906 
9.950000000000001 997419.6343079011 
10.0 1.0000127291291431e6 
