0.0701274874824982 
0.3399877016724474 
1.192998556286788 
1.8836931890114126 
2.427873457536059 
3.288907486086808 
3.9006865426158734 
3.9046861113140867 
3.9068646477519273 
3.907883850270365 
3.908609543387433 
3.9090780545399175 
0.06648924318357646 
0.28108051158233405 
0.7981891733230442 
1.21444008292648 
1.5429903366458448 
2.0567764472721217 
2.4173769902731794 
0.06878036961110845 
0.33363522461351924 
1.133180247403499 
1.8093454876964836 
2.3658656342427102 
3.191379045059947 
3.7317610973748363 
0.10021959414728696 
0.4393328684807838 
1.654264348427577 
3.070215889234829 
4.4430685054029055 
7.325074991865196 
10.27930084130096 
