0.00042779670595741604 
0.00046175064345540346 
0.0008039358589987207 
0.0034632810861421268 
0.00726345299644874 
0.0037043685137720973 
0.008189186870602175 
0.009121515469603401 
0.010334083626192168 
0.011085194449864014 
0.011683860587717927 
0.011982608317132014 
0.012333767609609018 
0.01263266091670183 
0.012802049583961847 
0.012817103730863609 
0.012153952794273011 
0.012503523465765831 
0.012825130810972557 
0.01292400322228434 
0.012954984130183735 
0.012992043341534101 
0.013053741998417003 
0.01313476529557095 
0.013190604134403539 
0.01320879858932529 
0.01315771469539629 
0.013192667990643607 
0.013235592094038996 
0.01325190751347781 
0.01326188225274149 
0.01327728511033164 
0.013295248759153416 
0.01331179429798441 
0.01331440548741216 
0.01330589393253303 
0.013315566141265188 
0.013325476599122171 
0.013331797834973444 
0.013336465707124018 
0.01334117543219071 
0.013344611763273298 
0.013344707610518841 
0.013347927379834111 
0.013351119132476198 
0.013352683394996283 
0.013354670162876704 
0.013356129224801588 
0.013356912733596564 
0.013357262323460087 
0.013357798043227058 
0.013358140363661473 
0.013359174131748454 
0.01335955121184318 
0.013359760799445723 
0.013360009118482896 
0.013360192312474317 
0.013360467506014273 
0.013360566505620376 
0.013360738190345542 
0.013361047364984328 
0.013361506705810877 
0.013361937692676948 
0.01336285944749789 
0.0133636107159422 
0.013363575647598783 
0.013363972137677094 
0.013365900691809832 
0.013366393155794049 
0.013367320841240544 
0.013367646853821837 
0.01336780174238865 
0.01336803616001863 
0.013368250849693106 
0.013368444959874347 
0.013368440270239833 
0.013368554345920235 
0.013368601761263463 
0.013367544983798045 
0.013368046351752046 
0.013368613278251104 
0.013368642357938915 
0.013368654678585945 
0.01336872052375982 
0.0133688350886009 
0.013368848268993358 
0.013367990885786316 
0.013368845952239666 
0.013368927431066588 
0.013369035192471672 
0.013368962779013616 
0.013369047127381121 
0.013369053922139773 
0.013369057102623087 
0.01336906320396581 
0.013369074469242674 
0.013369075221356642 
0.013369059703565979 
0.013369090813658606 
0.013369098956764053 
0.013369104055636294 
0.013369100261389169 
0.013369104699015408 
0.01336910485365022 
0.01336910567182787 
0.013369107333086251 
0.013369109566822787 
0.013369032221421169 
0.013369091548969661 
0.013369110083167608 
0.01336911038956054 
0.013369111003294985 
0.013369070802100341 
0.013369108328896921 
0.013369111326728814 
0.013369112132049929 
0.013369106981061252 
0.01336911203918436 
0.013369112291847354 
0.013369111094120617 
0.013369112476687262 
0.013369112441476087 
0.013369112524452983 
0.013369109532337935 
0.013369112498845759 
0.013369112536130837 
0.013369112481343107 
0.013369112546362319 
0.013369112143092492 
0.013369112559326615 
0.013369112012682184 
0.0133691125644885 
0.013369112548143783 
0.013369112570552143 
0.013369112577044179 
0.013369112539415223 
0.013369112576838198 
0.01336911257707555 
0.01336911254452313 
0.013369112576873413 
0.013369112577092598 
0.01336911257713154 
0.013369112570493301 
0.013369112577108523 
0.013369112577140095 
0.03730994110726879 
0.03741773096549099 
0.03777130746388545 
0.03828170556869406 
0.03837047544258565 
0.03388285500148523 
0.03852010315598281 
0.038991796734780704 
0.03918429448924146 
0.03928447594355833 
0.03940880077602296 
0.03955723261136082 
0.03914960208275717 
0.03949341063785841 
0.039653773789306346 
0.039722840344494637 
0.039802581682042704 
0.03966265133384059 
0.039834196070220096 
0.039871560374442144 
0.039882346882825964 
0.03991788380095512 
0.039816184885795025 
0.03990753511313827 
0.039930123573177045 
0.03994652329820472 
0.03994133156342475 
0.03996422677229006 
0.03999545752935102 
0.04001066211406129 
0.04003207411491996 
0.04004937817743903 
0.040083804040804305 
0.04009121869377322 
0.04011748206563576 
0.040158115447837955 
0.04018724407265317 
0.03989026094796483 
0.040166497332755985 
0.040213847347019216 
0.04022958827078585 
0.040260592584459604 
0.040335812709217156 
0.04042278278703926 
0.040206989031007806 
0.04032614053005454 
0.0404410922146618 
0.040395815298204935 
0.04045616376562006 
0.04046740619585551 
0.04046402590414944 
0.04047136810235333 
0.04047096601316599 
0.04047492035771999 
0.04047823038875947 
0.04047499098032667 
0.040483930580216876 
0.040484877708785755 
0.040492404197036785 
0.04050735989180826 
0.04052019469091084 
0.0405357669176398 
0.04054560226118056 
0.0405478366490748 
0.04055631642919896 
0.0405615898012123 
0.04051860743016625 
0.040580381596890924 
0.0405937167190947 
0.04059027204814061 
0.04060003321856445 
0.04059367660804436 
0.04060454592576079 
0.04061096709093362 
0.040559362646552466 
0.04060233026698426 
0.04061417856097532 
0.04062359976768787 
0.040618145645629766 
0.040630483663384676 
0.04064258525829445 
0.04063662790471734 
0.04065154115774908 
0.040664695674231144 
0.040668780050204995 
0.04065612553531511 
0.04068362352851068 
0.04069623991908336 
0.04070655807977175 
0.04066845362200283 
0.04069462463004933 
0.04071123966613599 
0.040714909187756276 
0.04071646372517146 
0.04071851812196728 
0.040719559092325636 
0.04071909113895367 
0.04072027064658418 
0.04072074902113515 
0.040721439269913534 
0.040721845965789455 
0.04072097312499787 
0.0407223254886841 
0.040722580188785495 
0.04072284106851137 
0.04072241485567751 
0.04072318313610587 
0.04072330967989912 
0.04072353097078357 
0.0407235524102621 
0.04072380263632852 
0.04072420461952084 
0.04072429306725947 
0.040724608133519996 
0.04072314892439774 
0.040724463130481475 
0.04072471775819267 
0.04072478046659797 
0.040724838991913426 
0.040724860145392616 
0.040724936955844365 
0.04072409446639802 
0.04072484338789864 
0.040724969909199465 
0.040724988622480474 
0.04072502248269469 
0.04072493807735206 
0.04072508279632736 
0.04072506232616846 
0.040725107491498796 
0.04072485412769339 
0.040725135178883376 
0.040725165286063125 
0.040725191349655826 
0.040725125462867495 
0.04072522476538959 
0.04072440326797877 
0.04072523051016544 
0.040725281614912345 
0.04072530395061513 
0.040725385227552674 
0.0407234990764104 
0.04072516916354871 
0.04072541327695553 
0.04072551246474079 
0.040724586812715124 
0.040725436888655625 
0.04072554045070487 
0.04072556312069081 
0.04072558469509657 
0.04072539928466032 
0.04072560528492525 
0.04072553867557352 
0.040725643540552886 
0.040725515403417345 
0.04072570042332391 
0.040725313913746286 
0.040725755701870786 
0.04072392946160994 
0.040725557501515935 
0.04072577481833439 
0.0407258005557512 
0.040725596876337894 
0.04072583878240721 
0.04072583768123669 
0.04072584441246002 
0.040725295928700944 
0.040725812567296016 
0.040725846347365396 
0.04072584533165549 
0.040725849655225604 
0.04072576385287416 
0.04072585268534562 
0.0407258567002414 
0.040725860275878434 
0.04072586935846878 
0.04072575422675323 
0.04072587671750935 
0.040725877950686745 
0.04072588964264118 
0.04072514216962875 
0.040725879981492186 
0.04072589310356792 
0.04072503045884729 
0.04072586455077501 
0.04072589490860973 
0.04072590135944448 
0.0407254488122778 
0.04072589884340816 
0.04072590555960354 
0.04072565307793541 
0.04072590437328655 
0.040725906476505674 
0.04072578833822044 
0.04072590695272804 
0.040725907883153695 
0.040725908448850295 
0.0407259102495241 
0.04072180257128058 
0.04072576200827421 
0.07677612081067708 
0.07025054178945617 
0.07717651391604508 
0.07739727985996764 
0.07698553108207717 
0.07756987334738524 
0.0778991626410081 
0.07558299964186277 
0.07800922224024831 
0.07810264429492869 
0.0782627564466436 
0.07811079486437034 
0.07842365613408941 
0.07826477609544491 
0.07852432770629136 
0.07858058364170639 
0.07883835191338628 
0.07869476228733868 
0.07919382789265456 
0.07769001779607088 
0.07913178765225748 
0.07931413817543964 
0.07936135937491895 
0.07943070068853941 
0.07945747541056164 
0.07957358790933228 
0.07960184895558076 
0.07702141870592066 
0.07962788639574159 
0.0797369131054051 
0.07975946527641259 
0.07981045420226351 
0.0794044354012633 
0.07982318526722992 
0.07983145337699782 
0.07986251145558754 
0.07987966563049442 
0.07991853323920728 
0.07989164621441913 
0.07994876171723686 
0.0799357065015352 
0.07996629266244065 
0.07986722420454345 
0.07997546847207432 
0.0799835675864512 
0.07998928042079617 
0.07999298569324026 
0.0800120275860493 
0.07902957647183678 
0.07990663103401491 
0.08001557849595148 
0.08001755853815479 
0.08002836924744922 
0.07965219129618056 
0.0799684649058468 
0.08003142533074475 
0.08003369679374817 
0.08003612089349527 
0.07993688478926553 
0.08004400106854248 
0.08004189848775362 
0.08004722085913207 
0.08004815665549764 
0.08004960669575661 
0.08005055526702176 
0.08005099358127282 
0.08002202010038989 
0.0800542811254435 
0.08005461473960707 
0.08005481468503628 
0.08004500949367971 
0.08005598736200431 
0.08003874291486646 
0.08005624022726499 
0.08005640675777448 
0.08005650702573519 
0.08005713485017157 
0.080007298271553 
0.0800568050630292 
0.0800573842793097 
0.08004994874526256 
0.08005777366140626 
0.08005782183357874 
0.08005843137488389 
0.08005861817299337 
0.08005968175302025 
0.07985677538247277 
0.08005231902488974 
0.08006002073952573 
0.0800502469230927 
0.08006026987197379 
0.08005057424860268 
0.08006066666697337 
0.08006045348464297 
0.08006102464093368 
0.08006110380622977 
0.08004139376525715 
0.0800627378209734 
0.08006280421611339 
0.08006336943064052 
0.08001453895664168 
0.08006322133693095 
0.08006359282072684 
0.08004905450462568 
0.08006383728569516 
0.0800564938311884 
0.08006422720113343 
0.08005586204020332 
0.0800648091477118 
0.08005022030563103 
0.08006536547346382 
0.07995652455260083 
0.08006352528680466 
0.08006559853685324 
0.08006628997557713 
0.07996947368218837 
0.08005973624347451 
0.08006653451038476 
0.08006544735913085 
0.08006662822790411 
0.08006254915640643 
0.08006675117026907 
0.08006570943176755 
0.0800669864443545 
0.0800627314954892 
0.08006713066313376 
0.0800160631394411 
0.0800660489305502 
0.08006718535701329 
0.08006726786395807 
0.0800657554506578 
0.08006735374073892 
0.08006737099924888 
0.08006740017298469 
0.08006599314500706 
0.08006745824679395 
0.08006746951574129 
0.08006753686080648 
0.08006300600850558 
0.08006742965416963 
0.08006756764164624 
0.08006759201431157 
0.08006747041168999 
0.08006756507598867 
0.08006761558076941 
0.08006517030186744 
0.08006763847669851 
0.08006766871120241 
0.0800676917971091 
0.080067833816731 
0.07999275756747748 
0.08006437555286211 
0.08006786566558804 
0.08006788285774141 
0.08006800228430738 
0.08002183439106841 
0.08006657047925803 
0.0800680394035484 
0.08006819927677977 
0.0800011618047824 
0.08006694207103421 
0.08006827310583692 
0.08006734439552599 
0.08006830844477042 
0.08006831837681522 
0.08006836420066588 
0.08006838685162315 
0.08006849370373337 
0.08003321261042057 
0.08006760436778004 
0.08006851533857134 
0.08006794598983097 
0.08006853281591853 
0.08006775849944947 
0.08006855554140357 
0.08006747590548297 
0.08006858211955525 
0.08006838150630502 
0.08006862719886226 
0.0800606275401925 
0.08006864226141763 
0.08006868752500568 
0.08006871105738028 
0.080068784505675 
0.08001102449785175 
0.0800630149672445 
0.08006880721006304 
0.0800688252883141 
0.0800688870092417 
0.08005396750228932 
0.08006869509586562 
0.08006890487315788 
0.08006685258148472 
0.08006891444506414 
0.08006892441449903 
0.08006894342622084 
0.08006900138921469 
0.08001624976039162 
0.08006693401956133 
0.08006901969856134 
0.09830800238748788 
0.08503734214101732 
0.09760225177451809 
0.09845804122860308 
0.0985729162117906 
0.0983589104167164 
0.09862096465370623 
0.09864376070524528 
0.09872663774157747 
0.09734643765717182 
0.09867053014011762 
0.09875019440887772 
0.0987682296528109 
0.09878079826641206 
0.09884266575283313 
0.09025684418241903 
0.0975911340915242 
0.09885989599166456 
0.09887789675536562 
0.09888404619512825 
0.09892744991238522 
0.0989076798712119 
0.09899737087154353 
0.09781759743516216 
0.09879533424611736 
0.09900832272650584 
0.09901188438635716 
0.09902323301123628 
0.09902680263595409 
0.0990520605071325 
0.09872420854073133 
0.09906549182440727 
0.09887347763963361 
0.09907531140255221 
0.09907840371955823 
0.099094982319823 
0.09834896162071727 
0.0990865835879754 
0.09910118798019174 
0.09869432447378368 
0.09910527948023573 
0.09910927068311909 
0.09911616294175757 
0.09911899430911486 
0.0991295817958951 
0.09694972014636905 
0.09873873779862818 
0.09913539730089826 
0.09913836183237934 
0.09914627396852443 
0.09513166831614306 
0.09896006287515668 
0.09914999636521782 
0.09915784903113795 
0.09854233449079647 
0.0990759083406394 
0.09916024667537854 
0.09916079554636958 
0.09916239756213518 
0.09916388473134924 
0.09914859028683021 
0.0991666288911735 
0.09916716216003962 
0.09916955322921611 
0.09897870798079794 
0.09915212762981812 
0.09917054442456169 
0.09917437399017276 
0.09887715067281827 
0.09917450421118168 
0.09914576865690311 
0.09917715431188107 
0.09917772871950309 
0.09916795336713607 
0.09918016294604615 
0.09917661643047476 
0.09918107850055785 
0.09905802811220671 
0.099181054940286 
0.09918172182884627 
0.09918111717159545 
0.09918327350047634 
0.09904903248356839 
0.09918376330145923 
0.09918525344241391 
0.09918631702946162 
0.09918898242960078 
0.09870779816324637 
0.09917349783293061 
0.09918964566974758 
0.09918383605522152 
0.09919035033518964 
0.09918989824619129 
0.09919089887736876 
0.09919276254998644 
0.09702425610302234 
0.09911980014340871 
0.09919370161609348 
0.09919473161663062 
0.09854701327637744 
0.0991805651396675 
0.09919539133247124 
0.09919595062657527 
0.09918190802239196 
0.09919634290746304 
0.09919645268840849 
0.09919663675171114 
0.09919079271923059 
0.09919696680067996 
0.09919702045823353 
0.09919731877820159 
0.09912247549718567 
0.09919229649670808 
0.09919745012755199 
0.0991975111690625 
0.09919775749132415 
0.09919233477441314 
0.09919800455646138 
0.09919822727765892 
0.09919310329071257 
0.09919848177390067 
0.09919687951606115 
0.09919857010425953 
0.09919860754836157 
0.09919870546662468 
0.0991987600890813 
0.09919909810282584 
0.09913474646915349 
0.0991983341126989 
0.09919918615479961 
0.09919856064554133 
0.09919933240844708 
0.0991984984041902 
0.09919948019331803 
0.0991997971459519 
0.09895024429117205 
0.09918876049395037 
0.09919990322048455 
0.09919994743380489 
0.09920013438303449 
0.09908964857334124 
0.09919722948046511 
0.09920021508516091 
0.0992004202338394 
0.09878667960432486 
0.09919082168926963 
0.09920053137016355 
0.09920056208736194 
0.09920079413549232 
0.09913276601502718 
0.09920039193645369 
0.09920087092656621 
0.09919889584033903 
0.09920095070819007 
0.09919720896467754 
0.0992010209495317 
0.09919342803297732 
0.09920107272503792 
0.0992011069563094 
0.09920115185773287 
0.09920121051261832 
0.09919774755823418 
0.09920132915891516 
0.09920140684372392 
0.09919984981553492 
0.09920150206519435 
0.09920127271988838 
0.09920155619126497 
0.09919765251790447 
0.09920157883388786 
0.09920161425778684 
0.09920165398199976 
0.09920177417957088 
0.09913720425860229 
0.09920083793849566 
0.09920181726694888 
0.09920186792575053 
0.09919864957304847 
0.09920200230091725 
0.09920208708991529 
0.09920177487521964 
0.09920215313766784 
0.09920195528236464 
0.09920219985172701 
0.09916564627169416 
0.09920202516261545 
0.09920224065172167 
0.09920226810008398 
0.09919607366257593 
0.09920239869629832 
0.09920237743156457 
0.09920241585805867 
0.09920131283386091 
0.09920242236725707 
0.09920244478532608 
0.09920245964184854 
0.09920251889951148 
0.09917805021686105 
0.09920215933136528 
0.09920255169926645 
0.10967519041717344 
0.09471689181578058 
0.10863498520614007 
0.10975481842694601 
0.10979594994231223 
0.10979066810926075 
0.10984891842638822 
0.10983487669103387 
0.10987198847031066 
0.1098510641153646 
0.10989829600336254 
0.10986543616882188 
0.1099195007503892 
0.10994868804617264 
0.10936240295932914 
0.10997937488951337 
0.11001895353541563 
0.10663531093413564 
0.10975676750522895 
0.11002814339490236 
0.11003442376669353 
0.11002383091087631 
0.11004594023971614 
0.10752828274521992 
0.10984079562266996 
0.1100548673537568 
0.11008113694706739 
0.10579299329944936 
0.10998610356660332 
0.11008881489252448 
0.1100586692428091 
0.11009963536156198 
0.1068068601952819 
0.1100761534830943 
0.11010937700875306 
0.1101278022278499 
0.10918858057189113 
0.11014735084569865 
0.11013971482922613 
0.11015568783140595 
0.10934283392785255 
0.11014778695532995 
0.11015875036529038 
0.11016252145748323 
0.10985913093407945 
0.1101802866113672 
0.11018210385040261 
0.11018806708233686 
0.11011973081090287 
0.1101937537186442 
0.11020410938734793 
0.1069744940794678 
0.11005997967483289 
0.1102081499133189 
0.11019936578332673 
0.1102115786198723 
0.11020150742501617 
0.11021457175290272 
0.11022008184361953 
0.10994371726317786 
0.1102259989159673 
0.11023108261190473 
0.11016790394919862 
0.11023421779573861 
0.11023529465460569 
0.11024006015799725 
0.10662023878216886 
0.110116858636161 
0.11024178440582172 
0.11022790013356598 
0.11024315645875066 
0.10994279545523589 
0.11024373941273219 
0.1102455761454304 
0.11024671931778035 
0.11025257976818464 
0.11008628433070261 
0.11025581066306073 
0.11018121664108566 
0.11026000430153993 
0.11026666679386704 
0.10919023153416024 
0.11017200737028143 
0.11026897932226415 
0.110261714839689 
0.1102705256190385 
0.10988133732969013 
0.11026958644161139 
0.1102716282526261 
0.11027430437022645 
0.11018136754195718 
0.11027693614583206 
0.11027739176264789 
0.11027966188502897 
0.10804868120275557 
0.11019426319146364 
0.11028038950243291 
0.11028080514055205 
0.11028052902787477 
0.11028149507852791 
0.11006270361399234 
0.11028040409564005 
0.11028192877889192 
0.11028322780161032 
0.11026305619710197 
0.11028451413560736 
0.11028400092321805 
0.11028529076666299 
0.11001652162570918 
0.11028232426084383 
0.11028581809016691 
0.11028685251592507 
0.11024457054298548 
0.11028827250062667 
0.11028892860473666 
0.11027557281487604 
0.11029020973612041 
0.11028845380711527 
0.11029072125729078 
0.11020304467929765 
0.11029079708208855 
0.11029080538483338 
0.11029172571028045 
0.11029184329140823 
0.11029275545125228 
0.10984573441496587 
0.11028826278241088 
0.11029289992511598 
0.1102683532851404 
0.11029297395811055 
0.11029312631405691 
0.11029325217570757 
0.11029381269530414 
0.1098074492518532 
0.11027384737457169 
0.11029397229083215 
0.11029404960191574 
0.11029454024087049 
0.11010909382993311 
0.11028897123855275 
0.11029471859784129 
0.1102952526615062 
0.110264867296546 
0.1102957123301016 
0.11029578636176746 
0.11029629272250391 
0.10994314884575468 
0.11029155560826576 
0.11029644478481859 
0.11029419324294792 
0.11029654739608663 
0.11028733424326054 
0.11029669226118322 
0.11029681041716155 
0.1102969326205524 
0.1102958864327267 
0.11029714514084077 
0.11016997314775007 
0.11029659679157977 
0.11029731876788812 
0.11029743302514289 
0.11028139953213917 
0.11029832394877503 
0.11029867340793137 
0.1102952846051703 
0.11029912686811139 
0.11029210628892061 
0.11029927034706077 
0.11028670877241947 
0.11029941911465785 
0.11029956467259577 
0.11029970650208504 
0.11029742242802004 
0.11029991147915408 
0.1101935284774635 
0.11029960246253456 
0.11030009687857739 
0.11030075553187352 
0.10871935676108274 
0.11027703566686448 
0.11030114848032252 
0.11030139225481761 
0.11030104138595254 
0.11030186571503603 
0.11029274619374507 
0.11030196065300191 
0.11030204471980726 
0.11030172877089861 
0.11030221194182088 
0.11024536286567421 
0.11030175941874254 
0.11030234776733044 
0.11030272303687627 
0.11029484850915999 
0.11030308495269081 
0.11030379571008464 
0.11002582016556012 
0.11030026647550084 
0.11030397907913381 
0.11029861353811055 
0.12280114355489924 
0.0837304494892655 
0.11158073318828055 
0.12285358579873651 
0.12292540641434346 
0.12307547437016852 
0.12309878860173196 
0.12321333481209062 
0.12214414623643255 
0.1233134232747174 
0.12254333311021814 
0.12335374503796226 
0.1234636473345706 
0.1220695851732359 
0.1235240157295503 
0.1223814754217466 
0.12356506747152596 
0.12357838632666218 
0.12361561540641341 
0.12314288533397066 
0.12365359178381796 
0.12292105141104515 
0.12366372247898083 
0.12367262036786109 
0.12367973075008132 
0.12368203464654881 
0.12246380397616397 
0.12373348585687616 
0.12374103433899719 
0.12355452805037437 
0.12376930434629763 
0.12377692978909838 
0.12221898709684587 
0.12380626138437367 
0.12381007540318678 
0.12382266695704014 
0.12345753219788824 
0.12383200808380168 
0.12383954137840736 
0.12334837171756596 
0.12385556864056735 
0.12386747245593765 
0.12376690400138601 
0.12387748753966565 
0.12380157653174917 
0.12388630290354607 
0.12274739555813285 
0.12389170667808214 
0.12390216441615809 
0.12390790191111367 
0.12394834517554731 
0.1179588997371378 
0.12341714155582129 
0.12395385589919106 
0.12395987090958827 
0.12396328198614226 
0.12399627603685026 
0.12121176728571592 
0.12392258392521427 
0.12400079866428171 
0.12400642460082745 
0.12400955896619459 
0.12403527541586623 
0.12294521001928527 
0.12402531917414938 
0.12403618192907984 
0.12404233148799637 
0.12404902498631332 
0.1240517476979287 
0.12406671083434329 
0.12039602825570406 
0.12399248682121866 
0.12406971630145358 
0.12408198806255888 
0.11527272674227351 
0.12386656040728805 
0.12408788366172119 
0.12409951336705305 
0.11939067709464524 
0.12396648300676483 
0.1241034186898694 
0.12410501057833168 
0.12367634322440613 
0.12411650735797852 
0.12411889257419184 
0.12411960610806494 
0.1240659836687471 
0.12412655789617844 
0.12413232500305194 
0.12116391721506481 
0.12408421987875506 
0.12413628124206633 
0.12413840420866795 
0.12409318915436252 
0.12414074126242947 
0.1237160167745418 
0.12414217299562469 
0.12414555789165871 
0.12414742896356856 
0.12415946883971174 
0.12305961991087788 
0.12415466741990744 
0.12416247099072297 
0.12379732272624067 
0.12416405375121908 
0.12416788029365355 
0.12417052530458239 
0.12418083827027893 
0.11954652060619941 
0.12401954164257933 
0.12418392583162474 
0.1241923288949015 
0.12305494436553255 
0.12416427544865605 
0.12419472577919832 
0.12419613910656913 
0.12420191621221677 
0.12358628144074046 
0.12420829822787915 
0.12420943239299931 
0.12421538627241768 
0.12295768349268055 
0.1241949303663974 
0.1242168459852343 
0.1242179096603816 
0.12422338525339693 
0.10889690279706415 
0.1235811515574739 
0.124225787204848 
0.12422768723684074 
0.12423071523938711 
0.1220865895566724 
0.12418234508478565 
0.12423295176059601 
0.12423858358076378 
0.12329132810364996 
0.12423206218813598 
0.12424001966826204 
0.1241631907606422 
0.12424114350940063 
0.12424223592201067 
0.12424327870468599 
0.12423156028961435 
0.12424483168583811 
0.12374767050816293 
0.12424382128463674 
0.12424624893957603 
0.12425219140156263 
0.11846511972556462 
0.12413757301856454 
0.12425528555492749 
0.1242448361237346 
0.12425678236924143 
0.12404517961207662 
0.12425773912436777 
0.12425891395436583 
0.12425975832999747 
0.12425346850163044 
0.12426068699790949 
0.12418349889916946 
0.12426207364495923 
0.12425955320308013 
0.12426275212375726 
0.12426562951462183 
0.12104405102780025 
0.12422462937175771 
0.12426684882631955 
0.12427108007786603 
0.12228225634398976 
0.12424547642565353 
0.12427181045600089 
0.12424422808817215 
0.12427239955671177 
0.12425803611356678 
0.12427356866754746 
0.12403216169122522 
0.12427447241749734 
0.12427529516381419 
0.12427692504011512 
0.12427735597102929 
0.1242817312610438 
0.12392601447893714 
0.12428237988239088 
0.12402260266358622 
0.12428526787026217 
0.12428599784647654 
0.12428394152927136 
0.12428749311917742 
0.12428797070746633 
0.12336824942881719 
0.12429301232871992 
0.12429478915056114 
0.12428932750864219 
0.12429552488512596 
0.12427069068905094 
0.12429600788856143 
0.12427213779463198 
0.12429667184768911 
0.12426551406599451 
0.12429729755117991 
0.1324476873730135 
0.09585999539239315 
0.11505248505874688 
0.13229314605735343 
0.13253380156047923 
0.13263861948041977 
0.13223860524696152 
0.13266060508903488 
0.13266999654921852 
0.13268594624805563 
0.13256206047110686 
0.13270945130925227 
0.13272877138308514 
0.13238171389090336 
0.13274566834837542 
0.13275193148990183 
0.13273706420730425 
0.13276013342876247 
0.1296766638869874 
0.13274550753760805 
0.13276586962453862 
0.13278327549001512 
0.1311764913061947 
0.1328050297841954 
0.13280960058618296 
0.13281915712532077 
0.13258350539896313 
0.13283323921133094 
0.13285696907708855 
0.12732447144620707 
0.1327212298148197 
0.13286413531592756 
0.13249883011713404 
0.1328693534212797 
0.1326669924679692 
0.1328765550429658 
0.13199206251776696 
0.13288244873978727 
0.13288817109504747 
0.1328944431001703 
0.13290165916910546 
0.13181707455922742 
0.1329260446184618 
0.13291789227877626 
0.13293203452009472 
0.13040161123151905 
0.13291640755366885 
0.13293620874071166 
0.13294813384003668 
0.1324069168035782 
0.13296611931726254 
0.13297455297404004 
0.13276806432846688 
0.13298785435732197 
0.1329900396809025 
0.1329989196751059 
0.132690771692632 
0.1330064218669602 
0.13300816249956648 
0.13301612542318708 
0.12688376355169295 
0.13279410920201273 
0.13302066778512156 
0.13302261250478553 
0.13302647165586423 
0.13260125059929395 
0.13303617366475973 
0.13302878292485298 
0.13303976818445384 
0.13271661910409016 
0.13304199863509936 
0.1330406605868133 
0.1330448065474893 
0.13304572136064852 
0.13305336285515657 
0.13086404761681392 
0.1330313194287953 
0.1330559778818805 
0.1329936795301936 
0.13305880865085584 
0.1327538414540691 
0.13306086104396886 
0.13306330687525048 
0.13306552191882082 
0.1330750919547643 
0.12449291812855934 
0.13259031870227966 
0.13307739783437278 
0.1330793911543302 
0.13308725350873252 
0.1271955242795738 
0.13297491155733987 
0.13308961516555162 
0.13309941790719282 
0.12915342261890872 
0.13304388962796698 
0.1331022305969226 
0.13310347277207646 
0.13253088418407655 
0.13311592925007354 
0.13310955692885817 
0.1331208207885497 
0.13302660794750565 
0.13312391500022958 
0.1328405331032395 
0.13312721310968756 
0.13312910131257416 
0.13313301765850794 
0.13313460528262366 
0.13314707663702263 
0.13098403632922606 
0.13311186521587792 
0.13314942973559785 
0.13305916340357604 
0.13315156020230046 
0.1331529187767453 
0.13315516672618044 
0.13315640610350477 
0.13316369703998143 
0.13209534660132327 
0.133149616014843 
0.1331656342006574 
0.13291018127367138 
0.13316701144428922 
0.13316875346364432 
0.13317048496938044 
0.13317114259617735 
0.13286043680344384 
0.13317957086608023 
0.13318420131838693 
0.13036283223483158 
0.13315212833272305 
0.1331862845206624 
0.13317664050802147 
0.13318804865099787 
0.133033962451109 
0.1331897971844559 
0.13319144744510614 
0.1331403525641789 
0.1331933461530579 
0.1330941987400316 
0.13319554580721127 
0.13287370755082828 
0.1331974021709078 
0.13319978512652364 
0.1332013790546458 
0.1332093631814183 
0.1283895492379019 
0.13303051668285104 
0.13321151089105854 
0.13321253938874167 
0.13321494598548134 
0.13285615813330098 
0.13322036775811563 
0.1332211571409101 
0.13316957636346405 
0.1332255114245654 
0.13322702860586855 
0.13318476817759606 
0.13322990763248277 
0.13318754346617379 
0.13323056632128516 
0.1332090994686217 
0.1332312343589328 
0.1332112515918511 
0.133232376577602 
0.1331364711270666 
0.13323374245966657 
0.1331653425989543 
0.13323510011728268 
0.13318323716968195 
0.13323655965099757 
0.13318279989645498 
0.1332381638357869 
0.13315104933317334 
0.1332396317856348 
0.13312602171685795 
0.13324081327627035 
0.13324187896568573 
0.13324282908688478 
0.13324380310967054 
0.13311091761722527 
0.1332494160053238 
0.13325184665471534 
0.13318078196176986 
0.1332546472223044 
0.13325822048113378 
0.13090760703867166 
0.13311949913754995 
0.1332603720529979 
0.1332587982838931 
0.133262100078267 
0.13250044107360415 
0.13325065486119825 
0.1332632079040269 
0.13326471648239957 
0.1332165517305346 
0.13326793741136667 
0.13326564479961833 
0.13326930074247634 
