0.0 
1.0 
0.0 
0.0 
0.0 
1.0 
1.0 
0.0 
1.0 
0.0 
0.0 
1.0 
1.0 
0.0 
1.0 
0.0 
1.0 
1.0 
0.0 
1.0 
0.0 
0.0 
1.0 
1.0 
1.0 
0.0 
0.3494926041525672 
0.0 
0.0 
0.0 
0.0 
0.0 
1.0 
1.0 
0.0 
1.0 
1.0 
0.0 
0.9306614491085503 
1.0 
0.0 
1.0 
1.0 
1.0 
0.0 
0.0 
0.0 
1.0 
0.0 
0.0 
0.0 
0.0 
1.0 
1.0 
1.0 
0.0 
0.0 
0.0 
1.0 
0.0 
0.0 
1.0 
0.0 
1.0 
1.0 
0.0 
1.0 
0.0 
0.0 
1.0 
0.0 
0.0 
0.0 
0.0 
0.0 
1.0 
0.0 
1.0 
1.0 
0.0 
0.0 
1.0 
1.0 
1.0 
1.0 
0.0 
0.0 
1.0 
0.0 
1.0 
0.0 
1.0 
0.0 
1.0 
1.0 
1.0 
1.0 
0.0 
1.0 
0.0 
0.0 
0.0 
1.0 
1.0 
0.0 
1.0 
0.0 
0.0 
0.0 
0.0 
0.0 
1.0 
0.0 
0.0 
0.0 
1.0 
1.0 
1.0 
1.0 
0.0 
0.0 
1.0 
0.0 
1.0 
0.0 
0.0 
0.0 
0.0 
0.0454828927949451 
0.0 
0.0 
1.0 
0.0 
1.0 
0.0 
0.0 
0.9991962298948273 
1.0 
0.0 
0.0 
0.0 
1.0 
0.0 
1.0 
0.0 
1.0 
1.0 
1.0 
0.0 
0.0 
0.9991466051930671 
0.0 
1.0 
0.0 
1.0 
0.0 
0.0 
0.0 
1.0 
1.0 
0.0 
0.0 
1.0 
0.0 
1.0 
0.0 
0.0 
0.0 
1.0 
0.0 
0.0 
0.0 
1.0 
1.0 
1.0 
0.0159187554951689 
0.0 
1.0 
0.0 
1.0 
1.0 
1.0 
0.0 
0.0 
0.0 
1.0 
1.0 
1.0 
0.0 
1.0 
0.0 
1.0 
0.0 
1.0 
0.0 
0.0 
1.0 
0.0 
1.0 
0.0 
1.0 
0.0 
0.0 
0.0 
0.0 
1.0 
1.0 
1.0 
1.0 
0.0 
1.0 
1.0 
1.0 
1.0 
1.0 
0.0 
0.0 
1.0 
1.0 
0.0 
0.0 
0.0 
1.0 
1.0 
0.0 
1.0 
0.0 
1.0 
0.0 
0.0 
1.0 
0.4145582398342001 
0.0 
0.9540754871365029 
1.0 
0.0 
1.0 
0.0 
0.6169584462665931 
0.0 
0.0 
0.0 
0.0 
1.0 
0.0 
0.0 
1.0 
0.0 
1.0 
1.0 
0.0 
0.0 
0.0 
0.0 
0.0 
0.0 
0.0 
1.0 
1.0 
1.0 
0.0 
1.0 
0.0 
0.0 
1.0 
0.0 
0.0 
0.0 
1.0 
1.0 
1.0 
0.0 
0.0 
0.0 
0.0 
0.0 
0.0 
0.0 
0.0 
0.0 
0.0 
0.0 
0.0 
0.49945415915855224 
0.0 
1.0 
0.0 
0.0 
1.0 
0.0 
0.0 
0.0 
1.0 
1.0 
0.0 
1.0 
0.0 
0.0 
0.0 
0.0 
1.0 
1.0 
0.0 
0.0 
0.0 
0.0 
0.0 
0.0 
1.0 
0.0 
1.0 
0.0 
0.0 
0.0 
0.0 
1.0 
0.0 
0.0 
0.0 
0.0 
0.0 
0.0 
1.0 
1.0 
0.0 
1.0 
1.0 
1.0 
0.0 
0.0 
0.0 
1.0 
1.0 
0.0 
1.0 
1.0 
0.0 
1.0 
0.0 
1.0 
0.0 
0.0 
1.0 
0.0 
0.0 
1.0 
0.0 
1.0 
0.0 
0.0 
7.555431189724156e-8 
1.0 
1.0 
1.0 
1.0 
0.00036001569166329813 
1.0 
1.0 
0.0 
1.0 
0.0 
1.0 
0.0 
0.0 
0.0 
0.0 
1.0 
0.39845784446918064 
0.0 
0.0 
0.0 
0.0 
1.0 
1.0 
0.0 
1.0 
0.5300203547334803 
0.0 
0.0 
1.0 
1.0 
1.0 
0.0 
0.0 
1.0 
0.0 
0.0 
0.0 
1.0 
1.0 
0.0 
1.0 
0.0 
0.0 
0.0 
1.0 
0.0 
1.0 
0.0 
1.0 
0.0 
1.0 
1.0 
1.0 
1.0 
0.0 
1.0 
1.0 
1.0 
0.0 
0.0 
0.0 
1.0 
1.0 
1.0 
1.0 
0.0 
0.0 
0.0 
0.0 
0.0 
0.0 
0.0 
0.0 
0.0 
1.0 
0.0 
1.0 
1.0 
0.0 
1.0 
1.0 
1.0 
0.0 
0.0 
0.0 
0.0 
0.0 
0.0 
1.0 
0.0 
1.0 
1.0 
1.0 
0.0 
0.0 
1.0 
1.0 
0.0 
0.0 
0.0 
1.0 
1.0 
0.22822283232596302 
0.0 
0.6274761161229079 
1.0 
0.0 
0.0 
1.0 
0.0 
1.0 
0.0 
1.0 
0.0 
1.0 
0.0 
1.0 
0.0 
0.0 
0.008899599643221071 
0.0 
1.0 
1.0 
0.0 
0.0 
0.0 
0.0 
0.0 
0.0 
1.0 
0.0 
0.0 
1.0 
0.9999733838258832 
0.0 
0.0 
1.0 
1.0 
1.0 
1.0 
1.0 
0.0 
0.0 
0.0 
0.0 
0.0 
0.0 
0.0 
1.0 
0.0 
1.0 
1.0 
1.0 
0.0 
0.0 
0.0 
0.0 
0.0 
1.0 
1.0 
1.0 
0.0 
0.0 
0.0 
0.0 
0.0 
1.0 
0.0 
0.0 
0.0 
0.0 
0.0 
0.0 
0.0 
1.0 
0.0 
0.0 
0.0 
1.0 
0.0 
0.0 
0.0 
1.0 
0.0 
0.0 
0.0 
1.0 
0.0 
0.0 
0.0 
0.0 
0.0 
1.0 
0.0 
1.0 
0.0 
1.0 
0.0 
1.0 
0.0 
0.0 
1.0 
1.0 
0.0 
0.0 
0.0 
1.0 
1.0 
0.0 
0.0 
0.0 
0.0 
1.0 
0.0 
1.0 
1.0 
0.0 
1.0 
0.0 
0.0 
0.0 
1.0 
1.0 
1.0 
1.0 
0.0 
1.0 
1.0 
1.0 
0.0 
0.9995333279660977 
1.0 
0.0 
0.0 
1.0 
0.0 
0.0 
0.0 
1.0 
0.9871427988005743 
0.0 
1.0 
0.0 
1.0 
0.0 
0.0 
1.0 
0.0 
0.0 
1.0 
1.0 
0.0 
0.0 
1.0 
1.0 
1.0 
0.0 
0.0 
0.0 
1.0 
0.7979179318733209 
1.0 
0.0 
0.0 
1.0 
1.0 
0.0 
1.0 
1.0 
0.0 
0.0 
0.0 
0.9574745552648418 
1.0 
0.596474418369594 
1.0 
0.0 
1.0 
0.0 
1.0 
0.0 
0.8047636630958649 
1.0 
0.2417712017943204 
0.0 
1.0 
0.0 
0.0 
0.0 
0.0 
0.40960464570228633 
0.0 
1.0 
1.0 
1.0 
0.0 
0.0 
0.9849685125536548 
1.0 
0.0 
1.0 
0.723869242461765 
1.0 
0.9776932568186104 
0.0 
1.0 
0.0 
1.0 
0.0 
1.0 
0.0 
1.0 
0.0 
0.0 
1.0 
1.0 
0.0 
1.0 
1.0 
1.0 
0.0 
0.0 
0.0 
0.0 
0.0 
1.0 
0.0 
0.0 
0.0 
0.31944572788690917 
0.0 
1.0 
0.0 
0.729499089017539 
1.0 
0.0 
1.0 
1.0 
0.0 
0.0 
0.0 
1.0 
1.0 
0.9999994468468522 
0.6937218447742403 
0.0 
1.0 
0.0 
1.0 
1.0 
0.0 
0.0 
0.0 
0.0 
0.0 
1.0 
1.0 
1.0 
1.0 
0.0 
1.0 
1.0 
0.0 
0.011723566600799306 
1.0 
1.0 
1.0 
1.0 
1.0 
1.0 
1.0 
0.9997592837433367 
1.0 
1.0 
1.0 
1.0 
0.0 
0.0 
1.0 
1.0 
1.0 
1.0 
1.0 
0.0 
1.0 
0.020204971294238507 
1.0 
1.0 
1.0 
1.0 
1.0 
0.0 
1.0 
0.0 
1.0 
0.0 
1.0 
0.993729564319224 
0.0 
0.0 
1.0 
1.0 
0.0 
0.0 
1.0 
1.0 
0.0 
0.0 
0.0 
0.0 
0.0 
1.0 
1.0 
0.8004494552942342 
0.0 
0.0 
0.0 
0.0 
0.0 
1.0 
1.0 
0.0 
0.0 
1.0 
1.0 
1.0 
1.0 
1.0 
0.0 
1.0 
0.0 
0.0 
1.0 
1.0 
1.0 
0.0 
0.0 
0.0 
0.0 
0.20422486058018827 
0.0 
1.0 
1.0 
1.0 
0.0 
1.0 
1.0 
1.0 
0.9999952158722211 
0.0 
0.0 
1.0 
0.0 
0.0 
1.0 
1.0 
0.3834384191881269 
1.0 
1.0 
1.0 
0.0 
1.0 
1.0 
0.0 
1.0 
0.0 
1.0 
0.0 
0.0 
0.0 
1.0 
0.0 
0.0 
0.0 
1.0 
1.0 
0.9999989839501702 
0.0 
1.0 
1.0 
0.0 
1.0 
0.0 
1.0 
0.0 
0.0 
1.0 
0.09942929204401427 
1.0 
0.0 
1.0 
0.0 
0.0 
1.0 
0.0 
1.0 
0.0 
0.0 
0.8072100093047793 
1.0 
0.0 
0.0 
1.0 
1.0 
1.0 
0.0 
1.0 
1.0 
1.0 
0.0 
0.8829306856678637 
0.0 
1.0 
0.0 
0.8846842212057019 
1.0 
0.0 
1.0 
1.0 
1.0 
0.0 
1.0 
0.0 
0.0 
1.0 
1.0 
0.0 
1.0 
1.0 
0.0 
0.0 
0.0 
1.0 
0.0 
1.0 
0.0 
0.0 
0.815519093421529 
1.0 
0.0 
1.0 
1.0 
1.0 
0.0 
1.0 
0.0 
1.0 
0.0 
0.0 
1.0 
0.7169442597220529 
0.0 
1.0 
0.0 
1.0 
1.0 
1.0 
0.0 
0.0 
0.9999220217964835 
0.0 
0.0 
0.0 
0.0 
1.0 
1.0 
0.0 
0.0 
1.0 
1.0 
0.0 
1.0 
1.0 
1.0 
0.9999016364784585 
1.0 
1.0 
1.0 
1.0 
1.0 
0.0 
1.0 
0.0 
1.0 
0.4003583948560535 
0.0 
1.0 
1.0 
1.0 
1.0 
0.0 
0.0 
0.0 
0.0 
0.0 
1.0 
0.05423904583089863 
0.0 
1.0 
1.0 
0.0 
1.0 
1.0 
1.0 
0.8637123720434114 
1.0 
0.0 
0.0 
0.0 
0.0 
0.9999999997015617 
0.0 
1.0 
1.0 
0.0 
1.0 
0.0 
1.0 
1.0 
0.0 
1.0 
1.0 
1.0 
1.0 
1.0 
0.0 
0.0 
0.0 
0.0 
0.0 
0.0 
1.0 
0.0 
1.0 
1.0 
0.0 
1.0 
0.0 
0.7059652494106667 
0.0 
1.0 
1.0 
0.0 
1.0 
0.0 
0.0 
0.021778722956274324 
0.0 
1.0 
0.0 
0.0 
1.0 
1.0 
0.0 
0.4981237536250951 
0.0 
0.0 
0.0 
0.9999334998595302 
1.0 
0.0 
1.0 
1.0 
0.0 
0.0 
0.0 
1.0 
0.0 
1.0 
0.01789427041879433 
0.0 
1.0 
1.0 
1.0 
0.0 
1.0 
1.0 
1.0 
1.0 
1.0 
1.0 
1.0 
1.0 
0.0 
0.0 
0.8678869613751167 
0.0 
0.0 
0.0 
1.0 
1.0 
1.0 
1.0 
1.0 
1.0 
0.9450892212273257 
1.0 
1.0 
0.0 
1.0 
0.0 
1.0 
1.0 
0.0 
1.0 
1.0 
1.0 
1.0 
0.0 
1.0 
0.0 
0.0 
1.0 
1.0 
1.0 
0.0 
1.0 
1.0 
1.0 
1.0 
0.0 
1.0 
0.0 
0.0 
1.0 
0.0 
1.0 
0.0 
1.0 
1.0 
1.0 
1.0 
0.0 
0.08840711835276763 
0.0 
1.0 
0.999891789089323 
0.0 
1.0 
1.0 
1.0 
0.0 
1.0 
0.0 
1.0 
0.0 
0.0 
0.0 
0.0 
1.0 
1.0 
0.0 
1.0 
0.0 
1.0 
1.0 
0.0 
0.9390064142099148 
1.0 
1.0 
0.0 
0.0 
0.0 
1.0 
0.0 
1.0 
0.4741336276909514 
0.0 
1.0 
1.0 
1.0 
1.0 
0.0 
0.0 
0.49227918954895933 
0.0 
0.9999677984296023 
0.9095430298618644 
0.9842037932233604 
1.0 
1.0 
0.0 
1.0 
1.0 
0.8068674627867396 
1.0 
0.999996000900318 
1.0 
0.0 
0.15622571627097703 
0.0 
0.0 
0.0 
0.0 
1.0 
0.0 
1.0 
0.0 
0.01877959669862271 
0.0 
0.0 
0.29562608660031253 
0.0 
0.0 
1.0 
0.0 
1.0 
0.042790564901661214 
0.0 
1.0 
0.0 
0.0 
0.0 
0.0 
1.0 
0.0 
0.9998726391010181 
0.0 
0.0 
0.0 
1.0 
0.0 
1.0 
0.0 
0.0 
1.0 
0.8854833839906612 
0.0 
1.0 
1.0 
1.0 
0.0 
0.0 
1.0 
1.0 
0.0 
1.0 
1.0 
1.0 
1.0 
0.0 
1.0 
1.0 
0.0 
0.0 
0.0 
0.0 
1.0 
1.0 
0.0 
1.0 
1.0 
0.35325686886690344 
0.0 
1.0 
0.0 
1.0 
0.0 
1.0 
0.0 
1.0 
1.0 
0.5774619958822138 
1.0 
1.0 
0.0 
0.0 
0.3645121228142111 
1.0 
0.0 
0.0 
1.0 
1.0 
1.0 
0.0 
0.0 
1.0 
0.0 
0.0 
1.0 
1.0 
0.0 
0.0 
0.0 
0.0 
1.0 
0.0 
1.0 
1.0 
1.0 
0.0 
1.0 
0.0 
0.0 
1.0 
0.0 
1.0 
0.0 
1.0 
1.0 
1.0 
0.0 
0.3612761737196463 
0.5464639656292661 
1.0 
1.0 
1.0 
1.0 
1.0 
0.0 
1.0 
0.0 
1.0 
1.0 
1.0 
0.0 
0.0 
1.0 
1.0 
1.0 
0.0 
0.0 
0.0 
0.0 
0.0 
0.0 
0.0 
0.0 
1.0 
1.0 
1.0 
0.0 
1.0 
1.0 
0.0 
0.0 
0.0 
1.0 
1.0 
1.0 
1.0 
0.9919312170346041 
1.0 
0.0 
0.0 
0.0 
0.0 
0.0 
0.0 
1.0 
0.0 
1.0 
1.0 
1.0 
1.0 
0.0 
0.0 
0.0 
0.0 
0.0 
0.0 
1.0 
1.0 
0.0 
0.0 
1.0 
0.0 
0.0 
1.0 
0.0 
1.0 
1.0 
0.08655264357356751 
1.0 
0.0 
0.0 
0.0 
0.0 
1.0 
0.0 
0.0 
1.0 
0.0 
0.0 
0.0 
1.0 
0.0 
0.0 
0.0 
0.0 
0.0 
0.0 
1.0 
0.0 
1.0 
0.0 
1.0 
0.0 
0.0 
1.0 
0.889028649869018 
1.0 
0.28318115687604173 
0.0 
0.0 
1.0 
1.0 
1.0 
0.0 
0.0 
0.0 
1.0 
1.0 
1.0 
0.0 
0.0 
1.0 
1.0 
0.0 
1.0 
0.0 
1.0 
0.0 
0.0 
0.0 
1.0 
0.0 
1.0 
1.0 
1.0 
1.0 
0.0 
0.0 
0.0 
0.0 
1.0 
1.0 
1.0 
1.0 
1.0 
0.0 
1.0 
1.0 
1.0 
1.0 
0.0 
0.0 
0.0 
0.0 
1.0 
0.0 
1.0 
0.0 
0.323591440660339 
0.9706702103157169 
0.0 
1.0 
0.0 
1.0 
0.0 
1.0 
1.0 
0.0 
1.0 
1.0 
1.0 
0.0 
1.0 
0.0 
0.0 
1.0 
1.0 
0.0 
0.0 
1.0 
1.0 
0.9769539949893217 
0.0 
0.0 
1.0 
0.0 
1.0 
0.0 
1.0 
1.0 
0.0 
0.0 
0.0 
0.0 
1.0 
0.0 
0.0 
1.0 
1.0 
1.0 
1.0 
0.0 
1.0 
0.0 
0.0 
1.0 
0.0 
0.0 
0.0 
0.0 
0.0 
0.9999999999695894 
1.0 
0.0 
1.0 
1.0 
0.0 
0.0 
0.0 
0.0 
0.0 
0.0 
0.0 
0.3213259183168063 
0.0 
0.0 
0.0 
1.0 
1.0 
0.0 
1.0 
1.0 
1.0 
0.0 
0.0 
0.0 
1.0 
1.0 
1.0 
0.0 
1.0 
0.0 
0.0 
0.0 
0.0 
0.0 
1.0 
1.0 
1.0 
1.0 
0.0 
0.0 
0.0 
0.0 
1.0 
1.0 
1.0 
1.0 
1.0 
1.0 
1.0 
1.0 
1.0 
0.0 
1.0 
1.0 
1.0 
1.0 
0.0 
0.8487707081084207 
0.9992565867810036 
0.0 
0.0 
1.0 
1.0 
0.0 
1.0 
1.0 
0.0 
0.0 
0.0 
1.0 
0.0 
0.0 
0.0 
0.0 
0.0 
0.0 
1.0 
0.0 
0.0 
0.0 
0.0 
1.0 
1.0 
0.0 
0.0 
0.0 
0.0 
0.0 
0.0 
1.0 
0.0 
0.0 
1.0 
1.0 
0.0 
0.0 
0.0 
0.0 
0.0 
0.0 
1.0 
1.0 
0.0 
0.0 
1.0 
0.0 
0.9995711712577411 
0.0 
1.0 
0.0 
1.0 
0.0 
1.0 
1.0 
1.0 
0.0 
1.0 
0.0 
0.720127686115413 
0.0 
1.0 
0.2552350392899018 
0.0 
1.0 
1.0 
0.0 
0.0 
1.0 
1.0 
1.0 
1.0 
1.0 
1.0 
1.0 
0.0 
1.0 
0.0 
1.0 
0.0 
0.0 
0.0 
0.0 
1.0 
1.0 
1.0 
0.0 
1.0 
1.0 
1.0 
1.0 
1.0 
0.0 
1.0 
1.0 
0.0 
0.0 
0.0 
1.0 
0.0 
0.0 
1.0 
1.0 
0.0 
1.0 
0.0 
0.0 
0.0 
1.0 
1.0 
0.0 
0.0 
1.0 
0.0 
0.0 
0.0 
0.0 
1.0 
0.0 
0.0 
1.0 
0.0 
1.0 
3.9417546074300625e-5 
1.0 
1.0 
1.0 
0.0 
0.0 
1.0 
1.0 
0.0 
1.0 
0.0 
1.0 
0.0 
0.0 
1.0 
1.0 
1.0 
0.0 
0.0 
1.0 
1.0 
1.0 
1.0 
1.0 
0.0 
0.0 
1.0 
1.0 
0.0 
0.0 
0.0 
1.0 
0.0 
0.0 
0.0 
0.0 
0.0 
0.9443712059142343 
1.0 
1.0 
1.0 
1.0 
0.0 
0.0 
1.0 
0.0 
1.0 
0.0 
0.0 
0.0 
0.0 
0.5962054065002543 
0.0 
1.0 
0.584993591842704 
0.0 
0.0 
0.0 
1.0 
1.0 
0.7657100848589011 
1.0 
0.0 
1.0 
0.0 
0.0 
0.0 
0.003969199770009945 
0.0 
1.0 
1.0 
1.0 
1.0 
1.0 
0.0 
1.0 
1.0 
1.0 
0.0 
1.0 
0.0 
0.0 
1.0 
1.0 
0.0 
0.0 
1.0 
0.35005764735985295 
1.0 
1.0 
1.0 
0.303649355936268 
1.0 
0.0 
0.0 
1.0 
0.0 
0.0 
0.0 
0.0 
0.0 
1.0 
0.0 
0.0 
0.0 
1.0 
1.0 
1.0 
0.0 
1.0 
1.0 
0.0 
0.0 
1.0 
0.0 
1.0 
1.0 
1.0 
0.0 
0.0 
0.0 
0.0 
0.0 
1.0 
0.0 
0.0 
1.0 
1.0 
1.0 
1.0 
1.0 
1.0 
0.0 
0.0 
1.0 
0.0 
0.0 
0.0 
1.0 
0.9888177593294528 
0.0 
0.0 
0.0 
1.0 
0.0 
0.0 
1.0 
0.0 
1.0 
1.0 
1.0 
0.0 
0.8476185338861378 
1.0 
1.0 
1.0 
0.0 
1.0 
1.0 
0.0 
1.0 
1.0 
0.0 
0.0 
0.0 
1.0 
1.0 
1.0 
1.0 
1.0 
1.0 
1.0 
1.0 
0.0 
0.0 
1.0 
1.0 
1.0 
1.0 
1.0 
0.0 
1.0 
0.9040228718047655 
0.0 
0.058493572956569144 
1.0 
1.0 
1.0 
0.0 
1.0 
1.0 
0.0 
1.0 
0.0 
0.0 
0.0 
0.0 
0.0 
1.0 
1.0 
0.0 
0.0 
0.0 
0.0 
1.0 
0.0 
0.0 
1.0 
0.0 
0.0 
1.0 
0.0 
1.0 
1.0 
0.0 
0.0 
1.0 
1.0 
0.1314223179677412 
0.0 
1.0 
1.0 
0.0 
0.0 
0.0 
0.0 
0.0 
1.0 
1.0 
0.0 
0.0 
0.14820291442327427 
0.0 
0.0 
1.0 
0.0 
0.0 
0.0 
1.0 
0.0 
1.0 
1.0 
1.0 
1.0 
0.13591531087888964 
1.0 
0.0 
1.0 
0.0 
0.0 
0.0 
1.0 
0.0 
1.0 
1.0 
0.0 
1.0 
1.0 
1.0 
1.0 
1.0 
0.0 
0.9999985210241161 
0.0 
0.0 
0.0 
0.0 
1.0 
1.0 
1.0 
0.0 
0.0 
1.0 
0.0 
0.5821326775283959 
0.0 
0.0 
0.0 
0.5173585762627445 
0.6189144883842901 
0.0 
0.0 
0.0 
1.0 
1.0 
1.0 
0.01837558195229266 
0.0 
0.0 
0.0 
0.0 
1.0 
1.0 
0.28461586751649987 
1.0 
1.0 
1.0 
0.0 
1.0 
0.0 
0.0 
0.0 
0.0 
1.0 
1.0 
1.0 
0.0 
0.0 
0.0 
1.0 
1.0 
1.0 
0.0 
1.0 
0.0 
1.0 
0.0 
1.0 
0.0 
0.7623463545403557 
0.0 
1.0 
0.0 
1.0 
1.0 
1.0 
0.005237505668540072 
0.0 
0.0 
0.0 
0.0 
0.0 
0.0 
1.0 
1.0 
1.0 
1.0 
1.0 
1.0 
0.0 
0.0 
1.0 
0.0 
0.0 
1.0 
0.0 
0.0 
0.0 
1.0 
1.0 
0.0 
1.0 
0.0 
1.0 
1.0 
0.8609170076299847 
1.0 
1.0 
1.0 
1.0 
0.0 
0.0 
0.0 
0.0 
0.0 
1.0 
1.0 
1.0 
0.0 
0.0 
0.0 
0.0 
1.0 
1.0 
1.0 
1.0 
0.0 
0.0 
0.0 
1.0 
0.621849630113233 
0.0 
1.0 
0.006652366654367012 
1.0 
0.9784347423066317 
1.0 
0.0 
0.0 
1.0 
1.0 
1.0 
1.0 
1.0 
1.0 
1.0 
1.0 
0.0 
1.0 
1.0 
1.0 
0.0 
0.777540158887506 
1.0 
0.0 
1.0 
0.0 
0.0 
0.0 
0.0 
0.0 
0.0 
0.0 
0.0 
1.0 
0.0 
1.0 
0.0 
1.0 
0.0 
1.0 
0.0 
0.0 
0.0 
0.06907455198730572 
1.0 
1.0 
1.0 
0.8778955985298449 
0.0 
1.0 
1.0 
0.0 
1.0 
0.0 
1.0 
1.0 
0.0 
0.0 
1.0 
0.0 
0.0 
1.0 
1.0 
1.0 
0.0 
1.0 
1.0 
0.0 
0.0 
0.0 
1.0 
1.0 
0.0 
1.0 
1.0 
0.0 
1.0 
0.0 
0.0 
1.0 
1.0 
0.0 
1.0 
0.0 
0.9806230518937638 
1.0 
0.0 
0.0 
1.0 
1.0 
0.0 
0.0 
0.0 
1.0 
1.0 
0.0 
0.0 
0.0 
0.0 
1.0 
1.0 
1.0 
0.0 
0.0 
0.0 
1.0 
1.0 
1.0 
0.0 
0.0 
0.0 
0.0 
0.09411021993525939 
0.0 
1.0 
0.0 
0.0004714633372149126 
0.07274385068717899 
0.0 
0.0 
0.0 
1.0 
0.0 
0.0 
0.0 
0.0 
0.0 
0.0 
1.0 
0.12758586932434388 
1.0 
1.0 
0.0 
0.0 
0.7631588986324976 
1.0 
0.0 
0.0 
1.0 
1.0 
1.0 
0.8682827722125632 
0.0 
0.0 
1.0 
0.0 
0.0 
0.0 
0.0 
1.0 
1.0 
0.0 
0.0 
0.0 
1.0 
0.0 
1.0 
1.0 
0.0 
0.0 
1.0 
0.7607808066166454 
0.0 
0.0 
0.0 
0.0 
1.0 
0.4677219885895543 
1.0 
0.15480927138034103 
0.0 
0.0 
1.0 
1.0 
1.0 
1.0 
0.0 
1.0 
1.0 
0.0 
0.0 
0.0 
0.9926385581565516 
0.0 
1.0 
0.0 
1.0 
1.0 
0.0 
1.0 
1.0 
1.0 
1.0 
0.0 
0.0 
0.0 
0.0 
0.0 
0.0 
1.0 
0.0 
0.0 
1.0 
0.0 
1.0 
0.0 
0.9958056334923117 
1.0 
1.0 
1.0 
0.0 
1.0 
0.0 
0.0 
0.0 
1.0 
1.0 
0.0 
0.0 
1.0 
0.0 
0.0 
1.0 
0.0 
0.0 
1.0 
0.8945557323677058 
0.47616350245852146 
0.0 
1.0 
1.0 
0.0 
0.0 
0.0 
1.0 
0.4101798008310855 
0.0 
0.0 
1.0 
0.0 
1.0 
1.0 
1.0 
1.0 
0.0 
0.0 
1.0 
0.0 
0.0 
0.0 
0.0 
0.230148763726087 
1.0 
1.0 
1.0 
0.9168552406690321 
1.0 
0.0 
1.0 
0.0 
0.0 
1.0 
0.0 
0.0 
0.0 
0.0 
1.0 
1.0 
1.0 
0.0 
0.0 
0.0 
0.0 
0.0 
0.0 
0.0 
1.0 
0.21170907065692945 
0.0 
0.6187254780970778 
0.13350667534711375 
1.0 
1.0 
1.0 
0.0 
1.0 
1.0 
0.0 
1.0 
1.0 
0.2705705361013044 
1.0 
1.0 
1.0 
0.0 
1.0 
1.0 
0.0 
1.0 
0.0 
1.0 
1.0 
1.0 
0.0 
0.0 
1.0 
0.0 
1.0 
0.05496734736289272 
1.0 
0.8816510361344282 
0.0 
1.0 
1.0 
1.0 
0.0 
1.0 
1.0 
1.0 
1.0 
0.0 
0.0 
1.0 
0.0 
1.0 
1.0 
0.0 
1.0 
1.0 
1.0 
0.0 
0.0 
0.0 
1.0 
1.0 
1.0 
1.0 
0.0 
0.0 
0.9971043848515515 
0.0 
1.0 
0.0 
1.0 
0.9826945305657401 
1.0 
0.9999435532841203 
1.0 
0.0 
1.0 
1.0 
0.0 
1.0 
1.0 
0.0 
0.0 
1.0 
1.0 
1.0 
0.0 
0.0 
1.0 
0.0 
0.0 
0.0 
1.0 
0.0 
0.0 
1.0 
0.0 
1.0 
1.0 
0.0 
1.0 
0.0 
1.0 
1.0 
1.0 
1.0 
1.0 
0.0 
0.8627554030146668 
0.0033684795450691636 
1.0 
1.0 
1.0 
0.0 
0.0 
1.0 
0.0 
1.0 
1.0 
1.0 
1.0 
0.0 
1.0 
1.0 
0.0 
1.0 
0.0 
1.0 
0.0 
1.0 
0.0 
0.0 
0.0 
0.0 
0.0 
1.0 
1.0 
1.0 
1.0 
1.0 
1.0 
0.0 
0.0 
0.0 
0.0 
0.0 
1.0 
0.0 
1.0 
0.0 
1.0 
0.0 
0.0 
0.0 
0.0 
0.0 
1.0 
1.0 
0.0 
1.0 
1.0 
1.0 
0.0 
1.0 
0.0 
0.0 
0.0 
0.0 
1.0 
0.0 
0.0 
1.0 
0.0 
1.0 
1.0 
1.0 
0.0 
0.0 
1.0 
0.052129083666621424 
1.0 
0.12691501290943746 
1.0 
0.0 
0.0 
1.0 
1.0 
1.0 
0.0 
1.0 
1.0 
1.0 
0.0 
1.0 
0.0 
1.0 
1.0 
0.0 
1.0 
0.0 
0.0 
0.00471723242581972 
0.0 
1.0 
0.6757538046312017 
1.0 
1.0 
0.0 
0.0 
1.0 
1.0 
1.0 
1.0 
1.0 
0.0 
0.0 
1.0 
0.0 
0.0 
1.0 
0.0 
0.0 
0.0 
0.0 
0.0 
0.0 
1.0 
1.0 
1.0 
0.7561017651907013 
0.0 
0.0 
1.0 
1.0 
0.0 
0.0 
0.06747177668288892 
1.0 
1.0 
0.0 
0.0 
0.0 
0.0 
1.0 
0.0 
0.0 
0.0 
0.0 
0.0 
0.0 
0.0 
0.0 
0.0 
1.0 
0.0 
1.0 
1.0 
0.0 
0.21681573872569612 
0.0 
1.0 
0.0 
0.0 
0.0 
1.0 
1.0 
1.0 
0.6636921679834834 
0.0 
0.0 
1.0 
0.0 
0.0 
0.0 
0.0 
1.0 
1.0 
1.0 
1.0 
1.0 
0.0 
0.0 
0.039666229113093636 
0.0 
1.0 
0.0 
1.0 
1.0 
0.0 
0.0 
1.0 
0.0 
1.0 
1.0 
1.0 
0.0 
1.0 
0.0 
0.0 
0.0 
1.0 
0.0 
1.0 
0.0 
0.0 
0.0 
0.0 
0.0 
0.0 
1.0 
1.0 
0.0 
1.0 
0.0 
1.0 
1.0 
1.0 
1.0 
0.0 
0.0 
0.0 
1.0 
0.0 
1.0 
0.0 
0.0 
1.0 
0.0 
0.0 
0.0 
0.0 
1.0 
1.0 
1.0 
0.0 
0.0 
0.503255167128406 
1.0 
1.0 
0.0 
0.0 
0.0 
0.0 
1.0 
1.0 
0.0 
1.0 
0.0 
0.9999471076953126 
1.0 
0.0 
0.0 
0.0 
0.0 
0.0 
0.0 
0.0 
0.0 
0.0 
0.01312054836055176 
1.0 
1.0 
1.0 
0.0 
0.16176699918150111 
0.011362322195868708 
1.0 
0.0 
0.0 
1.0 
1.0 
0.0 
0.0 
0.0 
1.0 
0.0 
0.0 
0.0 
0.0 
1.0 
0.0 
0.8768556299691542 
0.0 
0.0 
1.0 
0.0 
1.0 
0.0 
0.0 
1.0 
0.0 
0.0 
1.0 
0.001856741071918633 
0.0 
0.0 
0.0 
0.0 
0.0 
0.0 
0.0 
0.0 
0.0 
0.0 
0.0 
0.0 
1.0 
0.019817227949372095 
1.0 
0.0 
0.0 
1.0 
0.0 
0.0 
1.0 
0.0 
0.0 
1.0 
0.0 
1.0 
1.0 
0.0 
1.0 
1.0 
0.0 
0.0 
0.0 
1.0 
0.0 
1.0 
1.0 
0.0 
1.0 
0.0 
0.0 
1.0 
0.0 
0.0 
1.0 
1.0 
1.0 
1.0 
0.0 
0.0 
0.0 
1.0 
0.0 
1.0 
0.1278654744249738 
0.0 
1.0 
0.0 
0.0 
0.0 
0.0 
0.0 
0.0 
0.0 
0.0 
0.0 
1.0 
0.0 
0.6812332400544654 
0.0 
0.0 
0.0 
1.0 
1.0 
1.0 
1.0 
1.0 
1.0 
0.0 
1.0 
0.0 
1.0 
0.0 
1.0 
0.0 
0.0 
0.0 
0.0 
1.0 
0.0 
0.2393910451327448 
0.0 
1.0 
0.0027413086854929892 
1.0 
1.0 
1.0 
0.0 
0.0 
1.0 
1.0 
0.2952511809347681 
1.0 
1.0 
1.0 
1.0 
0.5865205604811805 
1.0 
1.0 
0.0 
1.0 
0.0 
0.0 
0.0 
0.0 
1.0 
1.0 
0.9599127612805449 
1.0 
1.0 
0.0 
1.0 
0.0 
0.2875920311511098 
1.0 
0.0 
1.0 
0.0 
1.0 
1.0 
1.0 
0.0 
1.0 
0.0 
1.0 
1.0 
1.0 
0.0 
0.051435192337985124 
0.0 
0.0 
0.0 
0.0 
0.0 
1.0 
0.0 
1.0 
0.0 
1.0 
0.0 
1.0 
0.0 
0.0 
1.0 
1.0 
0.0 
1.0 
1.0 
0.0 
0.0 
0.0 
1.0 
1.0 
1.0 
1.0 
1.0 
0.6792652989634236 
0.0 
1.0 
0.0 
0.0 
1.0 
0.0 
0.0 
0.0 
1.0 
1.0 
0.0 
1.0 
0.0 
0.0 
0.0 
0.0 
0.0 
1.0 
1.0 
1.0 
1.0 
1.0 
1.0 
0.0 
0.0 
1.0 
1.0 
0.0 
0.9995467904170376 
1.0 
1.0 
0.9937620840444493 
1.0 
1.0 
0.0 
0.0 
0.0 
1.0 
1.0 
0.0 
1.0 
0.0 
0.0 
1.0 
0.11284483845022683 
1.0 
0.0 
0.0 
0.0 
0.0 
1.0 
0.0 
1.0 
0.0 
1.0 
0.0 
1.0 
0.0 
0.0 
0.0009275212431911826 
1.0 
0.0 
0.0 
0.0 
0.0 
0.7163094244186696 
0.0 
0.0 
0.0 
0.0 
0.0 
1.0 
0.0 
0.0 
0.0 
0.0 
0.0 
1.0 
0.0 
0.0 
0.0 
0.0 
1.0 
0.0 
0.0 
0.814230719250177 
1.0 
1.0 
0.0 
1.0 
0.30247691023717904 
1.0 
1.0 
0.0 
0.0 
0.0 
1.0 
1.0 
1.0 
0.01561748987017809 
0.0 
1.0 
0.0 
0.5250934953765642 
1.0 
0.0 
1.0 
0.0 
0.0 
0.0 
0.0 
0.0 
0.5072495198926622 
0.0 
0.0 
0.0 
0.0 
1.0 
0.0 
1.0 
0.0 
1.0 
0.0 
0.0 
1.0 
0.0 
1.0 
0.0 
1.0 
0.0 
0.0 
0.0 
1.0 
1.0 
0.0 
0.0 
0.0 
1.0 
0.0 
1.0 
0.0 
0.0 
1.0 
0.0 
1.0 
1.0 
0.0 
0.0 
1.0 
1.0 
0.0 
1.0 
1.0 
0.0 
1.0 
0.0 
0.0 
0.0 
1.0 
0.0 
0.0 
0.0 
0.0 
1.0 
0.0 
1.0 
1.0 
0.0 
0.0 
1.0 
1.0 
0.0 
0.0 
0.0 
1.0 
0.0 
0.0 
0.0 
0.0 
1.0 
0.0 
0.0 
1.0 
0.8850108187887947 
0.0 
1.0 
0.0 
0.0 
0.0 
0.0 
0.0 
0.0 
0.0 
1.0 
0.0 
0.0 
1.0 
0.0 
0.0 
0.2760887366394259 
0.0 
1.0 
0.0 
0.9513490444980401 
1.0 
1.0 
1.0 
0.0 
0.0 
1.0 
0.0 
0.0 
0.0 
1.0 
1.0 
1.0 
0.0 
0.0 
0.0 
0.0 
0.0 
1.0 
1.0 
0.0 
1.0 
0.0 
1.0 
1.0 
1.0 
1.0 
0.006894200245481031 
0.0 
0.0 
1.0 
1.0 
1.0 
0.0 
0.9211082419601495 
1.0 
0.0 
1.0 
1.0 
1.0 
0.0 
1.0 
1.0 
0.0 
1.0 
0.0 
0.0 
1.0 
1.0 
0.0 
0.0 
0.0 
0.0 
1.0 
0.0 
0.0 
1.0 
1.0 
0.8365174981179758 
0.0 
1.0 
0.0 
1.0 
0.0 
0.0 
0.0 
0.23035656105026991 
0.03345343531836534 
1.0 
1.0 
0.0 
1.0 
0.07692515632505176 
0.0 
0.0 
1.0 
1.0 
0.0 
0.0 
0.0 
1.0 
1.0 
1.0 
1.0 
0.0 
1.0 
0.0 
1.0 
0.0 
1.0 
0.0 
0.0 
1.0 
0.0 
0.0 
0.0 
1.0 
0.0 
0.0 
0.0 
0.0 
1.0 
0.0 
0.0 
0.0 
0.0 
0.0 
0.0 
0.0041784791087776585 
0.0 
1.0 
0.09832417081359449 
1.0 
0.0 
0.0 
0.0 
0.01019980163004949 
0.0 
0.0 
0.0 
0.0 
0.955989812677455 
0.0 
1.0 
1.0 
1.0 
0.0 
0.0 
1.0 
0.0 
0.0 
1.0 
0.0009161539274001327 
0.0 
0.7697249105584916 
0.0 
0.19549142203170158 
0.0 
1.0 
1.0 
0.0 
0.0 
1.0 
1.0 
0.0 
0.0 
1.0 
0.0 
0.0 
1.0 
0.0 
0.0 
1.0 
0.0 
1.0 
0.0 
0.0 
0.9996702025178166 
1.0 
1.0 
0.0 
0.0 
0.0 
1.0 
1.0 
0.0 
0.0 
0.0 
0.6057676570226216 
0.0 
1.0 
0.0 
1.0 
1.0 
0.0 
0.0 
0.0 
0.0 
1.0 
1.0 
0.0 
0.0 
0.0 
1.0 
0.0 
1.0 
0.0 
0.0 
0.0 
1.0 
0.0 
1.0 
1.0 
0.0075915758269624834 
0.0 
0.0 
0.0 
0.0 
0.0 
1.0 
1.0 
0.0 
0.0 
0.016745668569376426 
1.0 
0.0 
1.0 
0.0 
1.0 
0.0 
1.0 
1.0 
0.0 
0.0 
0.0 
0.0 
0.0 
0.7096357181757146 
1.0 
0.0 
0.0 
0.0 
1.0 
0.0 
1.0 
0.0 
1.0 
0.0 
0.0 
0.0 
1.0 
1.0 
0.0 
0.0 
0.0 
0.0 
1.0 
0.0 
1.0 
0.0 
0.0 
0.14738300172801405 
1.0 
0.0 
1.0 
1.0 
0.0 
1.0 
0.0 
1.0 
0.0 
1.0 
0.0 
0.0 
1.0 
0.0 
0.0 
0.0 
0.0 
0.0 
0.0 
1.0 
0.0 
0.0 
0.0 
0.0 
0.0 
1.0 
0.0 
0.0 
0.0 
0.0 
0.0 
0.0 
1.0 
0.0 
0.0 
0.0 
0.0 
0.0 
1.0 
0.0 
1.0 
1.0 
1.0 
0.0 
1.0 
0.0 
1.0 
1.0 
1.0 
0.0 
0.0 
1.0 
1.0 
0.0 
0.0 
0.0 
0.0 
0.0 
0.0 
1.0 
0.0 
0.0 
1.0 
1.0 
0.0 
0.0 
0.0 
0.0 
1.0 
0.0 
1.0 
1.0 
0.0 
0.0 
0.0 
1.0 
1.0 
0.0 
1.0 
0.0 
1.0 
0.0 
0.0 
0.0 
1.0 
0.0 
1.0 
0.0 
0.0 
0.0 
0.0 
1.0 
0.0 
1.0 
1.0 
0.0 
1.0 
0.0 
1.0 
0.0 
0.0 
0.9772415862143822 
1.0 
1.0 
1.0 
0.0 
1.0 
1.0 
0.0 
0.0036639514974928624 
0.0 
0.0 
0.0 
0.0 
0.0 
0.9947517809399409 
0.0 
1.0 
1.0 
0.9886379079304458 
1.0 
0.565985668154741 
0.0 
0.0 
0.0 
0.0 
0.0 
1.0 
1.0 
0.0 
1.0 
1.0 
1.0 
1.0 
1.0 
0.0 
1.0 
0.0 
0.0 
0.0 
1.0 
0.025099556836076658 
0.9911470371483572 
0.0 
0.0 
0.0 
0.0 
1.0 
0.0 
0.0 
0.0 
0.0 
0.0 
1.0 
0.2159422668536524 
0.0 
1.0 
0.0 
0.0 
0.0 
0.0 
0.0 
1.0 
0.0 
0.0 
1.0 
0.0 
1.0 
0.0 
0.0 
0.0 
0.9969153572294999 
0.0 
1.0 
1.0 
0.0 
1.0 
0.0 
1.0 
0.0 
0.0 
0.0 
0.0 
1.0 
0.7348227051223487 
0.0 
0.0 
1.0 
1.0 
1.0 
0.0 
0.0 
0.0 
0.0 
0.0 
1.0 
0.0 
1.0 
1.0 
1.0 
0.0 
1.0 
0.0 
1.0 
1.0 
0.0 
0.0 
0.0 
1.0 
0.5199424980726286 
0.3072502263208734 
1.0 
1.0 
0.0 
1.0 
0.0 
0.0 
1.0 
1.0 
0.0 
0.0 
1.0 
0.0 
0.0 
1.0 
1.0 
0.0 
0.0 
1.0 
1.0 
0.0 
0.0 
1.0 
0.0 
0.0 
1.0 
0.0 
0.97899642465621 
0.09776563935293665 
0.0 
1.0 
0.0 
1.0 
1.0 
1.0 
0.0 
1.0 
0.0 
1.0 
0.0 
0.0 
1.0 
0.0 
0.0 
0.0 
0.0 
0.0 
0.0 
1.0 
1.0 
0.0 
0.7786019196593302 
0.0 
0.0 
0.9976731799066113 
0.0 
1.0 
0.0 
1.0 
0.0 
0.0 
0.0029929891356568735 
0.0 
0.0 
0.9711424489590695 
1.0 
0.020418961944888625 
0.0 
1.0 
0.0 
0.0 
0.0 
0.0 
0.0 
1.0 
0.0 
1.0 
0.2724169030511423 
1.0 
0.0 
0.0 
0.0 
0.0 
1.0 
1.0 
0.0 
0.0 
0.0 
0.0 
0.0 
0.0 
0.0 
0.0 
0.0 
0.0 
0.0 
1.0 
0.0 
0.0 
0.0 
0.0 
0.0 
1.0 
1.0 
0.0 
1.0 
0.0 
1.0 
0.0 
0.9012559556714237 
1.0 
0.0 
0.0 
1.0 
0.0 
1.0 
0.0 
0.0 
1.0 
0.8924159495750476 
0.0 
0.0 
0.0 
1.0 
0.0 
0.0 
0.0 
1.0 
0.0 
0.0 
1.0 
0.0 
1.0 
0.0 
1.0 
1.0 
0.0 
1.0 
1.0 
1.0 
0.0 
0.0 
0.0 
1.0 
1.0 
1.0 
1.0 
1.0 
1.0 
0.0 
0.0 
0.0 
0.0 
0.0 
0.992032131235568 
0.0 
1.0 
0.0 
0.0 
0.0 
0.43933617512773265 
1.0 
0.0 
1.0 
0.0 
1.0 
0.0 
0.0 
0.0 
0.2124095504422239 
1.0 
1.0 
1.0 
1.0 
0.0 
1.0 
0.0 
0.0 
1.0 
0.9593489820947964 
1.0 
0.0 
0.0 
1.0 
0.0 
0.0 
0.0 
0.0 
1.0 
1.0 
1.0 
0.0 
1.0 
0.0 
0.0 
0.0 
0.8688861329473329 
0.9815929680087421 
0.0 
0.9992781846672406 
1.0 
1.0 
0.0 
0.9784094857315845 
1.0 
1.0 
0.0 
0.0 
0.0 
0.0 
0.0 
0.0 
1.0 
1.0 
0.0 
0.997862031054438 
0.0 
1.0 
1.0 
1.0 
1.0 
1.0 
1.0 
1.0 
1.0 
0.0 
0.0 
0.0 
0.0 
1.0 
0.0 
1.0 
1.0 
1.0 
0.0 
1.0 
1.0 
0.0 
0.0 
0.0 
0.0 
1.0 
1.0 
0.0 
0.9667895256384494 
1.0 
1.0 
0.0 
1.0 
0.0 
0.0 
0.0 
1.0 
1.0 
0.0 
0.0 
0.0 
0.0 
0.0 
1.0 
0.0 
0.0 
0.0 
0.99999962788457 
1.0 
0.0 
0.0 
1.0 
1.0 
1.0 
0.0 
0.0 
0.0 
0.0 
1.0 
1.0 
1.0 
0.0 
0.0 
0.0 
1.0 
0.0 
0.3312005540102989 
1.0 
1.0 
0.0 
1.0 
0.0 
0.0 
0.0 
0.0 
1.0 
1.0 
1.0 
1.0 
1.0 
0.3428348491903755 
0.0 
1.0 
1.0 
1.0 
1.0 
0.0 
0.0 
1.0 
1.0 
0.0 
1.0 
0.0 
0.0 
0.0 
0.0 
0.0 
1.0 
0.0 
0.0 
0.0 
0.0 
1.0 
1.0 
0.0 
0.0 
0.0 
1.0 
1.0 
0.0 
0.0 
0.0 
0.0 
0.0 
0.0 
0.0 
1.0 
0.0 
1.0 
0.0 
1.0 
0.0 
0.0 
0.0 
0.0 
0.0 
1.0 
0.0 
0.0 
1.0 
1.0 
0.0 
0.0 
1.0 
1.0 
1.0 
1.0 
1.0 
0.0 
0.0 
0.0 
0.002813954639516783 
1.0 
0.0 
0.0 
0.0 
1.0 
0.0 
0.0 
1.0 
0.0 
0.9888746149417802 
1.0 
1.0 
1.0 
0.0 
1.0 
0.0 
1.0 
0.0 
1.0 
1.0 
0.0 
0.0 
1.0 
0.0 
0.0 
1.0 
1.0 
1.0 
0.0 
0.0 
1.0 
0.9917474479337549 
1.0 
1.0 
0.2656603196012947 
0.0 
0.0 
0.0 
1.0 
1.0 
0.0 
1.0 
0.0 
0.0 
1.0 
0.0 
0.0 
1.0 
0.0 
1.0 
1.0 
0.0 
0.0 
1.0 
0.0 
0.9925354159953449 
0.0 
0.0 
1.0 
0.0 
0.0 
0.0 
0.9620049585259892 
0.0 
1.0 
0.8840722488943621 
0.0 
1.0 
1.0 
1.0 
0.0 
0.0 
1.0 
1.0 
0.0 
0.0 
0.0 
0.0 
1.0 
1.0 
1.0 
1.0 
0.0 
0.0 
0.0 
0.043912134131913645 
0.0 
1.0 
0.0 
1.0 
1.0 
1.0 
1.0 
1.0 
1.0 
1.0 
1.0 
1.0 
1.0 
1.0 
0.0 
0.0 
0.0 
0.006444667496490443 
1.0 
0.0 
0.0 
1.0 
0.0 
0.0 
0.0 
0.0 
0.0 
0.0 
1.0 
1.0 
1.0 
0.0 
0.0 
0.0 
0.0 
0.9069419233297952 
1.0 
1.0 
1.0 
0.7442419049683994 
0.6425614370012915 
0.0 
1.0 
1.0 
1.0 
0.0 
0.0 
1.0 
0.0 
0.7868195284293886 
1.0 
1.0 
0.9786195121071782 
1.0 
0.0 
0.0 
0.4622206307099675 
1.0 
1.0 
0.0 
1.0 
0.0 
1.0 
1.0 
1.0 
0.245481642081897 
1.0 
1.0 
0.0 
1.0 
1.0 
1.0 
0.0 
1.0 
1.0 
0.0 
0.0 
0.0 
1.0 
1.0 
0.9984971453602307 
0.0 
1.0 
1.0 
1.0 
1.0 
0.0 
1.0 
0.0 
0.0 
0.0 
0.0 
0.0 
1.0 
1.0 
1.0 
0.0 
1.0 
0.0 
0.0 
1.0 
1.0 
1.0 
1.0 
0.0 
1.0 
0.0 
0.9081065708339845 
1.0 
0.0 
0.0 
0.0 
1.0 
0.0 
1.0 
1.0 
0.0 
0.0 
0.0 
0.0 
1.0 
1.0 
0.0 
1.0 
0.0 
0.0 
0.4184508172841851 
0.0 
1.0 
1.0 
0.0 
0.0 
1.0 
1.0 
0.0 
1.0 
0.0 
0.0 
1.0 
0.0 
1.0 
0.0 
1.0 
0.9550102013199627 
0.0 
0.0 
0.0 
0.021321446605160263 
0.0 
1.0 
0.0 
1.0 
1.0 
0.0 
0.0 
1.0 
0.0 
0.0 
1.0 
1.0 
0.0 
1.0 
1.0 
1.0 
1.0 
0.0 
0.0 
0.0 
0.0 
1.0 
0.0 
0.0 
0.0 
0.0 
0.0 
1.0 
0.0 
1.0 
1.0 
1.0 
0.0 
1.0 
1.0 
0.0 
0.25215454483714794 
1.0 
1.0 
1.0 
0.0 
0.0 
1.0 
0.0 
0.0 
1.0 
1.0 
0.0 
0.0 
1.0 
0.0 
0.11696045423889938 
0.05440715312231915 
0.0 
0.0 
0.0 
0.0 
0.0 
0.0 
1.0 
0.0 
1.0 
0.010378532488556542 
1.0 
0.0 
1.0 
0.9024803214097703 
1.0 
1.0 
1.0 
0.9882493189215887 
0.0 
0.0 
0.0 
1.0 
0.0 
1.0 
1.0 
1.0 
0.8037073383871162 
0.0 
0.029561142804856427 
0.0 
0.0 
1.0 
1.0 
0.0 
0.0 
0.0 
0.0 
0.0 
1.0 
1.0 
0.0 
1.0 
1.0 
0.0 
0.0 
1.0 
0.0 
0.9042656746360787 
0.0 
0.7744390876692228 
1.0 
0.0 
0.0 
1.0 
0.0 
1.0 
1.0 
1.0 
0.0 
1.0 
1.0 
0.0 
1.0 
1.0 
0.0 
0.0 
0.0 
0.0 
1.0 
1.0 
0.0 
0.0 
1.0 
1.0 
0.0 
1.0 
0.9998075415725105 
0.0 
0.0 
1.0 
1.0 
0.0 
1.0 
0.0 
0.0 
0.0 
1.0 
0.0 
0.0 
1.0 
0.07437285469111482 
0.0 
0.0 
0.0 
0.0 
1.0 
1.0 
0.0 
1.0 
1.0 
1.0 
0.0 
1.0 
1.0 
1.0 
1.0 
1.0 
0.23508799379638817 
0.0 
0.0 
0.0 
0.0 
1.0 
1.0 
0.5503946462188364 
1.0 
0.0 
0.0 
0.0 
1.0 
1.0 
0.0 
0.0 
1.0 
0.0 
1.0 
0.0 
1.0 
0.0 
0.0 
0.2052140447971676 
0.0 
1.0 
1.0 
1.0 
0.0 
1.0 
1.0 
1.0 
0.0 
0.0 
0.0 
0.0 
0.0 
1.0 
0.0 
0.0 
1.0 
0.0 
0.0 
1.0 
1.0 
0.0 
0.0 
1.0 
0.0 
0.8142840302370749 
0.0 
1.0 
0.0 
0.0 
0.0 
0.0 
0.0 
0.0 
0.6057000912414198 
0.0 
0.0 
0.0 
1.0 
0.0 
1.0 
0.0 
0.0 
0.0 
0.0 
0.0 
0.0 
1.0 
1.0 
0.0 
1.0 
1.0 
1.0 
0.0 
1.0 
1.0 
1.0 
0.0 
0.0 
1.0 
1.0 
0.0 
0.0 
0.0 
1.0 
1.0 
0.0 
0.0 
0.0 
0.0 
1.0 
0.0 
0.0 
1.0 
1.0 
1.0 
0.0 
0.0 
1.0 
1.0 
0.0 
0.0 
0.0 
0.0 
0.06942734054051226 
0.0 
1.0 
0.0 
0.0 
0.0 
0.0 
1.0 
0.0 
1.0 
1.0 
0.0 
1.0 
0.0 
0.0 
1.0 
0.0 
0.0 
1.0 
0.0 
0.0 
0.0 
0.0 
1.0 
1.0 
1.0 
0.0 
1.0 
0.0 
1.0 
0.0 
1.0 
0.0 
0.0 
0.0 
0.0 
0.0 
0.0 
1.0 
1.0 
0.0 
1.0 
1.0 
0.0 
1.0 
1.0 
0.0 
0.0 
0.0 
1.0 
0.0 
0.0 
1.0 
1.0 
0.0 
1.0 
1.0 
1.0 
1.0 
0.0 
1.0 
0.0 
0.0 
0.0 
1.0 
0.0 
0.0 
1.0 
0.0 
0.0 
0.0 
0.0 
0.0 
0.0 
1.0 
0.0 
1.0 
1.0 
0.0 
0.0 
0.0 
1.0 
0.0 
0.0 
1.0 
1.0 
0.0 
1.0 
0.0 
0.0 
0.0 
1.0 
0.0 
1.0 
0.0 
0.0 
0.0 
1.0 
0.0 
1.0 
0.0 
0.0 
0.0 
1.0 
1.0 
0.0 
1.0 
0.5720155709564214 
1.0 
1.0 
1.0 
0.0 
0.07866495348924694 
0.0 
0.0 
1.0 
0.0 
1.0 
0.0 
0.0 
1.0 
1.0 
0.0 
1.0 
0.0 
1.0 
0.0 
0.0 
1.0 
0.004160872317148441 
0.0 
0.0 
1.0 
0.0 
1.0 
0.0 
0.0 
1.0 
1.0 
1.0 
0.0 
1.0 
1.0 
0.6256683895453374 
1.0 
0.3824414671779632 
1.0 
0.0 
1.0 
1.0 
0.0 
0.0 
0.0 
0.006039140169364531 
1.0 
0.0 
0.0 
0.0 
0.0 
0.0 
1.0 
1.0 
0.0 
1.0 
0.0 
0.0 
1.0 
0.0 
0.0 
0.0 
0.0 
0.0 
0.0 
0.0 
0.0 
1.0 
0.9247372285925842 
1.0 
1.0 
1.0 
0.0 
0.0 
1.0 
1.0 
1.0 
0.0 
0.0 
0.0 
1.0 
0.0 
1.0 
1.0 
1.0 
0.0 
0.0 
0.0 
0.0 
0.0 
1.0 
0.0 
1.0 
0.0 
1.0 
0.0 
0.0 
0.0 
0.0 
0.0 
1.0 
0.0 
0.0 
0.0 
0.0 
1.0 
0.0 
0.0 
0.0 
1.0 
0.503525403918366 
0.21853795497910455 
1.0 
0.0 
0.0 
1.0 
1.0 
1.0 
1.0 
0.0 
0.006570441603555629 
0.0 
0.0 
0.0 
0.0 
0.0 
1.0 
1.0 
1.0 
1.0 
0.0003677367127045147 
0.0 
1.9243447995870495e-5 
3.3660214621781536e-7 
0.0 
1.0 
0.0 
0.0 
0.0 
0.9341354307113107 
1.0 
0.0 
1.0 
0.0 
1.0 
1.0 
1.0 
0.0 
1.0 
0.0 
0.0 
1.0 
0.0 
0.0 
0.0 
1.0 
0.0 
1.0 
0.0 
0.13633899458603663 
0.0 
0.0 
0.0 
0.0 
0.0 
1.0 
0.0 
0.0 
1.0 
1.0 
1.0 
1.0 
1.0 
0.0 
1.0 
0.0 
0.9471019252738165 
1.0 
1.0 
1.0 
1.0 
0.0 
1.0 
1.0 
0.0 
1.0 
1.0 
0.0 
1.0 
0.0 
1.0 
1.0 
0.0 
0.0 
1.0 
0.0 
0.0 
0.0 
0.0 
1.0 
1.0 
0.0 
0.0 
1.0 
1.0 
0.0 
0.0 
0.9779588063696336 
0.0 
1.0 
0.0 
0.0 
1.0 
0.0 
1.0 
0.0 
0.0 
1.0 
0.0 
0.0 
1.0 
1.0 
0.0 
0.0 
1.0 
0.0 
0.0 
0.0 
0.0 
1.0 
0.0 
0.0 
0.0 
3.279130375330179e-6 
0.0 
1.0 
1.0 
1.0 
0.9768415275876241 
0.0 
0.0879747723893566 
0.0 
0.0 
0.0 
0.0 
1.0 
1.0 
0.0 
0.0 
0.0 
1.0 
1.0 
0.0 
1.0 
0.0 
0.0 
0.0 
1.0 
0.0 
1.0 
0.0 
0.0 
0.0 
0.0 
0.0 
1.0 
1.0 
0.0 
1.0 
0.0 
1.0 
0.0 
0.0 
0.0 
0.0 
0.0 
0.0 
0.0 
2.8972879238394305e-6 
1.0 
1.0 
0.36086194455459625 
0.0 
1.0 
1.0 
0.0 
1.0 
0.0 
0.0 
0.0 
0.0 
0.0 
0.0 
1.0 
1.0 
1.0 
0.0 
0.09973187179394148 
0.0 
1.0 
0.0 
0.0 
1.0 
1.0 
1.0 
0.0 
0.1419901197217545 
0.0 
1.0 
0.0 
1.0 
0.0 
0.0 
1.0 
1.0 
0.0 
1.0 
1.0 
0.0 
1.0 
0.0 
0.0 
1.0 
0.0 
0.0 
0.0 
0.0003294724017603242 
1.0 
0.0 
1.0 
7.695221456016338e-5 
0.0 
0.0 
1.0 
1.0 
1.0 
0.0 
0.0 
0.0 
1.0 
1.0 
0.0 
1.0 
1.0 
1.0 
0.0 
1.0 
0.0 
0.0 
0.0 
0.0 
0.9999966445296861 
0.0 
1.0 
0.0 
1.0 
0.0 
0.0 
1.0 
1.0 
0.0 
0.0 
1.0 
1.0 
0.0 
0.0 
1.0 
0.0 
0.0 
1.0 
1.0 
0.0 
0.0 
1.0 
1.0 
0.0 
1.0 
1.0 
0.000758436399544587 
0.0 
0.0 
0.0 
0.0 
0.0 
0.0 
0.9999960063857656 
0.0 
0.0 
0.0 
0.0 
1.0 
0.0 
0.0 
0.0 
0.0 
0.0 
0.0 
1.0 
0.0 
0.0 
0.0 
1.0 
1.0 
0.0 
0.0 
0.0 
1.0 
0.0 
1.0 
0.0 
0.0 
0.0 
0.0 
0.0 
0.0 
1.0 
1.0 
0.0 
1.0 
1.0 
0.0 
0.0 
0.0 
0.0 
1.0 
0.0 
1.0 
1.0 
0.0 
0.0 
0.0 
1.0 
0.0 
0.0 
1.0 
0.0 
0.0 
0.0 
0.0 
1.0 
1.0 
0.0 
0.0 
0.17609600893753766 
1.0 
1.0 
1.0 
0.0 
0.0 
0.0 
1.0 
1.0 
0.0 
1.0 
0.0 
0.0 
0.0 
1.0 
1.0 
1.0 
1.0 
0.0 
1.0 
1.0 
0.0 
0.0 
0.0 
0.0 
1.0 
0.0 
0.0 
0.0 
1.0 
1.0 
1.0 
0.0 
1.0 
0.0 
1.0 
0.0 
0.0 
0.0 
1.0 
1.0 
0.0 
0.20036641436752853 
0.0 
1.0 
1.0 
0.0 
1.0 
1.0 
1.0 
0.0 
0.0 
0.0 
5.574733920670028e-6 
0.2866989064147592 
0.0 
1.0 
1.0 
0.0 
1.0 
0.0 
1.0 
0.0 
0.0 
0.0 
0.0 
1.0 
0.5715460369280568 
0.0 
1.0 
1.0 
0.0 
0.0 
1.0 
0.5949979854777605 
0.0 
0.0 
0.0 
1.0 
1.0 
1.0 
0.0 
1.0 
0.0 
1.0 
0.0 
0.0 
1.0 
0.0 
0.0 
1.0 
1.0 
0.0 
0.0 
0.0 
0.0 
0.0 
0.0 
1.0 
1.0 
0.0 
1.0 
0.0 
0.0 
1.0 
0.0 
0.0 
0.0 
1.0 
0.0 
1.0 
0.0 
0.10023617472584509 
1.0 
0.0 
0.9967964198715276 
1.0 
0.0 
1.0 
0.0 
1.0 
1.0 
0.0 
0.0 
0.0 
0.0 
0.0 
0.0 
0.0 
0.0 
1.0 
0.9117908039656539 
0.0 
1.0 
0.0 
0.0 
0.0 
0.0 
1.0 
1.0 
0.0 
1.0 
0.03673587376374789 
0.0 
1.0 
0.8596229212637182 
0.4389702329073267 
0.0 
1.0 
0.0 
1.0 
0.8174112244801572 
1.0 
0.0 
1.0 
0.0 
0.0 
1.0 
0.0 
0.0 
0.0 
0.0 
1.0 
0.0 
1.0 
0.0 
0.0 
0.0 
0.0 
0.0 
0.0 
1.8184453417884216e-5 
0.0 
1.0 
0.0 
1.0 
1.0 
1.0 
0.0 
0.0 
0.0 
0.1143598700555887 
0.005342799535473687 
0.0 
1.0 
1.0 
0.0 
0.0 
0.0 
1.0 
1.0 
0.0 
1.0 
1.0 
0.03597603550954082 
1.0 
0.0 
0.0 
0.0 
0.9970108944213282 
0.0 
1.0 
0.0 
1.0 
1.0 
1.0 
0.0 
0.0 
0.0 
0.0 
0.0 
0.0 
1.0 
0.0 
1.0 
0.0 
0.0 
1.0 
0.0 
0.0 
0.0 
0.0 
0.0 
0.0 
1.0 
0.0 
0.0 
1.0 
0.0 
1.0 
1.0 
1.0 
0.0 
0.0 
0.0 
0.0 
0.0 
0.0 
0.0 
0.0 
0.0 
1.0 
0.0 
0.0 
1.0 
1.0 
0.0 
1.0 
0.0 
0.0 
0.0 
0.0 
0.0 
1.0 
1.0 
0.0 
0.09013424030368189 
0.0 
0.0 
0.9999999974044846 
0.0 
0.0 
0.0 
0.0 
0.0 
1.0 
0.0 
0.0 
1.0 
0.0 
0.0 
0.0 
0.0 
1.0 
0.0 
1.0 
1.0 
0.5734439501712011 
1.0 
0.0 
0.0 
0.0 
0.14825187373764723 
0.0 
1.0 
1.0 
0.0 
0.0 
0.0 
0.057658512046401475 
0.0 
1.0 
1.0 
0.0 
1.0 
0.0 
0.0 
0.0 
1.0 
0.0 
0.0 
0.0 
0.0 
0.0 
1.0 
1.0 
0.0 
0.0 
0.0 
0.0 
0.0 
0.0 
0.0 
0.0 
1.0 
1.0 
1.0 
0.0 
0.0 
1.0 
0.05168882695312208 
0.0 
0.0 
0.0 
1.0 
0.0 
0.0 
0.0 
0.0 
1.0 
1.0 
0.0 
0.0 
1.0 
0.0 
0.07431140567990556 
0.48642832856647716 
1.0 
0.0 
0.0 
1.0 
0.0 
0.0 
1.0 
0.0 
0.0 
0.0 
0.0 
0.0 
1.0 
0.0 
1.0 
0.0 
0.0 
0.0 
1.0 
0.0 
1.0 
0.0 
0.0 
0.9999155041193181 
1.0 
1.0 
0.0 
1.0 
0.0 
1.0 
1.0 
1.0 
1.0 
0.0 
1.0 
1.0 
1.0 
0.41217202627550803 
0.0 
0.0 
1.0 
0.0 
0.9736558439382897 
0.0 
1.0 
0.0 
1.0 
1.0 
0.0 
0.0 
0.0 
1.0 
1.0 
0.0 
0.0 
1.0 
0.0 
0.16840175126878296 
0.11318107255932233 
0.0 
0.0 
0.0 
0.0 
1.0 
0.9304161067692107 
0.0 
0.0 
1.0 
0.0 
0.06479480404644497 
0.0 
0.0 
1.0 
0.0 
0.0 
0.0 
0.0 
0.0 
0.0 
0.0 
1.0 
0.0 
0.0 
0.0 
0.0 
0.0 
1.0 
1.0 
1.0 
0.0 
1.0 
0.0 
0.0 
0.0 
0.0 
1.0 
1.0 
1.0 
0.0 
0.0 
0.0 
1.0 
0.0 
0.0 
1.0 
0.0 
1.0 
1.0 
0.0 
1.0 
1.0 
1.0 
1.0 
0.0 
0.0 
0.0 
1.0 
0.0 
1.0 
0.0 
1.0 
1.0 
0.0 
0.0 
0.0 
1.0 
0.0 
1.0 
0.0 
5.62054219590012e-5 
0.0 
0.0 
0.0 
0.0 
0.0 
0.0 
1.0 
0.0 
0.0 
0.0 
0.0 
1.0 
0.0 
0.0 
0.0 
1.0 
0.0 
0.0 
0.0 
1.0 
0.0 
1.0 
0.0 
0.0 
0.0 
1.0 
0.0 
1.0 
0.0 
1.0 
0.0 
1.0 
1.0 
1.0 
0.004037878052340036 
1.0 
0.9999997592497215 
0.0 
0.0 
0.9999157942814927 
1.0 
0.9731799279420962 
0.0 
1.0 
0.0 
0.0 
0.968533164374644 
1.0 
1.0 
0.9999995538045428 
0.0 
0.0 
0.0 
0.0 
0.0 
0.0 
1.0 
0.0 
5.778201032328811e-6 
0.008318188117647406 
0.0 
1.0 
0.0 
0.0 
0.7492644129764856 
0.0 
0.0 
0.0 
0.0 
0.0 
0.0 
0.0 
0.0 
1.0 
1.0 
0.0 
0.0 
1.0 
1.0 
0.0 
0.0 
0.0 
1.0 
1.0 
0.0 
0.0 
1.0 
0.0 
0.0 
0.0 
0.0 
0.0 
0.009026998194276223 
1.0 
0.0 
0.0 
1.0 
0.0 
1.0 
0.0 
0.0 
0.0 
0.0 
0.0 
0.0 
0.0 
0.0 
0.0 
0.0 
0.0 
6.591407870294944e-5 
0.0 
0.0 
1.0 
1.0 
0.0 
0.0 
0.0 
1.0 
0.0 
1.0 
0.0 
1.0 
0.0 
1.0 
0.0 
0.0 
0.0 
1.0 
0.0 
0.0 
1.0 
0.0 
0.0 
0.0 
0.0 
