-85.0 -85.0 24.79882320671618 
-85.0 -80.0 39.69334968177151 
-85.0 -75.0 28.484716985910072 
-85.0 -70.0 25.93936778459134 
-85.0 -65.0 24.44207365028479 
-85.0 -60.00000000000001 23.571438367651293 
-85.0 -55.00000000000001 24.076030665990242 
-85.0 -50.0 26.382073525390947 
-85.0 -45.0 30.533740096105404 
-85.0 -40.0 36.280379286066314 
-85.0 -34.99999999999999 44.31964986035863 
-85.0 -30.000000000000004 57.406411965669164 
-85.0 -25.0 73.32932584965013 
-85.0 -20.0 100.68771223037356 
-85.0 -14.999999999999996 94.72260465804985 
-85.0 -10.000000000000004 91.69844845198574 
-85.0 -5.000000000000002 90.13212838109847 
-85.0 0.0 89.62090472992924 
-85.0 5.000000000000002 89.96807342233295 
-85.0 10.000000000000004 91.0777492456978 
-85.0 15.000000000000007 93.07258313589335 
-85.0 20.000000000000007 97.08154217499305 
-85.0 24.999999999999993 95.02418242447007 
-85.0 29.999999999999993 93.05248065134951 
-85.0 34.99999999999999 92.64978550075973 
-85.0 40.0 93.15606626148275 
-85.0 45.0 94.36782780344397 
-85.0 50.0 95.2623381386829 
-85.0 55.00000000000001 95.98713718331324 
-85.0 60.00000000000001 97.53379801450996 
-85.0 65.00000000000001 100.00989822842153 
-85.0 69.99999999999999 102.09003991442715 
-85.0 75.0 106.89232391884029 
-85.0 80.0 142.67504023800126 
-85.0 85.0 86.54823339135973 
-80.0 -85.0 46.65821097413867 
-80.0 -80.0 74.7090440271973 
-80.0 -75.0 53.638436815020334 
-80.0 -70.0 48.867460974380826 
-80.0 -65.0 46.06216364533822 
-80.0 -60.00000000000001 44.43381440135308 
-80.0 -55.00000000000001 45.40365472240799 
-80.0 -50.0 49.78779453416674 
-80.0 -45.0 57.67835387722446 
-80.0 -40.0 68.60180528395114 
-80.0 -34.99999999999999 83.8823495313513 
-80.0 -30.000000000000004 108.75956496124007 
-80.0 -25.0 139.00188033970872 
-80.0 -20.0 191.06214557954013 
-80.0 -14.999999999999996 179.75576600451242 
-80.0 -10.000000000000004 174.01869378617945 
-80.0 -5.000000000000002 171.04659707059434 
-80.0 0.0 170.07639018283675 
-80.0 5.000000000000002 170.7348799904723 
-80.0 10.000000000000004 172.8399389115979 
-80.0 15.000000000000007 176.62403434954908 
-80.0 20.000000000000007 184.22720666389634 
-80.0 24.999999999999993 180.2822075748582 
-80.0 29.999999999999993 176.5413908382021 
-80.0 34.99999999999999 175.77151578104127 
-80.0 40.0 176.73064380637035 
-80.0 45.0 179.03027061748315 
-80.0 50.0 180.72747762986535 
-80.0 55.00000000000001 182.09955303430658 
-80.0 60.00000000000001 185.02329647310773 
-80.0 65.00000000000001 189.69740978460814 
-80.0 69.99999999999999 193.6046383452807 
-80.0 75.0 202.659742974563 
-80.0 80.0 270.4298288918924 
-80.0 85.0 164.0130259702894 
-75.0 -85.0 35.6382524842358 
-75.0 -80.0 57.0887694903741 
-75.0 -75.0 41.01155210418975 
-75.0 -70.0 37.38479113262974 
-75.0 -65.0 35.254900239268025 
-75.0 -60.00000000000001 34.02401510564802 
-75.0 -55.00000000000001 34.790681542396655 
-75.0 -50.0 38.192713939376326 
-75.0 -45.0 44.30951505065464 
-75.0 -40.0 52.776880462254155 
-75.0 -34.99999999999999 64.61879436496939 
-75.0 -30.000000000000004 83.89838504529422 
-75.0 -25.0 107.30920782702711 
-75.0 -20.0 147.70039158145883 
-75.0 -14.999999999999996 138.97195131930124 
-75.0 -10.000000000000004 134.53797158532865 
-75.0 -5.000000000000002 132.24024044295382 
-75.0 0.0 131.4899215363963 
-75.0 5.000000000000002 131.99854588539566 
-75.0 10.000000000000004 133.62513886110148 
-75.0 15.000000000000007 136.5492126218357 
-75.0 20.000000000000007 142.4232571671636 
-75.0 24.999999999999993 139.33304424661299 
-75.0 29.999999999999993 136.43978157718274 
-75.0 34.99999999999999 135.83699730393892 
-75.0 40.0 136.574634682639 
-75.0 45.0 138.3496907133623 
-75.0 50.0 139.6578165154737 
-75.0 55.00000000000001 140.710877510875 
-75.0 60.00000000000001 142.95522300426734 
-75.0 65.00000000000001 146.53954998898902 
-75.0 69.99999999999999 149.51663215469833 
-75.0 75.0 156.4561945678507 
-75.0 80.0 208.70407846648376 
-75.0 85.0 126.5445701687139 
-70.0 -85.0 34.127092013771914 
-70.0 -80.0 54.68651278732715 
-70.0 -75.0 39.304125131999925 
-70.0 -70.0 35.84581432907291 
-70.0 -65.0 33.8196908415597 
-70.0 -60.00000000000001 32.65832856369508 
-70.0 -55.00000000000001 33.425886176986054 
-70.0 -50.0 36.74688375866745 
-70.0 -45.0 42.70568362700561 
-70.0 -40.0 50.95014897137298 
-70.0 -34.99999999999999 62.47403886983361 
-70.0 -30.000000000000004 81.23235007078462 
-70.0 -25.0 103.98496206679586 
-70.0 -20.0 143.3092076949976 
-70.0 -14.999999999999996 134.849288863838 
-70.0 -10.000000000000004 130.54720620603618 
-70.0 -5.000000000000002 128.31708636346045 
-70.0 0.0 127.58840543153684 
-70.0 5.000000000000002 128.08121218588204 
-70.0 10.000000000000004 129.65855139671464 
-70.0 15.000000000000007 132.49456839259093 
-70.0 20.000000000000007 138.19169087144428 
-70.0 24.999999999999993 135.15714167076428 
-70.0 29.999999999999993 132.3445543137886 
-70.0 34.99999999999999 131.7489376860646 
-70.0 40.0 132.4567813962254 
-70.0 45.0 134.17115446893604 
-70.0 50.0 135.42998055481607 
-70.0 55.00000000000001 136.43689431538075 
-70.0 60.00000000000001 138.59157111024797 
-70.0 65.00000000000001 142.03468357851202 
-70.0 69.99999999999999 144.8774101335065 
-70.0 75.0 151.54994183236508 
-70.0 80.0 202.09309957168574 
-70.0 85.0 122.50682062731704 
-65.0 -85.0 33.53528091148543 
-65.0 -80.0 53.745337580798974 
-65.0 -75.0 38.63583960103856 
-65.0 -70.0 35.24626258170255 
-65.0 -65.0 33.26751582796255 
-65.0 -60.00000000000001 32.147223097334496 
-65.0 -55.00000000000001 32.94065435983582 
-65.0 -50.0 36.272473821653705 
-65.0 -45.0 42.23178453795335 
-65.0 -40.0 50.46839423359579 
-65.0 -34.99999999999999 61.971128924896846 
-65.0 -30.000000000000004 80.68589851633055 
-65.0 -25.0 103.36561643593721 
-65.0 -20.0 142.59119112816023 
-65.0 -14.999999999999996 134.17669459271545 
-65.0 -10.000000000000004 129.89455156031966 
-65.0 -5.000000000000002 127.67405325825864 
-65.0 0.0 126.94779189799704 
-65.0 5.000000000000002 127.43701916767809 
-65.0 10.000000000000004 129.0053274800415 
-65.0 15.000000000000007 131.82622960538978 
-65.0 20.000000000000007 137.494777047587 
-65.0 24.999999999999993 134.4503522129443 
-65.0 29.999999999999993 131.6411665254038 
-65.0 34.99999999999999 131.03423269925284 
-65.0 40.0 131.72546410875302 
-65.0 45.0 133.41666801069636 
-65.0 50.0 134.65090925772537 
-65.0 55.00000000000001 135.62992850757274 
-65.0 60.00000000000001 137.74429295646434 
-65.0 65.00000000000001 141.13254360323631 
-65.0 69.99999999999999 143.91812239367178 
-65.0 75.0 150.50423944193864 
-65.0 80.0 200.64840823329246 
-65.0 85.0 121.6098978637955 
-60.00000000000001 -85.0 33.20749077305352 
-60.00000000000001 -80.0 53.21586208500578 
-60.00000000000001 -75.0 38.25298641490449 
-60.00000000000001 -70.0 34.89881137015358 
-60.00000000000001 -65.0 32.94935150156196 
-60.00000000000001 -60.00000000000001 31.862790951312306 
-60.00000000000001 -55.00000000000001 32.690662733253454 
-60.00000000000001 -50.0 36.05920956065464 
-60.00000000000001 -45.0 42.060402551601214 
-60.00000000000001 -40.0 50.34272397264038 
-60.00000000000001 -34.99999999999999 61.895970714514384 
-60.00000000000001 -30.000000000000004 80.67829691404259 
-60.00000000000001 -25.0 103.42574895075747 
-60.00000000000001 -20.0 142.75146575825673 
-60.00000000000001 -14.999999999999996 134.32331210136408 
-60.00000000000001 -10.000000000000004 130.03265216051034 
-60.00000000000001 -5.000000000000002 127.80703582462432 
-60.00000000000001 0.0 127.07799414371623 
-60.00000000000001 5.000000000000002 127.56609112171985 
-60.00000000000001 10.000000000000004 129.13466311275113 
-60.00000000000001 15.000000000000007 131.95796094557792 
-60.00000000000001 20.000000000000007 137.6352513908276 
-60.00000000000001 24.999999999999993 134.57524486173804 
-60.00000000000001 29.999999999999993 131.74664404274006 
-60.00000000000001 34.99999999999999 131.12108302188656 
-60.00000000000001 40.0 131.7947080723769 
-60.00000000000001 45.0 133.46685072675191 
-60.00000000000001 50.0 134.67721952535038 
-60.00000000000001 55.00000000000001 135.62803213938653 
-60.00000000000001 60.00000000000001 137.71088230721148 
-60.00000000000001 65.00000000000001 141.0650830207007 
-60.00000000000001 69.99999999999999 143.8166794285986 
-60.00000000000001 75.0 150.3679075479906 
-60.00000000000001 80.0 200.43503721413273 
-60.00000000000001 85.0 121.46847434621544 
-55.00000000000001 -85.0 33.27890948628342 
-55.00000000000001 -80.0 53.318829065668595 
-55.00000000000001 -75.0 38.3178287563388 
-55.00000000000001 -70.0 34.95400168712725 
-55.00000000000001 -65.0 33.00800162821299 
-55.00000000000001 -60.00000000000001 31.94202228864223 
-55.00000000000001 -55.00000000000001 32.81443031568981 
-55.00000000000001 -50.0 36.25815634741147 
-55.00000000000001 -45.0 42.367290997194324 
-55.00000000000001 -40.0 50.7844384511333 
-55.00000000000001 -34.99999999999999 62.51067425865859 
-55.00000000000001 -30.000000000000004 81.55536430959529 
-55.00000000000001 -25.0 104.61051497808977 
-55.00000000000001 -20.0 144.41766974432713 
-55.00000000000001 -14.999999999999996 135.88017706969165 
-55.00000000000001 -10.000000000000004 131.53351129135228 
-55.00000000000001 -5.000000000000002 129.27806334393048 
-55.00000000000001 0.0 128.53765007823668 
-55.00000000000001 5.000000000000002 129.0290136502033 
-55.00000000000001 10.000000000000004 130.61381119525734 
-55.00000000000001 15.000000000000007 133.46914375535852 
-55.00000000000001 20.000000000000007 139.21689970834788 
-55.00000000000001 24.999999999999993 136.11918922029187 
-55.00000000000001 29.999999999999993 133.23649489036544 
-55.00000000000001 34.99999999999999 132.5821454672372 
-55.00000000000001 40.0 133.24058169145925 
-55.00000000000001 45.0 134.90634552566755 
-55.00000000000001 50.0 136.10085458815635 
-55.00000000000001 55.00000000000001 137.02975777241235 
-55.00000000000001 60.00000000000001 139.10128705175865 
-55.00000000000001 65.00000000000001 142.45815974637043 
-55.00000000000001 69.99999999999999 145.21025828702832 
-55.00000000000001 75.0 151.8041487807284 
-55.00000000000001 80.0 202.33155449662573 
-55.00000000000001 85.0 122.61213761938546 
-50.0 -85.0 33.66543022177759 
-50.0 -80.0 53.92450810271197 
-50.0 -75.0 38.7416897159957 
-50.0 -70.0 35.33443621720375 
-50.0 -65.0 33.37197519463053 
-50.0 -60.00000000000001 32.315574875213485 
-50.0 -55.00000000000001 33.23991235258354 
-50.0 -50.0 36.789771818229696 
-50.0 -45.0 43.061467034905284 
-50.0 -40.0 51.688121510937954 
-50.0 -34.99999999999999 63.69078921019061 
-50.0 -30.000000000000004 83.16305857145258 
-50.0 -25.0 106.7269651261827 
-50.0 -20.0 147.34465580302526 
-50.0 -14.999999999999996 138.61766368879003 
-50.0 -10.000000000000004 134.1747371443234 
-50.0 -5.000000000000002 131.86834070187746 
-50.0 0.0 131.108987965716 
-50.0 5.000000000000002 131.60693746775007 
-50.0 10.000000000000004 133.2209531704225 
-50.0 15.000000000000007 136.13275530115408 
-50.0 20.000000000000007 142.00215322419868 
-50.0 24.999999999999993 138.8453700490573 
-50.0 29.999999999999993 135.8795657001725 
-50.0 34.99999999999999 135.1872047542415 
-50.0 40.0 135.83228204677835 
-50.0 45.0 137.50279654195532 
-50.0 50.0 138.68931004904232 
-50.0 55.00000000000001 139.60308783103625 
-50.0 60.00000000000001 141.68142701614715 
-50.0 65.00000000000001 145.07182351348553 
-50.0 69.99999999999999 147.85160548391505 
-50.0 75.0 154.549336174576 
-50.0 80.0 205.97840733326393 
-50.0 85.0 124.818965691543 
-45.0 -85.0 34.0488648555164 
-45.0 -80.0 54.52725610520161 
-45.0 -75.0 39.16505212611705 
-45.0 -70.0 35.71529486874472 
-45.0 -65.0 33.73620182637107 
-45.0 -60.00000000000001 32.688379499758085 
-45.0 -55.00000000000001 33.66331934117318 
-45.0 -50.0 37.31801636779709 
-45.0 -45.0 43.7510663007419 
-45.0 -40.0 52.58602013588418 
-45.0 -34.99999999999999 64.86377128649491 
-45.0 -30.000000000000004 84.76019231169163 
-45.0 -25.0 108.82732044971095 
-45.0 -20.0 150.2420030553179 
-45.0 -14.999999999999996 141.32295433821133 
-45.0 -10.000000000000004 136.78237056129927 
-45.0 -5.000000000000002 134.4239191864766 
-45.0 0.0 133.64449866068264 
-45.0 5.000000000000002 134.14776735016167 
-45.0 10.000000000000004 135.78960051108928 
-45.0 15.000000000000007 138.75646247284777 
-45.0 20.000000000000007 144.74644626319812 
-45.0 24.999999999999993 141.5330585378033 
-45.0 29.999999999999993 138.4820432649442 
-45.0 34.99999999999999 137.74866915009426 
-45.0 40.0 138.37731407625085 
-45.0 45.0 140.05031479783796 
-45.0 50.0 141.22787928231375 
-45.0 55.00000000000001 142.12686084350258 
-45.0 60.00000000000001 144.21284737723897 
-45.0 65.00000000000001 147.63745318016564 
-45.0 69.99999999999999 150.4453373441608 
-45.0 75.0 157.24509236633563 
-45.0 80.0 209.5585936759415 
-45.0 85.0 126.98469534816525 
-40.0 -85.0 34.280007065310954 
-40.0 -80.0 54.8902727234768 
-40.0 -75.0 39.41992488317356 
-40.0 -70.0 35.945212251686904 
-40.0 -65.0 33.95873228858377 
-40.0 -60.00000000000001 32.92274193610803 
-40.0 -55.00000000000001 33.941450198141034 
-40.0 -50.0 37.681802636384255 
-40.0 -45.0 44.24459851296788 
-40.0 -40.0 53.24564132407053 
-40.0 -34.99999999999999 65.74101695217674 
-40.0 -30.000000000000004 85.96908171977198 
-40.0 -25.0 110.42557430212969 
-40.0 -20.0 152.44738428047663 
-40.0 -14.999999999999996 143.37491847381352 
-40.0 -10.000000000000004 138.7558402649733 
-40.0 -5.000000000000002 136.35482107538408 
-40.0 0.0 135.5576822638449 
-40.0 5.000000000000002 136.06273374561215 
-40.0 10.000000000000004 137.72360425364218 
-40.0 15.000000000000007 140.73071308242584 
-40.0 20.000000000000007 146.81276672785398 
-40.0 24.999999999999993 143.55713341998302 
-40.0 29.999999999999993 140.43382699145474 
-40.0 34.99999999999999 139.660940545989 
-40.0 40.0 140.26892238029444 
-40.0 45.0 141.93650413465298 
-40.0 50.0 143.10078237755863 
-40.0 55.00000000000001 143.9829852550299 
-40.0 60.00000000000001 146.06951495388898 
-40.0 65.00000000000001 149.51450690324046 
-40.0 69.99999999999999 152.33817686206834 
-40.0 75.0 159.20726228074267 
-40.0 80.0 212.158141925831 
-40.0 85.0 128.5544065490676 
-34.99999999999999 -85.0 34.20155589260238 
-34.99999999999999 -80.0 54.76177501867855 
-34.99999999999999 -75.0 39.32563154682522 
-34.99999999999999 -70.0 35.85954817590226 
-34.99999999999999 -65.0 33.883702266293746 
-34.99999999999999 -60.00000000000001 32.866039089190195 
-34.99999999999999 -55.00000000000001 33.91341568421734 
-34.99999999999999 -50.0 37.69652603862369 
-34.99999999999999 -45.0 44.31752032046482 
-34.99999999999999 -40.0 53.388651975514044 
-34.99999999999999 -34.99999999999999 65.97077328415855 
-34.99999999999999 -30.000000000000004 86.32150500433671 
-34.99999999999999 -25.0 110.91459342447818 
-34.99999999999999 -20.0 153.1202421079846 
-34.99999999999999 -14.999999999999996 143.98578341412988 
-34.99999999999999 -10.000000000000004 139.33426777640233 
-34.99999999999999 -5.000000000000002 136.91422555606084 
-34.99999999999999 0.0 136.10658507302355 
-34.99999999999999 5.000000000000002 136.60734715469013 
-34.99999999999999 10.000000000000004 138.26937394758173 
-34.99999999999999 15.000000000000007 141.28507548631234 
-34.99999999999999 20.000000000000007 147.39592492873987 
-34.99999999999999 24.999999999999993 144.12987537146637 
-34.99999999999999 29.999999999999993 140.96665538582477 
-34.99999999999999 34.99999999999999 140.1626251768834 
-34.99999999999999 40.0 140.74503137650493 
-34.99999999999999 45.0 142.3925764662104 
-34.99999999999999 50.0 143.53520135730375 
-34.99999999999999 55.00000000000001 144.39598948804377 
-34.99999999999999 60.00000000000001 146.46663967267253 
-34.99999999999999 65.00000000000001 149.90154844215957 
-34.99999999999999 69.99999999999999 152.71551937065007 
-34.99999999999999 75.0 159.58667733000803 
-34.99999999999999 80.0 212.648193362851 
-34.99999999999999 85.0 128.8452974706486 
-30.000000000000004 -85.0 33.87895421489871 
-30.000000000000004 -80.0 54.245409758519955 
-30.000000000000004 -75.0 38.955625041651395 
-30.000000000000004 -70.0 35.52461592567241 
-30.000000000000004 -65.0 33.57361994926562 
-30.000000000000004 -60.00000000000001 32.57926125250398 
-30.000000000000004 -55.00000000000001 33.64282443699117 
-30.000000000000004 -50.0 37.43360103621178 
-30.000000000000004 -45.0 44.054302044794966 
-30.000000000000004 -40.0 53.11707606495046 
-30.000000000000004 -34.99999999999999 65.67923331527324 
-30.000000000000004 -30.000000000000004 85.982599799431 
-30.000000000000004 -25.0 110.5073168884979 
-30.000000000000004 -20.0 152.55152637218018 
-30.000000000000004 -14.999999999999996 143.42874531800422 
-30.000000000000004 -10.000000000000004 138.78204417819873 
-30.000000000000004 -5.000000000000002 136.3620350292598 
-30.000000000000004 0.0 135.54970072426445 
-30.000000000000004 5.000000000000002 136.04119536301167 
-30.000000000000004 10.000000000000004 137.68984820540203 
-30.000000000000004 15.000000000000007 140.68853002964485 
-30.000000000000004 20.000000000000007 146.77717231680748 
-30.000000000000004 24.999999999999993 143.5278534731278 
-30.000000000000004 29.999999999999993 140.35088725900795 
-30.000000000000004 34.99999999999999 139.52290709646644 
-30.000000000000004 40.0 140.0763282748274 
-30.000000000000004 45.0 141.6926682276714 
-30.000000000000004 50.0 142.80754612417232 
-30.000000000000004 55.00000000000001 143.6438178170831 
-30.000000000000004 60.00000000000001 145.68597557123258 
-30.000000000000004 65.00000000000001 149.08695482564647 
-30.000000000000004 69.99999999999999 151.8715954830802 
-30.000000000000004 75.0 158.6917550319672 
-30.000000000000004 80.0 211.441315579104 
-30.000000000000004 85.0 128.1081675660959 
-25.0 -85.0 33.55778533581786 
-25.0 -80.0 53.73296209535949 
-25.0 -75.0 38.590104115463475 
-25.0 -70.0 35.195338041162124 
-25.0 -65.0 33.2698007125907 
-25.0 -60.00000000000001 32.29823445024835 
-25.0 -55.00000000000001 33.37616796518942 
-25.0 -50.0 37.17134639916233 
-25.0 -45.0 43.78706239110652 
-25.0 -40.0 52.83569495611256 
-25.0 -34.99999999999999 65.37091007628476 
-25.0 -30.000000000000004 85.61768480879921 
-25.0 -25.0 110.06308008481554 
-25.0 -20.0 151.9336134296211 
-25.0 -14.999999999999996 142.82609206411433 
-25.0 -10.000000000000004 138.18573343190636 
-25.0 -5.000000000000002 135.7663644089701 
-25.0 0.0 134.94927250499984 
-25.0 5.000000000000002 135.43090596239665 
-25.0 10.000000000000004 137.06516195297127 
-25.0 15.000000000000007 140.0453277123288 
-25.0 20.000000000000007 146.10898345931923 
-25.0 24.999999999999993 142.87677671884578 
-25.0 29.999999999999993 139.68712491037058 
-25.0 34.99999999999999 138.83587342784764 
-25.0 40.0 139.36126994292914 
-25.0 45.0 140.94744385545135 
-25.0 50.0 142.03614444124113 
-25.0 55.00000000000001 142.84974272128417 
-25.0 60.00000000000001 144.86486084130155 
-25.0 65.00000000000001 148.23278205298686 
-25.0 69.99999999999999 150.98881426810604 
-25.0 75.0 157.75733788889443 
-25.0 80.0 210.18278439497809 
-25.0 85.0 127.34006829190392 
-20.0 -85.0 35.54892759469512 
-20.0 -80.0 56.920436743885794 
-20.0 -75.0 40.879104085329885 
-20.0 -70.0 37.28430676364562 
-20.0 -65.0 35.24980102358099 
-20.0 -60.00000000000001 34.233721370214056 
-20.0 -55.00000000000001 35.401604159502774 
-20.0 -50.0 39.465729636366824 
-20.0 -45.0 46.536714576123444 
-20.0 -40.0 56.199963659172475 
-20.0 -34.99999999999999 69.5792877376486 
-20.0 -30.000000000000004 91.17203965812406 
-20.0 -25.0 117.23337292826132 
-20.0 -20.0 161.7850591491935 
-20.0 -14.999999999999996 152.04614486668402 
-20.0 -10.000000000000004 147.08375263183575 
-20.0 -5.000000000000002 144.49332186689747 
-20.0 0.0 143.6119495491167 
-20.0 5.000000000000002 144.114795239172 
-20.0 10.000000000000004 145.84628330333652 
-20.0 15.000000000000007 149.014380121619 
-20.0 20.000000000000007 155.47836377530493 
-20.0 24.999999999999993 152.04831883020046 
-20.0 29.999999999999993 148.61055694740466 
-20.0 34.99999999999999 147.66684900430408 
-20.0 40.0 148.19183963481458 
-20.0 45.0 149.85068686301295 
-20.0 50.0 150.9831706270035 
-20.0 55.00000000000001 151.8266168193922 
-20.0 60.00000000000001 153.95114979587095 
-20.0 65.00000000000001 157.51677580675565 
-20.0 69.99999999999999 160.43461901737066 
-20.0 75.0 167.61738125031675 
-20.0 80.0 223.30973934678204 
-20.0 85.0 135.28919658981195 
-14.999999999999996 -85.0 34.815325461122626 
-14.999999999999996 -80.0 55.76930186776967 
-14.999999999999996 -75.0 40.07492294582377 
-14.999999999999996 -70.0 36.57028852602495 
-14.999999999999996 -65.0 34.58696024201572 
-14.999999999999996 -60.00000000000001 33.59446604121446 
-14.999999999999996 -55.00000000000001 34.74107062975939 
-14.999999999999996 -50.0 38.73232288151555 
-14.999999999999996 -45.0 45.68257487474332 
-14.999999999999996 -40.0 55.18624569170686 
-14.999999999999996 -34.99999999999999 68.3483544725519 
-14.999999999999996 -30.000000000000004 89.60501106882009 
-14.999999999999996 -25.0 115.24336963744258 
-14.999999999999996 -20.0 159.21043599189505 
-14.999999999999996 -14.999999999999996 149.65885136291442 
-14.999999999999996 -10.000000000000004 144.78505605076737 
-14.999999999999996 -5.000000000000002 142.23922330395217 
-14.999999999999996 0.0 141.3722842375601 
-14.999999999999996 5.000000000000002 141.86548077427025 
-14.999999999999996 10.000000000000004 143.5655301757634 
-14.999999999999996 15.000000000000007 146.6754741915121 
-14.999999999999996 20.000000000000007 153.01671835508833 
-14.999999999999996 24.999999999999993 149.59012099536082 
-14.999999999999996 29.999999999999993 146.22054309038282 
-14.999999999999996 34.99999999999999 145.29621057819415 
-14.999999999999996 40.0 145.81917498987588 
-14.999999999999996 45.0 147.45643415043602 
-14.999999999999996 50.0 148.57446475631676 
-14.999999999999996 55.00000000000001 149.40478384210192 
-14.999999999999996 60.00000000000001 151.4889893512715 
-14.999999999999996 65.00000000000001 154.98094973628443 
-14.999999999999996 69.99999999999999 157.82376263266772 
-14.999999999999996 75.0 164.85197014156532 
-14.999999999999996 80.0 219.57447404124468 
-14.999999999999996 85.0 133.00299216362814 
-10.000000000000004 -85.0 34.167765981078475 
-10.000000000000004 -80.0 54.73516752231185 
-10.000000000000004 -75.0 39.33485913549811 
-10.000000000000004 -70.0 35.89744206115328 
-10.000000000000004 -65.0 33.95138399513652 
-10.000000000000004 -60.00000000000001 32.97488712682966 
-10.000000000000004 -55.00000000000001 34.09415216970229 
-10.000000000000004 -50.0 38.00098391450314 
-10.000000000000004 -45.0 44.80760721815068 
-10.000000000000004 -40.0 54.116851543211624 
-10.000000000000004 -34.99999999999999 67.01158101122773 
-10.000000000000004 -30.000000000000004 87.84046034505356 
-10.000000000000004 -25.0 112.96213670512114 
-10.000000000000004 -20.0 156.063177700295 
-10.000000000000004 -14.999999999999996 146.70569207005332 
-10.000000000000004 -10.000000000000004 141.92867142472394 
-10.000000000000004 -5.000000000000002 139.43141278975062 
-10.000000000000004 0.0 138.57825332856535 
-10.000000000000004 5.000000000000002 139.05694359301853 
-10.000000000000004 10.000000000000004 140.71727026727925 
-10.000000000000004 15.000000000000007 143.75796078890914 
-10.000000000000004 20.000000000000007 149.9624294594294 
-10.000000000000004 24.999999999999993 146.59353325880105 
-10.000000000000004 29.999999999999993 143.28933254182903 
-10.000000000000004 34.99999999999999 142.38056081676405 
-10.000000000000004 40.0 142.89032664383177 
-10.000000000000004 45.0 144.491887734511 
-10.000000000000004 50.0 145.58501443775182 
-10.000000000000004 55.00000000000001 146.39644094242726 
-10.000000000000004 60.00000000000001 148.43637460570457 
-10.000000000000004 65.00000000000001 151.85530129642285 
-10.000000000000004 69.99999999999999 154.63776174126306 
-10.000000000000004 75.0 161.52088658639926 
-10.000000000000004 80.0 215.13387902557466 
-10.000000000000004 85.0 130.31160113874952 
-5.000000000000002 -85.0 33.791915550524635 
-5.000000000000002 -80.0 54.13467638718619 
-5.000000000000002 -75.0 38.904883176803594 
-5.000000000000002 -70.0 35.506316878629505 
-5.000000000000002 -65.0 33.58171856409328 
-5.000000000000002 -60.00000000000001 32.614095705075606 
-5.000000000000002 -55.00000000000001 33.71643367171503 
-5.000000000000002 -50.0 37.57207278084069 
-5.000000000000002 -45.0 44.29163748302968 
-5.000000000000002 -40.0 53.48282872832617 
-5.000000000000002 -34.99999999999999 66.21502230826965 
-5.000000000000002 -30.000000000000004 86.78342737433127 
-5.000000000000002 -25.0 111.59045388678427 
-5.000000000000002 -20.0 154.15987617873012 
-5.000000000000002 -14.999999999999996 144.91704151715987 
-5.000000000000002 -10.000000000000004 140.19638497139658 
-5.000000000000002 -5.000000000000002 137.72644165768514 
-5.000000000000002 0.0 136.87952795073772 
-5.000000000000002 5.000000000000002 137.34728892502827 
-5.000000000000002 10.000000000000004 138.98137976343762 
-5.000000000000002 15.000000000000007 141.97796794174513 
-5.000000000000002 20.000000000000007 148.09758667415258 
-5.000000000000002 24.999999999999993 144.76421689490178 
-5.000000000000002 29.999999999999993 141.49781137095988 
-5.000000000000002 34.99999999999999 140.59679351856008 
-5.000000000000002 40.0 141.09681061473364 
-5.000000000000002 45.0 142.67509568112962 
-5.000000000000002 50.0 143.75181655048334 
-5.000000000000002 55.00000000000001 144.55085523566348 
-5.000000000000002 60.00000000000001 146.56324842646129 
-5.000000000000002 65.00000000000001 149.93746795194505 
-5.000000000000002 69.99999999999999 152.68349134490268 
-5.000000000000002 75.0 159.47860667861391 
-5.000000000000002 80.0 212.4127894493596 
-5.000000000000002 85.0 128.66304996948182 
0.0 -85.0 33.702285378786144 
0.0 -80.0 53.992210910853565 
0.0 -75.0 38.803604676763754 
0.0 -70.0 35.414824965869975 
0.0 -65.0 33.49544070111833 
0.0 -60.00000000000001 32.5291074394898 
0.0 -55.00000000000001 33.625135178327405 
0.0 -50.0 37.4642237712802 
0.0 -45.0 44.15618327619821 
0.0 -40.0 53.30994540589728 
0.0 -34.99999999999999 65.99060661198145 
0.0 -30.000000000000004 86.47675878036736 
0.0 -25.0 111.1838373952846 
0.0 -20.0 153.58494824079267 
0.0 -14.999999999999996 144.37359299043044 
0.0 -10.000000000000004 139.66663219903094 
0.0 -5.000000000000002 137.20155466649575 
0.0 0.0 136.35307402602803 
0.0 5.000000000000002 136.8139848283207 
0.0 10.000000000000004 138.43648345583887 
0.0 15.000000000000007 141.4158988553076 
0.0 20.000000000000007 147.50545867416923 
0.0 24.999999999999993 144.18107823355464 
0.0 29.999999999999993 140.92422350814508 
0.0 34.99999999999999 140.02340176250772 
0.0 40.0 140.51823649282102 
0.0 45.0 142.08725468937612 
0.0 50.0 143.157281309186 
0.0 55.00000000000001 143.95131599522816 
0.0 60.00000000000001 145.95414807139466 
0.0 65.00000000000001 149.31354146493845 
0.0 69.99999999999999 152.04769071293947 
0.0 75.0 158.81434089816042 
0.0 80.0 211.5280541293166 
0.0 85.0 128.12719656846778 
5.000000000000002 -85.0 33.95949638595273 
5.000000000000002 -80.0 54.405155269396424 
5.000000000000002 -75.0 39.101279935761795 
5.000000000000002 -70.0 35.68733836080567 
5.000000000000002 -65.0 33.753619913331946 
5.000000000000002 -60.00000000000001 32.77932156988935 
5.000000000000002 -55.00000000000001 33.881647176859126 
5.000000000000002 -50.0 37.74572577428564 
5.000000000000002 -45.0 44.48152193230853 
5.000000000000002 -40.0 53.69482377821654 
5.000000000000002 -34.99999999999999 66.45762165235404 
5.000000000000002 -30.000000000000004 87.07647421846268 
5.000000000000002 -25.0 111.94247290741333 
5.000000000000002 -20.0 154.6142726822656 
5.000000000000002 -14.999999999999996 145.33355583337715 
5.000000000000002 -10.000000000000004 140.58841598505873 
5.000000000000002 -5.000000000000002 138.10085592922013 
5.000000000000002 0.0 137.24123136284203 
5.000000000000002 5.000000000000002 137.70014081155745 
5.000000000000002 10.000000000000004 139.32868114902053 
5.000000000000002 15.000000000000007 142.3233774037329 
5.000000000000002 20.000000000000007 148.44886767706768 
5.000000000000002 24.999999999999993 145.10052086734726 
5.000000000000002 29.999999999999993 141.8189109341849 
5.000000000000002 34.99999999999999 140.90885120827252 
5.000000000000002 40.0 141.40374723405955 
5.000000000000002 45.0 142.98010670787744 
5.000000000000002 50.0 144.05484237316222 
5.000000000000002 55.00000000000001 144.8524409524799 
5.000000000000002 60.00000000000001 146.86698321611738 
5.000000000000002 65.00000000000001 150.2470632734802 
5.000000000000002 69.99999999999999 152.99835625216036 
5.000000000000002 75.0 159.8075823702126 
5.000000000000002 80.0 212.85139075931116 
5.000000000000002 85.0 128.9289585211986 
10.000000000000004 -85.0 34.64633082574595 
10.000000000000004 -80.0 55.5057364401303 
10.000000000000004 -75.0 39.89257410462458 
10.000000000000004 -70.0 36.40996246847783 
10.000000000000004 -65.0 34.43754688694942 
10.000000000000004 -60.00000000000001 33.44367814938227 
10.000000000000004 -55.00000000000001 34.567608391683564 
10.000000000000004 -50.0 38.50744156461892 
10.000000000000004 -45.0 45.37432568743591 
10.000000000000004 -40.0 54.7654902890011 
10.000000000000004 -34.99999999999999 67.77359964431635 
10.000000000000004 -30.000000000000004 88.78734166914936 
10.000000000000004 -25.0 114.12827941669914 
10.000000000000004 -20.0 157.6021296666629 
10.000000000000004 -14.999999999999996 148.126854837316 
10.000000000000004 -10.000000000000004 143.27919655537374 
10.000000000000004 -5.000000000000002 140.7351641862384 
10.000000000000004 0.0 139.85230941707897 
10.000000000000004 5.000000000000002 140.314859452797 
10.000000000000004 10.000000000000004 141.9707783089844 
10.000000000000004 15.000000000000007 145.02031144406533 
10.000000000000004 20.000000000000007 151.2626177844528 
10.000000000000004 24.999999999999993 147.85065652560843 
10.000000000000004 29.999999999999993 144.50128947595348 
10.000000000000004 34.99999999999999 143.5694861284512 
10.000000000000004 40.0 144.06985103247422 
10.000000000000004 45.0 145.67286306336982 
10.000000000000004 50.0 146.76530595109313 
10.000000000000004 55.00000000000001 147.57610312065003 
10.000000000000004 60.00000000000001 149.62758705622312 
10.000000000000004 65.00000000000001 153.0711143673418 
10.000000000000004 69.99999999999999 155.87470881918514 
10.000000000000004 75.0 162.8129385443116 
10.000000000000004 80.0 216.85564349950062 
10.000000000000004 85.0 131.35502437721584 
15.000000000000007 -85.0 35.916412243723514 
15.000000000000007 -80.0 57.53784968664897 
15.000000000000007 -75.0 41.350589423938715 
15.000000000000007 -70.0 37.73867156489262 
15.000000000000007 -65.0 35.69320119403785 
15.000000000000007 -60.00000000000001 34.66280315377956 
15.000000000000007 -55.00000000000001 35.82715873615615 
15.000000000000007 -50.0 39.90797380673232 
15.000000000000007 -45.0 47.018303329654394 
15.000000000000007 -40.0 56.7396257348105 
15.000000000000007 -34.99999999999999 70.2034274818692 
15.000000000000007 -30.000000000000004 91.94914185792707 
15.000000000000007 -25.0 118.17321220872701 
15.000000000000007 -20.0 163.11851546127465 
15.000000000000007 -14.999999999999996 153.2818488582228 
15.000000000000007 -10.000000000000004 148.2466763818774 
15.000000000000007 -5.000000000000002 145.60130167076753 
15.000000000000007 0.0 144.6789938636257 
15.000000000000007 5.000000000000002 145.15201939029458 
15.000000000000007 10.000000000000004 146.86257600992562 
15.000000000000007 15.000000000000007 150.018089601381 
15.000000000000007 20.000000000000007 156.4830364566742 
15.000000000000007 24.999999999999993 152.960271198989 
15.000000000000007 29.999999999999993 149.48487240455017 
15.000000000000007 34.99999999999999 148.51328340809005 
15.000000000000007 40.0 149.02409777635512 
15.000000000000007 45.0 150.67690177262875 
15.000000000000007 50.0 151.80229039468998 
15.000000000000007 55.00000000000001 152.63763909716852 
15.000000000000007 60.00000000000001 154.7581881013737 
15.000000000000007 65.00000000000001 158.3208367535573 
15.000000000000007 69.99999999999999 161.22384408105876 
15.000000000000007 75.0 168.4050494177203 
15.000000000000007 80.0 224.31068624910566 
15.000000000000007 85.0 135.87380929749557 
20.000000000000007 -85.0 37.46185501501311 
20.000000000000007 -80.0 59.955190740085726 
20.000000000000007 -75.0 43.03063299922213 
20.000000000000007 -70.0 39.21970544576487 
20.000000000000007 -65.0 37.05362076276688 
20.000000000000007 -60.00000000000001 35.951463475203525 
20.000000000000007 -55.00000000000001 37.11934958086081 
20.000000000000007 -50.0 41.281755463418 
20.000000000000007 -45.0 48.53704405046413 
20.000000000000007 -40.0 58.451389929675955 
20.000000000000007 -34.99999999999999 72.18453433996761 
20.000000000000007 -30.000000000000004 94.34312763630236 
20.000000000000007 -25.0 121.11750032924935 
20.000000000000007 -20.0 166.63740126385935 
20.000000000000007 -14.999999999999996 156.48031196337848 
20.000000000000007 -10.000000000000004 151.2926274915738 
20.000000000000007 -5.000000000000002 148.5654981937685 
20.000000000000007 0.0 147.6081896768096 
20.000000000000007 5.000000000000002 148.08259124494296 
20.000000000000007 10.000000000000004 149.82700297628202 
20.000000000000007 15.000000000000007 153.05608503834608 
20.000000000000007 20.000000000000007 159.69175240300152 
20.000000000000007 24.999999999999993 156.19223946346065 
20.000000000000007 29.999999999999993 152.59888088184212 
20.000000000000007 34.99999999999999 151.58519949959836 
20.000000000000007 40.0 152.08041481791528 
20.000000000000007 45.0 153.7435668718759 
20.000000000000007 50.0 154.87176168797544 
20.000000000000007 55.00000000000001 155.7130638803769 
20.000000000000007 60.00000000000001 157.88364517270486 
20.000000000000007 65.00000000000001 161.5530453128304 
20.000000000000007 69.99999999999999 164.58137025568138 
20.000000000000007 75.0 172.00498622060002 
20.000000000000007 80.0 229.23428111530345 
20.000000000000007 85.0 138.91542546888215 
24.999999999999993 -85.0 25.851450363561884 
24.999999999999993 -80.0 41.360640310710224 
24.999999999999993 -75.0 29.670696969847246 
24.999999999999993 -70.0 27.024859581389116 
24.999999999999993 -65.0 25.50352918483141 
24.999999999999993 -60.00000000000001 24.688679257680242 
24.999999999999993 -55.00000000000001 25.38492698151644 
24.999999999999993 -50.0 28.061145532462408 
24.999999999999993 -45.0 32.76771394150471 
24.999999999999993 -40.0 39.21618417552665 
24.999999999999993 -34.99999999999999 48.16970467122866 
24.999999999999993 -30.000000000000004 62.64106857571533 
24.999999999999993 -25.0 80.16425173072501 
24.999999999999993 -20.0 109.88823753251037 
24.999999999999993 -14.999999999999996 103.16587520656016 
24.999999999999993 -10.000000000000004 99.72753168204721 
24.999999999999993 -5.000000000000002 97.91271464850361 
24.999999999999993 0.0 97.26560677250097 
24.999999999999993 5.000000000000002 97.56315382644495 
24.999999999999993 10.000000000000004 98.69836717116003 
24.999999999999993 15.000000000000007 100.81141420643608 
24.999999999999993 20.000000000000007 105.16551737650283 
24.999999999999993 24.999999999999993 102.88115993878768 
24.999999999999993 29.999999999999993 100.52049812559898 
24.999999999999993 34.99999999999999 99.86725896944165 
24.999999999999993 40.0 100.2048118590508 
24.999999999999993 45.0 101.31074719320763 
24.999999999999993 50.0 102.0690677717981 
24.999999999999993 55.00000000000001 102.6457940888882 
24.999999999999993 60.00000000000001 104.10941959168998 
24.999999999999993 65.00000000000001 106.57623071820845 
24.999999999999993 69.99999999999999 108.63654785375442 
24.999999999999993 75.0 113.61170546878232 
24.999999999999993 80.0 151.50835013493045 
24.999999999999993 85.0 91.85594257102076 
29.999999999999993 -85.0 21.501377458442857 
29.999999999999993 -80.0 34.39137792405712 
29.999999999999993 -75.0 24.660640730562214 
29.999999999999993 -70.0 22.44780668953713 
29.999999999999993 -65.0 21.160007788199497 
29.999999999999993 -60.00000000000001 20.43274219847193 
29.999999999999993 -55.00000000000001 20.909021294679945 
29.999999999999993 -50.0 22.949489275588586 
29.999999999999993 -45.0 26.579717654296473 
29.999999999999993 -40.0 31.571006013738884 
29.999999999999993 -34.99999999999999 38.5250370614765 
29.999999999999993 -30.000000000000004 49.79341912398419 
29.999999999999993 -25.0 63.48375397714941 
29.999999999999993 -20.0 86.63984684256621 
29.999999999999993 -14.999999999999996 81.31352606302687 
29.999999999999993 -10.000000000000004 78.58694960209911 
29.999999999999993 -5.000000000000002 77.14258865517903 
29.999999999999993 0.0 76.62037455277826 
29.999999999999993 5.000000000000002 76.84418653016952 
29.999999999999993 10.000000000000004 77.72911395739904 
29.999999999999993 15.000000000000007 79.38406932981066 
29.999999999999993 20.000000000000007 82.80105533256922 
29.999999999999993 24.999999999999993 81.02652101836051 
29.999999999999993 29.999999999999993 79.17448515222517 
29.999999999999993 34.99999999999999 78.67737878269261 
29.999999999999993 40.0 78.95841604664064 
29.999999999999993 45.0 79.844488336559 
29.999999999999993 50.0 80.46225711907653 
29.999999999999993 55.00000000000001 80.9448726230141 
29.999999999999993 60.00000000000001 82.13782509552647 
29.999999999999993 65.00000000000001 84.13720787194171 
29.999999999999993 69.99999999999999 85.83184109046441 
29.999999999999993 75.0 89.8424477039483 
29.999999999999993 80.0 119.9111495108077 
29.999999999999993 85.0 72.74325261068486 
34.99999999999999 -85.0 18.41378307953584 
34.99999999999999 -80.0 29.449729478059595 
34.99999999999999 -75.0 21.11280357778922 
34.99999999999999 -70.0 19.209760130926778 
34.99999999999999 -65.0 18.08604963662973 
34.99999999999999 -60.00000000000001 17.41157284475603 
34.99999999999999 -55.00000000000001 17.711182205201805 
34.99999999999999 -50.0 19.265200556096865 
34.99999999999999 -45.0 22.08046589201364 
34.99999999999999 -40.0 25.973615554272666 
34.99999999999999 -34.99999999999999 31.426869092155307 
34.99999999999999 -30.000000000000004 40.30278351820232 
34.99999999999999 -25.0 51.13489324257651 
34.99999999999999 -20.0 69.43061783967582 
34.99999999999999 -14.999999999999996 65.14832805110444 
34.99999999999999 -10.000000000000004 62.95269099577479 
34.99999999999999 -5.000000000000002 61.784467573948746 
34.99999999999999 0.0 61.35564670989305 
34.99999999999999 5.000000000000002 61.52523936587553 
34.99999999999999 10.000000000000004 62.224588514520256 
34.99999999999999 15.000000000000007 63.538653572716605 
34.99999999999999 20.000000000000007 66.255159702211 
34.99999999999999 24.999999999999993 64.84814995041933 
34.99999999999999 29.999999999999993 63.38124652592223 
34.99999999999999 34.99999999999999 63.00795387664701 
34.99999999999999 40.0 63.255941792417524 
34.99999999999999 45.0 63.98744911560572 
34.99999999999999 50.0 64.50952949388707 
34.99999999999999 55.00000000000001 64.93058082599809 
34.99999999999999 60.00000000000001 65.93086720147576 
34.99999999999999 65.00000000000001 67.59141133508501 
34.99999999999999 69.99999999999999 69.02117693654431 
34.99999999999999 75.0 72.32458349405813 
34.99999999999999 80.0 96.62779676600118 
34.99999999999999 85.0 58.66082966478987 
40.0 -85.0 15.948566930504674 
40.0 -80.0 25.509493297534345 
40.0 -75.0 18.288153549899604 
40.0 -70.0 16.63334619895861 
40.0 -65.0 15.636186047888337 
40.0 -60.00000000000001 14.99100392347016 
40.0 -55.00000000000001 15.125559374740837 
40.0 -50.0 16.253176464389387 
40.0 -45.0 18.3651000463758 
40.0 -40.0 21.31743546323569 
40.0 -34.99999999999999 25.492567572687445 
40.0 -30.000000000000004 32.341070729698075 
40.0 -25.0 40.75593690560165 
40.0 -20.0 54.96223230049312 
40.0 -14.999999999999996 51.564884247173914 
40.0 -10.000000000000004 49.81958393686999 
40.0 -5.000000000000002 48.88602188369237 
40.0 0.0 48.537231382627965 
40.0 5.000000000000002 48.661969790616645 
40.0 10.000000000000004 49.20526889005925 
40.0 15.000000000000007 50.23158193139551 
40.0 20.000000000000007 52.3549429677921 
40.0 24.999999999999993 51.249721920323644 
40.0 29.999999999999993 50.11236435380979 
40.0 34.99999999999999 49.849494029017706 
40.0 40.0 50.077016063560755 
40.0 45.0 50.68641311046344 
40.0 50.0 51.13681129321053 
40.0 55.00000000000001 51.5152094047509 
40.0 60.00000000000001 52.36248429234674 
40.0 65.00000000000001 53.74631405615065 
40.0 69.99999999999999 54.959327593724794 
40.0 75.0 57.67394728017882 
40.0 80.0 77.15661102908845 
40.0 85.0 46.884099066159585 
45.0 -85.0 14.053111568958622 
45.0 -80.0 22.48586890603373 
45.0 -75.0 16.125114032129307 
45.0 -70.0 14.661647313286789 
45.0 -65.0 13.756205456001412 
45.0 -60.00000000000001 13.119173677151286 
45.0 -55.00000000000001 13.101460779612227 
45.0 -50.0 13.862628028022078 
45.0 -45.0 15.381846037176137 
45.0 -40.0 17.54891633296433 
45.0 -34.99999999999999 20.664827376142885 
45.0 -30.000000000000004 25.843239447090742 
45.0 -25.0 32.27018944178755 
45.0 -20.0 43.14165309331588 
45.0 -14.999999999999996 40.47834068117598 
45.0 -10.000000000000004 39.10649265090946 
45.0 -5.000000000000002 38.367891825898944 
45.0 0.0 38.08628188730516 
45.0 5.000000000000002 38.17508712186398 
45.0 10.000000000000004 38.59059430601348 
45.0 15.000000000000007 39.380067454191796 
45.0 20.000000000000007 41.0132045297601 
45.0 24.999999999999993 40.14450694380624 
45.0 29.999999999999993 39.28398141442268 
45.0 34.99999999999999 39.11888411642206 
45.0 40.0 39.33805029051688 
45.0 45.0 39.85638308977826 
45.0 50.0 40.257676132220816 
45.0 55.00000000000001 40.610712512397846 
45.0 60.00000000000001 41.34184530589414 
45.0 65.00000000000001 42.50691693274073 
45.0 69.99999999999999 43.546957005356724 
45.0 75.0 45.78377664558243 
45.0 80.0 61.351618463680154 
45.0 85.0 37.32298621439479 
50.0 -85.0 12.989472692494536 
50.0 -80.0 20.797858785359384 
50.0 -75.0 14.924050133350072 
50.0 -70.0 13.568358172474737 
50.0 -65.0 12.705723641559272 
50.0 -60.00000000000001 12.05154702279112 
50.0 -55.00000000000001 11.91029291149585 
50.0 -50.0 12.407810651187608 
50.0 -45.0 13.51603866707395 
50.0 -40.0 15.148376683026264 
50.0 -34.99999999999999 17.55286703771457 
50.0 -30.000000000000004 21.62247940341151 
50.0 -25.0 26.732812693082767 
50.0 -20.0 35.43105002263541 
50.0 -14.999999999999996 33.25755322037813 
50.0 -10.000000000000004 32.13411747328175 
50.0 -5.000000000000002 31.525211046091375 
50.0 0.0 31.288595277155398 
50.0 5.000000000000002 31.35415406141375 
50.0 10.000000000000004 31.685535739891765 
50.0 15.000000000000007 32.318188551589444 
50.0 20.000000000000007 33.62450720183548 
50.0 24.999999999999993 32.89685358721504 
50.0 29.999999999999993 32.22714588699383 
50.0 34.99999999999999 32.135539666918845 
50.0 40.0 32.35995845090387 
50.0 45.0 32.83009304713761 
50.0 50.0 33.211708769493505 
50.0 55.00000000000001 33.56077231304789 
50.0 60.00000000000001 34.227934072023 
50.0 65.00000000000001 35.25993897434064 
50.0 69.99999999999999 36.192413524492245 
50.0 75.0 38.121117276595335 
50.0 80.0 51.16203045536508 
50.0 85.0 31.156130973941565 
55.00000000000001 -85.0 12.669713551839525 
55.00000000000001 -80.0 20.301749900676505 
55.00000000000001 -75.0 14.579013904122982 
55.00000000000001 -70.0 13.25465170295144 
55.00000000000001 -65.0 12.390350369551747 
55.00000000000001 -60.00000000000001 11.697049030093126 
55.00000000000001 -55.00000000000001 11.45973713116659 
55.00000000000001 -50.0 11.788088907332769 
55.00000000000001 -45.0 12.65059624648775 
55.00000000000001 -40.0 13.974725989417914 
55.00000000000001 -34.99999999999999 15.980912572706188 
55.00000000000001 -30.000000000000004 19.444160513678323 
55.00000000000001 -25.0 23.838705289889575 
55.00000000000001 -20.0 31.389246566747726 
55.00000000000001 -14.999999999999996 29.482773186614814 
55.00000000000001 -10.000000000000004 28.494004045330367 
55.00000000000001 -5.000000000000002 27.955342662883268 
55.00000000000001 0.0 27.74326231065143 
55.00000000000001 5.000000000000002 27.796629669129786 
55.00000000000001 10.000000000000004 28.08295796168722 
55.00000000000001 15.000000000000007 28.63083524912878 
55.00000000000001 20.000000000000007 29.758227172652894 
55.00000000000001 24.999999999999993 29.090708781781842 
55.00000000000001 29.999999999999993 28.533164427329485 
55.00000000000001 34.99999999999999 28.49165238567049 
55.00000000000001 40.0 28.731348491801302 
55.00000000000001 45.0 29.189466482756828 
55.00000000000001 50.0 29.57566002939279 
55.00000000000001 55.00000000000001 29.93819361337338 
55.00000000000001 60.00000000000001 30.586925818490673 
55.00000000000001 65.00000000000001 31.562220326828335 
55.00000000000001 69.99999999999999 32.44655061803317 
55.00000000000001 75.0 34.22019914373291 
55.00000000000001 80.0 45.972329814979894 
55.00000000000001 85.0 28.01297181125171 
60.00000000000001 -85.0 13.013709775353497 
60.00000000000001 -80.0 20.86487693718171 
60.00000000000001 -75.0 14.990684169948155 
60.00000000000001 -70.0 13.626637612122629 
60.00000000000001 -65.0 12.719143725026113 
60.00000000000001 -60.00000000000001 11.965448248368194 
60.00000000000001 -55.00000000000001 11.652890237171329 
60.00000000000001 -50.0 11.88808814735137 
60.00000000000001 -45.0 12.637793792726038 
60.00000000000001 -40.0 13.835313269607896 
60.00000000000001 -34.99999999999999 15.693919103266568 
60.00000000000001 -30.000000000000004 18.951904413905375 
60.00000000000001 -25.0 23.11356897751333 
60.00000000000001 -20.0 30.32317262631917 
60.00000000000001 -14.999999999999996 28.499129280375236 
60.00000000000001 -10.000000000000004 27.551289865105645 
60.00000000000001 -5.000000000000002 27.033753860969632 
60.00000000000001 0.0 26.829008475621166 
60.00000000000001 5.000000000000002 26.87875970968074 
60.00000000000001 10.000000000000004 27.151534795291905 
60.00000000000001 15.000000000000007 27.67312740805412 
60.00000000000001 20.000000000000007 28.742354231536094 
60.00000000000001 24.999999999999993 28.07532510314005 
60.00000000000001 29.999999999999993 27.565142650513923 
60.00000000000001 34.99999999999999 27.55459531112234 
60.00000000000001 40.0 27.81683771597934 
60.00000000000001 45.0 28.291125659182764 
60.00000000000001 50.0 28.70050189786889 
60.00000000000001 55.00000000000001 29.090151019043464 
60.00000000000001 60.00000000000001 29.7581160343155 
60.00000000000001 65.00000000000001 30.74137652827024 
60.00000000000001 69.99999999999999 31.630997509858773 
60.00000000000001 75.0 33.38129158039441 
60.00000000000001 80.0 44.862788942684354 
60.00000000000001 85.0 27.342066690443154 
65.00000000000001 -85.0 13.888110313692202 
65.00000000000001 -80.0 22.26882288777905 
65.00000000000001 -75.0 15.99788945281617 
65.00000000000001 -70.0 14.534247681352499 
65.00000000000001 -65.0 13.549102114222377 
65.00000000000001 -60.00000000000001 12.718125788825457 
65.00000000000001 -55.00000000000001 12.346314071520403 
65.00000000000001 -50.0 12.545373952363796 
65.00000000000001 -45.0 13.280072993189762 
65.00000000000001 -40.0 14.482966997199608 
65.00000000000001 -34.99999999999999 16.37492376374557 
65.00000000000001 -30.000000000000004 19.714881103197122 
65.00000000000001 -25.0 23.993093625198924 
65.00000000000001 -20.0 31.424050161628347 
65.00000000000001 -14.999999999999996 29.54436394369973 
65.00000000000001 -10.000000000000004 28.568058250586848 
65.00000000000001 -5.000000000000002 28.03526501254623 
65.00000000000001 0.0 27.82495458386913 
65.00000000000001 5.000000000000002 27.87713306460162 
65.00000000000001 10.000000000000004 28.15927307875684 
65.00000000000001 15.000000000000007 28.69742456126575 
65.00000000000001 20.000000000000007 29.79763029849471 
65.00000000000001 24.999999999999993 29.094872271310873 
65.00000000000001 29.999999999999993 28.58327494540382 
65.00000000000001 34.99999999999999 28.589221303649712 
65.00000000000001 40.0 28.87785351700511 
65.00000000000001 45.0 29.386784481866023 
65.00000000000001 50.0 29.83054774221531 
65.00000000000001 55.00000000000001 30.255200777331126 
65.00000000000001 60.00000000000001 30.968979865978785 
65.00000000000001 65.00000000000001 32.00879994919354 
65.00000000000001 69.99999999999999 32.94732987537257 
65.00000000000001 75.0 34.7778783247912 
65.00000000000001 80.0 46.743604864855826 
65.00000000000001 85.0 28.488581175046747 
69.99999999999999 -85.0 15.087485915297218 
69.99999999999999 -80.0 24.180824879776758 
69.99999999999999 -75.0 17.3585795067862 
69.99999999999999 -70.0 15.755203532036836 
69.99999999999999 -65.0 14.67106611080025 
69.99999999999999 -60.00000000000001 13.75553576814686 
69.99999999999999 -55.00000000000001 13.33900339183635 
69.99999999999999 -50.0 13.54150200057346 
69.99999999999999 -45.0 14.324250054908113 
69.99999999999999 -40.0 15.614396712465892 
69.99999999999999 -34.99999999999999 17.649000857140273 
69.99999999999999 -30.000000000000004 21.24035280036391 
69.99999999999999 -25.0 25.844168415665525 
69.99999999999999 -20.0 33.80747280242247 
69.99999999999999 -14.999999999999996 31.78636139864122 
69.99999999999999 -10.000000000000004 30.7393720593584 
69.99999999999999 -5.000000000000002 30.169289489571483 
69.99999999999999 0.0 29.945575588222937 
69.99999999999999 5.000000000000002 30.003765370230372 
69.99999999999999 10.000000000000004 30.309078838638197 
69.99999999999999 15.000000000000007 30.889812475736207 
69.99999999999999 20.000000000000007 32.07592908625669 
69.99999999999999 24.999999999999993 31.3245833048359 
69.99999999999999 29.999999999999993 30.779863726318847 
69.99999999999999 34.99999999999999 30.79200616854269 
69.99999999999999 40.0 31.10651743562212 
69.99999999999999 45.0 31.65741021031255 
69.99999999999999 50.0 32.13785939208739 
69.99999999999999 55.00000000000001 32.59781865834705 
69.99999999999999 60.00000000000001 33.36983117469999 
69.99999999999999 65.00000000000001 34.4941118656069 
69.99999999999999 69.99999999999999 35.51026609510264 
69.99999999999999 75.0 37.48858744568952 
69.99999999999999 80.0 50.39350954693226 
69.99999999999999 85.0 30.71583688542858 
75.0 -85.0 16.766836896314672 
75.0 -80.0 26.849264883422535 
75.0 -75.0 19.251092033708847 
75.0 -70.0 17.451338222509268 
75.0 -65.0 16.234929329202103 
75.0 -60.00000000000001 15.215147956267774 
75.0 -55.00000000000001 14.756991462716659 
75.0 -50.0 14.991277467325126 
75.0 -45.0 15.872749045770814 
75.0 -40.0 17.318757164163003 
75.0 -34.99999999999999 19.591458553167456 
75.0 -30.000000000000004 23.58783127521338 
75.0 -25.0 28.713497522695775 
75.0 -20.0 37.50150926872987 
75.0 -14.999999999999996 35.25277417088096 
75.0 -10.000000000000004 34.09232943790043 
75.0 -5.000000000000002 33.46220243354237 
75.0 0.0 33.216502945978334 
75.0 5.000000000000002 33.2835735230299 
75.0 10.000000000000004 33.62511210919549 
75.0 15.000000000000007 34.27334154059308 
75.0 20.000000000000007 35.59782931928848 
75.0 24.999999999999993 34.784084674177564 
75.0 29.999999999999993 34.177305495479466 
75.0 34.99999999999999 34.189545278974705 
75.0 40.0 34.53379925471779 
75.0 45.0 35.13829434225694 
75.0 50.0 35.66248722592202 
75.0 55.00000000000001 36.163329632107796 
75.0 60.00000000000001 37.01231591495111 
75.0 65.00000000000001 38.25677191282343 
75.0 69.99999999999999 39.38802691649439 
75.0 75.0 41.593232166436685 
75.0 80.0 55.929366446395115 
75.0 85.0 34.0991923210337 
80.0 -85.0 23.076657761504983 
80.0 -80.0 36.91790959362958 
80.0 -75.0 26.436387458878766 
80.0 -70.0 23.935731322017975 
80.0 -65.0 22.250315185642688 
80.0 -60.00000000000001 20.851484604368245 
80.0 -55.00000000000001 20.237276364055955 
80.0 -50.0 20.58291673796493 
80.0 -45.0 21.821927398536122 
80.0 -40.0 23.837422571043202 
80.0 -34.99999999999999 26.98915656377497 
80.0 -30.000000000000004 32.50632407372544 
80.0 -25.0 39.588086385409035 
80.0 -20.0 51.60912892910274 
80.0 -14.999999999999996 48.50112988453596 
80.0 -10.000000000000004 46.90339261541751 
80.0 -5.000000000000002 46.03790348292333 
80.0 0.0 45.702191024508586 
80.0 5.000000000000002 45.79734039158759 
80.0 10.000000000000004 46.27098151950907 
80.0 15.000000000000007 47.16868893526826 
80.0 20.000000000000007 49.004715108187014 
80.0 24.999999999999993 47.91875716496957 
80.0 29.999999999999993 47.07563883466745 
80.0 34.99999999999999 47.087335733578605 
80.0 40.0 47.550817354938786 
80.0 45.0 48.36899962877781 
80.0 50.0 49.072938029761325 
80.0 55.00000000000001 49.74365812699146 
80.0 60.00000000000001 50.89681666737514 
80.0 65.00000000000001 52.60259258331566 
80.0 69.99999999999999 54.165387281987506 
80.0 75.0 57.21789366340337 
80.0 80.0 76.97360487099543 
80.0 85.0 46.946760629042 
85.0 -85.0 12.665037855681952 
85.0 -80.0 20.246510278452895 
85.0 -75.0 14.484164584589891 
85.0 -70.0 13.102469150427691 
85.0 -65.0 12.173825519199065 
85.0 -60.00000000000001 11.409383634237223 
85.0 -55.00000000000001 11.080404621528416 
85.0 -50.0 11.28079356093429 
85.0 -45.0 11.972117271335458 
85.0 -40.0 13.088865668364503 
85.0 -34.99999999999999 14.828105558251098 
85.0 -30.000000000000004 17.86239900565969 
85.0 -25.0 21.760090648545752 
85.0 -20.0 28.325688938995796 
85.0 -14.999999999999996 26.61388336406706 
85.0 -10.000000000000004 25.736320998062556 
85.0 -5.000000000000002 25.261715639954467 
85.0 0.0 25.07823705393067 
85.0 5.000000000000002 25.131463248253244 
85.0 10.000000000000004 25.392778246976814 
85.0 15.000000000000007 25.887688243691386 
85.0 20.000000000000007 26.90078966363527 
85.0 24.999999999999993 26.319579858334173 
85.0 29.999999999999993 25.852909337151342 
85.0 34.99999999999999 25.85683433027688 
85.0 40.0 26.106576507699017 
85.0 45.0 26.54945500794833 
85.0 50.0 26.927992529919088 
85.0 55.00000000000001 27.28782034493749 
85.0 60.00000000000001 27.91389246381591 
85.0 65.00000000000001 28.847023329553767 
85.0 69.99999999999999 29.70751997270054 
85.0 75.0 31.390947996496493 
85.0 80.0 42.24513144877227 
85.0 85.0 25.773579075785534 
