6117.892810528318 
6007.135333466494 
11610.516862445658 
13720.75101804657 
15198.2173281657 
15632.973559924869 
15616.444931400383 
15648.163238654957 
15645.05864073856 
15647.730505868709 
15648.164369652255 
15648.088790084163 
15648.138442959429 
15648.154323075676 
15648.160163436694 
15648.16253313151 
15648.163550926693 
15648.164001048914 
15648.164202943995 
15648.164294097018 
15648.164335377032 
15648.164354096156 
15648.164362589921 
15648.164366446776 
15648.164368196594 
15648.164368991009 
15648.16436935194 
15648.164369516386 
15648.164369590208 
15648.164369623939 
15648.16436963902 
15648.164369645543 
15648.164369650245 
15648.164369651064 
15648.1643696514 
15648.164369651773 
15648.164369652513 
15648.164369652215 
15648.164369652082 
15648.164369651324 
15648.164369652533 
15648.164369651377 
15648.16436965178 
15648.164369651313 
15648.164369652559 
9470.557005867762 
9746.984371056946 
15475.574727557636 
12118.825733818981 
17584.789767438808 
14250.52427820437 
16329.218341832124 
17163.201993741244 
17432.35498352784 
17527.33012354986 
17562.744335791023 
17576.27165767495 
17581.489326581566 
17583.50959062969 
17584.29300312322 
17584.596969812483 
17584.71493662289 
17584.76072253397 
17584.77849381445 
17584.785391626054 
17584.788068981743 
17584.789108188324 
17584.78951155311 
17584.789668115995 
17584.789728886786 
17584.789752474288 
17584.78976163082 
17584.789765184818 
17584.78976656402 
17584.789767099675 
17584.789767306786 
17584.78976738783 
17584.78976741925 
17584.789767431226 
17584.789767435832 
17584.78976743735 
17584.789767437363 
17584.789767437473 
17584.789767438837 
17584.789767432405 
17584.78976743599 
17584.789767437305 
17584.789767437935 
17584.78976743854 
17584.789767437935 
17584.789767438702 
17584.78976743776 
17584.789767438677 
17584.789767438706 
17584.78976743851 
17584.789767438837 
28613.38671149215 
52811.135374556616 
167328.26962743138 
285376.754865934 
540627.9105511856 
209004.81318442468 
967924.4065024555 
141236.4593234907 
155262.6260297441 
203579.34432916387 
291724.3051616097 
897049.0213052381 
958345.6843053096 
965689.2843964599 
967231.5651922161 
967669.9592685951 
967821.8798824371 
967881.1533159837 
967905.765128248 
967916.2946761514 
967920.861511239 
967922.8543661273 
967923.7263532747 
967924.1083514525 
967924.2757837572 
967924.3491873294 
967924.3813711803 
967924.3954829 
967924.4016705204 
967924.4043837391 
967924.4055734315 
967924.4060950457 
967924.4063238092 
967924.4064240676 
967924.4064680432 
967924.4064873953 
967924.4064958231 
967924.4064995347 
967924.4065011768 
967924.4065018869 
967924.4065022032 
967924.4065023215 
967924.4065024256 
967924.4065023846 
967924.4065024665 
967924.4065024196 
967924.406502405 
967924.4065024921 
967924.4065024332 
967924.4065024805 
967924.4065024335 
967924.4065024921 
1.2418682898281494e6 
315371.2509095137 
197263.7174831638 
144560.54689469276 
139706.10572996925 
170436.10011651771 
285523.8366320964 
627143.902240976 
1.3394295405598544e6 
1.2992837499925105e6 
1.34085951164056e6 
1.3351267292924626e6 
1.339083976796341e6 
1.3402079378184737e6 
1.340599954115421e6 
1.3407521727891997e6 
1.3408143855943761e6 
1.340840405010429e6 
1.34085139711844e6 
1.3408560609497074e6 
1.3408580434256967e6 
1.340858886790765e6 
1.3408592456875504e6 
1.3408593984387452e6 
1.3408594634558077e6 
1.3408594911304587e6 
1.3408595029102233e6 
1.340859507924435e6 
1.3408595100587842e6 
1.340859510967311e6 
1.3408595113539542e6 
1.3408595115186116e6 
1.340859511588643e6 
1.3408595116184044e6 
1.340859511631103e6 
1.340859511636498e6 
1.3408595116388293e6 
1.340859511639841e6 
1.340859511640299e6 
1.3408595116404388e6 
1.3408595116404635e6 
1.3408595116405317e6 
1.3408595116406141e6 
1.3408595116405732e6 
1.3408595116405191e6 
1.3408595116405787e6 
1.3408595116406141e6 
1.3408595116405787e6 
1.3408595116406141e6 
1.4991647227507809e6 
733764.3257561328 
325119.51330321265 
177958.95158143746 
150780.7647693471 
163335.35610893217 
253208.52045373278 
431256.6732833164 
1.3280191636156298e6 
1.564323889573353e6 
1.5550758357240746e6 
1.566048248650156e6 
1.5645824771986264e6 
1.5656134679009232e6 
1.5658936394904756e6 
1.5659868947987345e6 
1.5660224454569907e6 
1.566037087023341e6 
1.5660433573015353e6 
1.5660460924978848e6 
1.5660472957020018e6 
1.5660478269871937e6 
1.5660480619750351e6 
1.566048165987989e6 
1.5660482120427329e6 
1.5660482324374113e6 
1.5660482414698433e6 
1.5660482454700759e6 
1.5660482472416626e6 
1.5660482480263626e6 
1.5660482483738414e6 
1.5660482485277173e6 
1.566048248595959e6 
1.566048248626128e6 
1.5660482486396283e6 
1.5660482486455033e6 
1.5660482486481185e6 
1.566048248649349e6 
1.5660482486498624e6 
1.5660482486500267e6 
1.5660482486501609e6 
1.566048248650119e6 
1.5660482486501671e6 
1.5660482486501352e6 
1.5660482486501902e6 
1.5660482486500952e6 
1.5660482486501497e6 
1.5660482486500877e6 
1.5660482486501902e6 
1.5660482486500877e6 
1.5660482486501902e6 
1.6436013894750332e6 
1.342121350311911e6 
526607.386055096 
451571.0921941542 
193489.57571675585 
173664.0195267401 
256590.24847833376 
615572.2571812028 
1.0894462506798613e6 
1.8343562720793441e6 
714276.7214566387 
1.3337493943042038e6 
1.867543014654332e6 
1.8648020359330238e6 
1.8674460722191264e6 
1.8676693375213358e6 
1.8676789732732219e6 
1.8676755418391095e6 
1.8676786702636732e6 
1.8676790916592358e6 
1.8676790826106707e6 
1.8676790983980107e6 
1.8676790988019218e6 
1.8676790984374587e6 
1.8676790987319017e6 
1.8676790987897706e6 
1.8676790988004613e6 
1.8676790988020797e6 
1.8676790988019516e6 
1.8676790988021176e6 
1.8676790988022636e6 
1.8676790988021137e6 
1.8676790988019803e6 
1.8676790988019868e6 
1.8676790988021e6 
1.8676790988020895e6 
1.8676790988021807e6 
1.8676790988020706e6 
1.8676790988021481e6 
1.8676790988021374e6 
1.867679098802071e6 
1.8676790988020522e6 
1.8676790988021754e6 
1.8676790988022105e6 
1.867679098802157e6 
1.8676790988020871e6 
1.8676790988021e6 
1.8676790988021563e6 
1.8676790988021265e6 
1.8676790988022636e6 
1.8676790988021023e6 
1.8676790988022636e6 
1.9799820482390246e6 
407866.6049861621 
2.2868288678760035e6 
5.402496133277628e6 
3.362750876498676e6 
2.82974577323658e6 
2.3596840201280345e6 
2.917737448832698e6 
7.967266298439831e6 
8.008999308461786e6 
7.950717225464811e6 
7.945787204775995e6 
8.528613471866978e6 
9.527177150122534e6 
9.764187219949998e6 
6.333550374694654e6 
9.098577703603229e6 
1.1469669816276025e7 
1.2006301500019522e7 
1.2849719851098524e7 
7.855488324918184e6 
1.1900596278387517e7 
1.3543149930111952e7 
1.3659806469005454e7 
1.4277846605222547e7 
6.008054834878002e6 
6.450512534169439e6 
1.4045798545873912e7 
1.4395608852476345e7 
1.4987961408053119e7 
6.633731466174464e6 
6.63924716398393e6 
1.4124076200156605e7 
1.5129673724200066e7 
1.5550869875288347e7 
8.44067753079301e6 
1.4713500550699979e7 
1.5627836567808462e7 
7.230356447553935e6 
1.5121135502981197e7 
1.5722931799638895e7 
1.6049868099359853e7 
8.144454167114074e6 
6.717367423475804e6 
1.5598124175673151e7 
1.6364250970849449e7 
1.6811649942007445e7 
8.7271711623459e6 
1.6184918204178263e7 
1.686165223437702e7 
1.321458994626222e7 
1.693693475624518e7 
1.6896296473443795e7 
1.703507058663911e7 
1.7543020804309063e7 
9.513040091249496e6 
1.6992480694763064e7 
1.799306842590107e7 
7.315078610776203e6 
1.4318448891097205e7 
1.8314732370630037e7 
1.8517329756884225e7 
1.868058776997801e7 
1.859396865258463e7 
1.9030435444356475e7 
8.545566666113194e6 
1.880347799153694e7 
1.932087069782055e7 
1.5678383267403744e7 
1.9638277357502684e7 
1.957507086068366e7 
2.007465451442614e7 
2.0738903744758546e7 
1.4637261299297474e7 
2.1219897538092967e7 
2.1592077426994883e7 
2.207574760180598e7 
2.102269117261971e7 
2.232001526616528e7 
2.2375279246939365e7 
2.2722730325277753e7 
2.299846111933399e7 
2.3025144359952446e7 
2.3518519765283145e7 
2.3444015265666652e7 
2.4203363928868666e7 
2.4722277868853565e7 
2.4447602595885877e7 
2.5237202846577864e7 
1.4048940248800196e7 
2.5285898766609278e7 
2.5764284239565633e7 
2.607670063323474e7 
2.6278400071781773e7 
2.6833547807886112e7 
1.1804812440524153e7 
9.166974232169488e6 
2.627897492453949e7 
2.70618192077885e7 
2.7724105948614813e7 
1.3587753168660376e7 
2.652597580723219e7 
2.800114390919315e7 
1.920443934274001e7 
2.818899172579534e7 
2.7957806883385736e7 
2.8469897188946098e7 
2.9252825113466185e7 
1.7688695100987066e7 
1.1196860619834885e7 
2.779362828290772e7 
2.951626372628589e7 
3.0627564916502193e7 
3.1897012244926125e7 
9.836021056409646e6 
1.0917258320931884e7 
2.2657393053539935e7 
3.708190233711224e7 
3.195394642764185e7 
3.815768320622617e7 
1.0578702394191004e7 
3.1694603538840875e7 
3.840137272426699e7 
3.8556689671410546e7 
3.956641611010981e7 
1.1077179496681655e7 
1.7480637796737883e7 
3.980703758970561e7 
4.006112106452577e7 
4.090799776434825e7 
5.080776718648031e6 
1.1312089408019586e7 
2.714823327244586e7 
4.1300183586504094e7 
4.145037722788334e7 
4.153512730451249e7 
4.138645325808989e7 
4.194283133658104e7 
4.1983774332031526e7 
3.651822205850458e7 
4.2446682028745875e7 
4.2550940671690896e7 
4.284467484709653e7 
4.063195007880362e7 
4.309826432369899e7 
4.3208771242174e7 
4.360634130792671e7 
3.0605517059487738e7 
4.39612208869425e7 
4.4065474985123836e7 
4.3729617250968136e7 
4.4210502333927155e7 
3.969876760892033e7 
4.434945798457205e7 
4.435823226298663e7 
4.4595916058370866e7 
4.473386608336673e7 
4.521882148537729e7 
4.7362193976995364e7 
7.225735469262363e6 
1.3294542722837193e7 
2.842312744774681e7 
4.8945402245319e7 
4.92530205392768e7 
3.999393502024212e7 
4.9596987867980815e7 
4.9700252539175585e7 
5.004816117863397e7 
3.4832912428504e7 
5.001441074898439e7 
5.013434588759845e7 
3.2750519218396477e7 
5.0043427862420306e7 
5.021398582308024e7 
5.058411597864855e7 
1.1662222491198322e7 
4.189123302691178e7 
5.073724666993276e7 
5.08083704346594e7 
5.107965022730746e7 
1.1395809449183794e7 
3.736989066824205e7 
5.1160143876966245e7 
5.1232965905050434e7 
5.1446193415672734e7 
4.5635688567629784e7 
5.1635641554827675e7 
5.168897657769881e7 
5.198238140475203e7 
1.163730514930752e7 
4.818543887578565e7 
5.204658221837892e7 
5.2427632766212456e7 
5.097099381949972e7 
5.252103312174573e7 
2.956897432097981e7 
5.277349768269472e7 
5.296768884255952e7 
5.309319111035411e7 
5.2189670225212425e7 
5.309319111035411e7 
1.7202746801354976e6 
2.1150420897177206e6 
2.81019408737909e6 
3.0550497765836734e6 
3.126655186406949e6 
7.875549093809394e6 
7.353387987150161e6 
1.694255295440285e7 
3.982256764897647e7 
5.3205469548163705e7 
5.325894451289102e7 
5.345129480256025e7 
1.891333710005245e7 
5.161881515387146e7 
5.350183868531122e7 
5.36852182068039e7 
4.51166260714525e7 
5.385837484540082e7 
5.3904799700529866e7 
5.40357639735359e7 
4.889948203438896e7 
5.422204604013014e7 
5.4556937933400005e7 
2.1129398287429728e7 
5.2215584225737e7 
5.465843808392501e7 
4.672936859097763e7 
5.4733208270349525e7 
5.481089682326704e7 
5.489174525663984e7 
5.470230971770041e7 
5.503203868683843e7 
5.362504325871445e7 
5.515659462487824e7 
5.568085105493995e7 
1.0050418668753676e7 
4.755596074901898e7 
5.575838924748219e7 
5.583896016607089e7 
5.235992865697349e7 
5.5926953403867e7 
5.492642777226809e7 
5.596696253610852e7 
5.582066838867811e7 
5.61526550260217e7 
5.629166385871972e7 
5.316163910546822e7 
5.6530244697356395e7 
5.6872648743580885e7 
8.674247995745843e6 
3.1370764384552166e7 
5.676006006527342e7 
5.70144189359916e7 
5.7321470089308105e7 
1.2526737689418368e7 
5.612328900436601e7 
5.739899938553225e7 
5.788713527198577e7 
1.0950216675706057e7 
4.905712506033968e7 
5.8005212100006e7 
5.806662904665202e7 
5.824413559850436e7 
4.606114428110619e7 
5.858271102899221e7 
5.864121270973751e7 
5.900176055084e7 
1.716107362072563e7 
5.2901919520583265e7 
5.906220543425913e7 
5.911221195617167e7 
5.927972503367191e7 
4.623928646701237e7 
5.953564311417732e7 
5.991119061053958e7 
4.70825440503202e7 
6.010155612199217e7 
9.967564659611732e6 
2.2835359981150664e7 
5.948383378680918e7 
6.02707282507574e7 
6.042144350618392e7 
3.364813689678292e7 
6.029317822227309e7 
6.048519247339335e7 
6.026813782920998e7 
6.060034403851414e7 
1.2431139635750916e7 
5.9398774261873804e7 
6.070899968710292e7 
6.0958598026416056e7 
1.225990278380915e7 
5.706598855511574e7 
6.099715659858693e7 
6.101968404515605e7 
6.1175508200699985e7 
4.51453975873848e7 
6.098641012226614e7 
6.121962355626938e7 
5.196189786916609e7 
6.123949706430274e7 
6.131933732030115e7 
6.136916364169024e7 
6.167269489269544e7 
5.698429728550404e7 
6.186362695339685e7 
5.0985885840206616e7 
6.211854561811128e7 
6.217303392609606e7 
6.238475754975958e7 
1.8202553056683138e7 
5.9351396802524745e7 
6.244837642210127e7 
6.267654796331158e7 
2.936986818159937e7 
6.188370384657323e7 
6.276302053036541e7 
6.289989407792124e7 
5.928208304749347e7 
6.315914155426768e7 
6.320607745727876e7 
6.345944224899818e7 
4.2446918237880945e7 
6.323745723412691e7 
6.3532881716276966e7 
5.55967001803503e7 
6.359995236577898e7 
6.3658841231042735e7 
6.376540345957098e7 
6.392857235351342e7 
5.698514664899323e7 
6.420542485606408e7 
6.424588257866234e7 
6.459851211863457e7 
2.5434227454398252e7 
6.3722079731181264e7 
6.467024161813411e7 
5.512030249160634e7 
6.4713451227372095e7 
6.4797584951441735e7 
6.486402893123721e7 
6.48671046657867e7 
5.548896910357941e7 
6.525582000179308e7 
6.5287738357916094e7 
6.556932236494991e7 
6.561240877463231e7 
1.0267339116261099e7 
1.3348328030652402e7 
6.153113923768944e7 
6.812292315716682e7 
6.822371533176726e7 
6.345508739345264e7 
6.85140863037624e7 
6.882379671410161e7 
1.037419990654942e7 
6.4656777652006514e7 
6.892422940712117e7 
6.931735787244269e7 
1.1816827036066009e7 
6.0408422843465514e7 
6.94888841450973e7 
6.952167921790564e7 
6.977904589225319e7 
1.9316924675716463e7 
6.780675590643209e7 
6.984554020342599e7 
6.886902695052509e7 
6.992816626487973e7 
6.99687708123866e7 
7.008827386772718e7 
7.01429992371003e7 
7.057704354839909e7 
2.126750359857182e7 
6.82776961762412e7 
7.067280461756611e7 
6.940703688356291e7 
7.082331092071061e7 
5.505940847248083e7 
7.089889241217661e7 
7.117144190422146e7 
7.136294940128297e7 
7.23434315942958e7 
2.744909049115986e7 
7.225882672309022e7 
7.259928131900682e7 
5.049959628937014e7 
7.275468905410065e7 
7.308758691490677e7 
7.325533553367068e7 
7.4172310386142e7 
1.364253267152468e7 
5.1054491440367624e7 
7.427965136075003e7 
7.450525830793788e7 
7.478337835477729e7 
5.510116931965848e7 
7.36742919932039e7 
7.484234901463246e7 
7.484234901463246e7 
903167.235806785 
927758.5488873826 
870204.5226894323 
886950.654813334 
917094.4621358321 
5.594718162013676e6 
8.771696689629024e6 
3.0998189369219482e7 
7.310462977143367e7 
7.488308920645459e7 
7.494757345375006e7 
6.879333190700431e7 
7.507772350224617e7 
7.509659737215468e7 
7.513982136953768e7 
7.411622619308285e7 
7.521110786235511e7 
7.533434443127604e7 
1.6305116765733374e7 
7.170334625774543e7 
7.539098356385745e7 
7.557705608211626e7 
7.549716051332445e7 
7.594514349605618e7 
7.528077378755009e6 
1.5671930757753987e7 
7.141944671456112e7 
7.610953088466364e7 
7.626258196747962e7 
5.6860128153301366e7 
7.613103689345437e7 
7.631662507268107e7 
7.026312067263098e7 
7.636785437190934e7 
7.641465940113193e7 
7.573619741178355e7 
7.647134936653648e7 
4.630319206952557e7 
7.621030171582446e7 
7.651673161397246e7 
7.670558579851313e7 
2.0682391499947373e7 
7.417064248467511e7 
7.673390052349931e7 
7.67513865352699e7 
7.679088772032665e7 
6.65965094429902e7 
7.69566762118778e7 
7.69693275883962e7 
7.70939048175561e7 
6.500783610603217e7 
7.709566630676472e7 
7.039947980746454e7 
7.72743035724366e7 
7.739560589125358e7 
5.610911565135232e7 
7.715399751138246e7 
7.742534980917136e7 
7.304206422163506e7 
7.745085747952652e7 
7.748335953164333e7 
7.751981584404841e7 
7.756781530965716e7 
7.443131680545665e7 
7.774195478675196e7 
7.797011152113697e7 
1.707862064809344e7 
7.450831016182606e7 
7.802602624810809e7 
7.73617738946412e7 
7.809413986028224e7 
5.250049132859847e7 
7.797394909611101e7 
7.814930785538904e7 
7.833570832543856e7 
1.730753464584693e7 
7.186024183355317e7 
7.837162142246388e7 
7.839975186845678e7 
7.84782254519703e7 
9.172116077772582e6 
5.9318815065381214e7 
7.84612102556885e7 
7.854542259497485e7 
7.860590370910154e7 
6.441891545679419e7 
7.855467769776279e7 
7.863282601507261e7 
7.805449156865352e7 
7.867260556430621e7 
7.639745385492857e7 
7.872346552172978e7 
7.428763033703673e7 
7.878071928004993e7 
7.883500274184147e7 
7.701804760068685e7 
7.8888613438773e7 
6.2389723645255946e7 
7.884892974268645e7 
7.893739107737865e7 
7.914760316757032e7 
1.236285357732547e7 
6.91951769931495e7 
7.92414989433553e7 
7.927489780532847e7 
7.945375818642233e7 
8.110210512589097e7 
1.712941163505793e7 
7.024127667427187e7 
8.098856568933828e7 
8.116180588833253e7 
8.10576956196921e7 
8.119381266546918e7 
8.136698755921735e7 
3.5037576227604344e7 
7.955366221622247e7 
8.139940718654966e7 
8.156278589432363e7 
4.747058404291051e7 
7.875240955338451e7 
8.159238975100496e7 
8.160579772962254e7 
8.169905612036155e7 
1.622239012328601e7 
7.44060827976448e7 
8.170357709233026e7 
8.173540326234268e7 
8.179052453866112e7 
6.646897824741221e7 
8.151047987473443e7 
8.181757235409586e7 
8.179637600372538e7 
8.186533399040304e7 
6.827939830545038e7 
8.182673119756038e7 
8.190746982273586e7 
8.20346425065728e7 
2.441779069384084e7 
7.909670557258049e7 
8.209472099047445e7 
8.217512235733987e7 
6.122956241727153e7 
8.199429034457687e7 
8.218931980814384e7 
8.193646417898098e7 
8.221182721600766e7 
7.99306345167378e7 
8.224188478097434e7 
8.227297814902197e7 
8.109995430740574e7 
8.230701615031569e7 
8.137543018333647e7 
8.235899751418108e7 
8.231131581173928e7 
8.240061322739291e7 
8.261152992083749e7 
8.396471769859909e7 
6.515339397612293e6 
9.126335689317038e6 
6.833858908147894e7 
8.41076810956388e7 
8.41773793918588e7 
8.383757129157563e7 
8.422476066686061e7 
7.805154933389392e7 
8.422735308306432e7 
8.425518953680202e7 
8.431483414362302e7 
8.435278283996917e7 
8.290584679406784e7 
8.444152441052389e7 
8.459145486806661e7 
5.130226679751017e7 
8.24025129659406e7 
8.461720274932258e7 
8.464153581577668e7 
8.441309718316193e7 
8.467864316302684e7 
8.02579513478634e7 
8.468974455917868e7 
8.468601942569768e7 
8.472381255945207e7 
8.484069655660067e7 
8.540650867286028e7 
1.5419496572309382e7 
1.73962179269608e7 
7.014227187074819e7 
8.551055601680805e7 
8.553168417911653e7 
8.557112139328627e7 
8.580926891545698e7 
6.696060852038171e7 
8.526979876481955e7 
8.583359344483568e7 
8.319389088381514e7 
8.58437939846117e7 
8.586007243137431e7 
8.587221914590299e7 
8.58872932874801e7 
8.58872932874801e7 
8.643258660910245e6 
8.556380587643795e6 
8.412869855974268e6 
8.449900921816465e6 
1.2456423793662496e7 
1.2660480216054253e7 
5.125243144443599e7 
8.450266047714724e7 
8.590704145175278e7 
7.605229739358316e7 
8.584855163060164e7 
8.592029696615542e7 
8.597880752079682e7 
7.931624379108624e7 
8.596775528696081e7 
8.600022564395854e7 
7.391824749257691e7 
8.59062391307278e7 
8.601476658320452e7 
8.611155674460053e7 
6.83443508430541e7 
8.587857074728774e7 
8.613356057705195e7 
8.615506866499393e7 
8.605260386531818e7 
8.619631785495791e7 
4.733990307524437e7 
8.534925110148218e7 
8.623377439336507e7 
8.624934384768307e7 
8.637580460897902e7 
1.150664151214292e7 
7.653249205398396e7 
8.636859572144529e7 
8.640823653077336e7 
8.649361152283598e7 
7.353984184522632e7 
8.644217717660609e7 
8.652142879743683e7 
8.667029556415558e7 
6.479209307687889e7 
8.668010536634651e7 
8.681018231022878e7 
8.68396160350137e7 
8.693462125112331e7 
7.318819872890891e7 
8.689518103009108e7 
8.697789536915553e7 
8.368572215615852e7 
8.694930274706855e7 
8.699936733184092e7 
8.594329139854306e7 
8.701817558216038e7 
8.703465184655522e7 
8.705899960463226e7 
8.710542717505619e7 
8.43877389339485e7 
8.717680174857502e7 
8.719922889811175e7 
8.721178971017766e7 
8.72646135831594e7 
8.537094076236929e7 
8.515046256732318e7 
8.720939910071708e7 
8.728791402930441e7 
8.737724472181763e7 
8.326721528748529e7 
8.720708825960518e7 
8.74442189765289e7 
8.750551640626046e7 
8.581656805629224e7 
8.757812535227886e7 
8.006625853309493e7 
8.760689738518935e7 
8.767739676722504e7 
8.776547483938034e7 
8.78914377102561e7 
8.542078090601005e7 
8.798461769124115e7 
8.819593970504212e7 
8.238980407870616e7 
8.756773104052351e7 
8.823917767792507e7 
8.827608207698762e7 
8.830407861792037e7 
8.834459089149316e7 
8.209578284153895e7 
8.848123743361829e7 
8.797968120676155e7 
8.850598542491443e7 
8.8521885505523e7 
8.853755086020617e7 
8.853418915940748e7 
8.857050347176188e7 
6.304714173776694e7 
8.810448075891292e7 
8.859753966389918e7 
8.86842431157719e7 
8.76333113853577e7 
8.87471161714693e7 
1.2643731192868e7 
7.56924674489912e7 
8.87209703401146e7 
8.879431840037309e7 
8.884675636994942e7 
8.422217119679165e7 
8.887059024517514e7 
8.889352563815677e7 
8.894097922888122e7 
8.895623335454635e7 
8.898438627432473e7 
8.754458227873854e7 
8.905215012974696e7 
8.9072864856117e7 
8.914690430334006e7 
8.378738231292208e7 
8.818446408023287e7 
8.917033088687555e7 
8.918271770293546e7 
8.919459919880483e7 
8.920612067179039e7 
8.920210847457534e7 
8.92284384070001e7 
5.427325492877376e7 
8.831678581128824e7 
8.924738860506657e7 
8.928681438913754e7 
8.017198782361257e7 
8.92243618623395e7 
8.929693874734303e7 
8.932108094552872e7 
8.707502938786165e7 
8.939287562145308e7 
8.945857976798911e7 
5.661345343928445e7 
8.875682755628227e7 
8.947439400845164e7 
8.953890832526165e7 
1.821354948581185e7 
8.183059021467777e7 
8.95814366838021e7 
8.961996891167282e7 
8.96996823223783e7 
3.2212932667198334e7 
8.858033682242745e7 
8.971233504158235e7 
8.971591887057245e7 
8.973989974650548e7 
8.939240876052473e7 
8.975748620368923e7 
8.870216211864667e7 
8.978166123324344e7 
8.981182238386862e7 
8.660456364848348e7 
8.981411703477578e7 
8.983508851616146e7 
8.987678270349282e7 
8.989160930915864e7 
8.990095919472815e7 
8.994365222479033e7 
2.930125330081957e7 
8.83309023546405e7 
8.995616856464368e7 
8.996310181429246e7 
9.000256307934122e7 
6.336565022461722e7 
8.961854621824642e7 
9.001925033708067e7 
9.008943419561695e7 
8.542197727106258e7 
9.009681192963853e7 
8.922190676211195e7 
9.014947754100575e7 
9.018999559211686e7 
8.351555043472874e7 
9.009431274333645e7 
9.023456034468585e7 
9.011325660855274e7 
9.03201149911304e7 
1.1300678312552681e7 
7.779460577542911e7 
9.028363865023857e7 
9.034207347050828e7 
9.038962350785118e7 
8.732181094817454e7 
9.04127578496114e7 
9.030780836943406e7 
9.045131757516712e7 
9.057732031002615e7 
1.7004240124023467e7 
8.384956920658542e7 
9.061154391963166e7 
9.06436861940384e7 
9.081061384696491e7 
1.3701092686705949e7 
8.131437539728437e7 
9.086334927115789e7 
9.091049213931979e7 
9.10343580174584e7 
