100 20.0 9.716032899740373 
110 20.0 12.860438362359544 
120 18.0 14.257185287159004 
130 64.0 12.145467419191693 
140 70.0 16.67038858727114 
150 25.0 14.243250777539169 
160 80.0 16.80165392930629 
170 85.0 16.107068535039133 
180 90.0 16.311883518066473 
190 95.0 16.06944075602452 
200 100.0 15.17795369569524 
210 105.0 13.361918389279051 
220 110.0 10.56353558818194 
230 115.0 8.736810485238385 
240 73.0 6.96801722171877 
250 77.0 6.768201085259835 
260 77.0 6.320429903067304 
270 75.0 6.501130589710942 
280 73.0 5.307976826891527 
290 19.0 3.7633431083210147 
300 23.0 9.92672010560411 
310 24.0 12.10573324675896 
320 29.0 15.06891082719862 
330 29.0 10.233980800831253 
340 28.0 10.378534824933846 
350 30.0 8.460442736617779 
360 32.0 7.824324491015339 
370 32.0 7.405699750182533 
380 31.0 8.400930247747288 
390 29.0 6.979394482133887 
400 27.0 7.737778237782046 
