100 47.0 4.736047851943677 
110 52.0 4.773161382745025 
120 57.0 5.0974270966901125 
130 62.0 5.4996821136443526 
140 67.0 6.341623758927421 
150 72.0 6.050873432496077 
160 76.0 6.237022669429745 
170 81.0 6.1614030700860845 
180 86.0 5.84096415173974 
190 92.0 5.9570193243496234 
200 97.0 6.085139383144815 
210 102.0 5.4788941839332 
220 107.0 5.449999245187352 
230 112.0 4.9272444683058705 
240 79.0 4.837651277225041 
250 80.0 4.755314682163139 
260 79.0 4.8522860914258885 
270 80.0 4.419990999350734 
280 77.0 3.9936779310492656 
290 71.0 3.0389450969835132 
300 43.0 3.3273361942495057 
310 31.0 3.524307961443395 
320 43.0 4.984058944836691 
330 42.0 3.747522286817382 
340 46.0 3.1342745003862458 
350 46.0 2.8859282217304654 
360 46.0 2.878483402686326 
370 46.0 2.654309823182666 
380 35.0 2.4458651084939875 
390 37.0 2.4254192602154716 
400 16.0 2.465423449116266 
