149843.08431887376 
172037.6288334299 
207293.92944671953 
166946.7862286637 
177127.19362774314 
194367.09983592405 
261559.93000059607 
281985.38659687596 
425949.4179251077 
364203.98368564935 
468060.5185050062 
495207.5606016327 
518542.77107875043 
565331.7560681152 
366636.85505293513 
516865.43785439123 
586226.6519006817 
642301.0652106022 
610336.405095217 
674870.8858092641 
706538.5336939342 
738785.4214408951 
771049.4697978649 
805906.3412037994 
841453.1271856929 
870875.5144903268 
902218.9800123697 
936129.8247420623 
964457.6689728419 
992583.769415814 
1.0055801403321374e6 
1.0136984206086162e6 
1.0086918852928006e6 
1.0091179039064543e6 
1.0120171179538304e6 
1.0170470398735874e6 
1.0177122907286953e6 
1.020610597705196e6 
1.0238824142145963e6 
1.0246641305427032e6 
1.0265422968734286e6 
1.0299236294379638e6 
1.0335936084262378e6 
1.0367864534439874e6 
1.0395466782796201e6 
1.0416793144726718e6 
1.0435268650210357e6 
1.0442556516723951e6 
1.0246249994111473e6 
1.0246266493585018e6 
1.0247568179312869e6 
1.0265257287784744e6 
1.0340592459501671e6 
1.0438422780055698e6 
1.0454596541663304e6 
1.047331812043967e6 
1.0489736454371917e6 
1.0499204888592467e6 
1.0505468871297499e6 
1.049580325088438e6 
1.0495851379670054e6 
1.0496740483385348e6 
1.0502450750815438e6 
1.0510277809322968e6 
1.0514540376162294e6 
1.0518120847788241e6 
1.052100796440421e6 
1.0523837210101236e6 
1.0526008957443845e6 
1.052896978535745e6 
1.0531061871384254e6 
1.0529549309404765e6 
1.053284413102126e6 
1.0535128854314336e6 
1.0536852062794068e6 
1.053955789809686e6 
1.0543705460129345e6 
1.0548308990552053e6 
1.0553180519617137e6 
1.0556779043921588e6 
1.055914265957477e6 
1.0560845362269697e6 
1.056130250698478e6 
1.05586780202672e6 
1.055867915476916e6 
1.0558727854990703e6 
1.0559355817683947e6 
1.0561361309443396e6 
1.056249871514223e6 
1.0563363177522654e6 
1.056434388735271e6 
1.056556095401008e6 
1.056623605543279e6 
1.0566154356851398e6 
1.056672416445347e6 
1.0567561488607444e6 
1.0568317137509019e6 
1.0568820747240738e6 
1.0570234443395366e6 
1.0571453853984913e6 
1.0572576131405055e6 
1.0572734908343134e6 
1.056601240683648e6 
1.0566508772786462e6 
1.056907072457156e6 
1.0573381506589102e6 
1.057524365326963e6 
1.057611652750888e6 
1.0576677264925463e6 
1.0576773789871912e6 
1.0577147648416667e6 
1.0577393469037109e6 
1.0577755354806317e6 
1.0578028286189283e6 
1.0578630083742903e6 
1.0579230085464465e6 
1.0579389625609843e6 
1.0579396560148054e6 
1.0579165560756112e6 
1.057920126185475e6 
1.0579390916119027e6 
1.057955825591049e6 
1.057965024196666e6 
1.0579734656696985e6 
1.0579817319323958e6 
1.0579886758651517e6 
1.0580036699743539e6 
1.0580146797383067e6 
1.0580268239161845e6 
1.0580423434074293e6 
1.0580631063561903e6 
1.058094141636462e6 
1.0581139212328028e6 
1.0581227809792992e6 
1.0581482480611973e6 
1.0581892371278624e6 
1.0582354219171377e6 
1.0582724522200131e6 
1.0583119992018982e6 
1.0583524828637803e6 
1.0583939184365238e6 
1.0584421304293931e6 
1.0584859930514107e6 
1.0585226655667368e6 
1.0585561038618188e6 
1.0585812377289073e6 
1.0585881615815419e6 
1.0585908518742826e6 
1.0585936084340669e6 
1.0585957274255105e6 
1.0585962152116995e6 
1.0585969215933976e6 
1.058599329834273e6 
1.0586005795110418e6 
1.058602387121183e6 
1.058602777242165e6 
1.0586032113387154e6 
1.0586032696483068e6 
1.0586032412175557e6 
1.0586032898267698e6 
1.0586032209340422e6 
1.0586033014180935e6 
1.0586033133718409e6 
1.058603323542205e6 
1.0586033599697542e6 
1.0586032867245658e6 
1.0586033980634906e6 
1.0586034113732618e6 
1.058603385006498e6 
1.0586034303543e6 
1.0586033498123211e6 
1.058603445791266e6 
1.05860350093462e6 
1.0586035264602716e6 
1.0586036127133756e6 
1.0586037420577274e6 
1.0586039298620853e6 
1.0586041146125062e6 
1.058604225199692e6 
1.058604257990475e6 
1.0586043735130648e6 
1.0586044231014592e6 
1.0586047391603321e6 
1.0586048575058335e6 
1.058604968823311e6 
1.0586048938052545e6 
1.0586050232181093e6 
1.0586050649439844e6 
1.0586050861741954e6 
1.0586050956790252e6 
1.0586051603992858e6 
1.0586050998619627e6 
1.0586051765975822e6 
1.0586052728461323e6 
1.0586053241581083e6 
1.0586053523816948e6 
1.0586054340480196e6 
1.058605204998672e6 
1.058605495503743e6 
1.0586055391769363e6 
3.1662460384892756e6 
204965.3306502168 
212241.37905488885 
232573.7446335323 
294660.8023546905 
1.0955024118531577e6 
4.646315752669382e6 
556302.5223689805 
4.286175019072661e6 
4.747439957692232e6 
4.488782373824016e6 
4.766974525388258e6 
4.181855353786525e6 
4.778633986360238e6 
4.790574350439953e6 
4.806015050658005e6 
4.813344294902741e6 
4.872393592185364e6 
3.9826823054150664e6 
4.531496215694334e6 
4.882670834122e6 
4.892868571666424e6 
4.823002668912829e6 
4.909874138110176e6 
1.4152579671298547e6 
4.862977505833126e6 
4.926840338565473e6 
5.007211869712086e6 
5.134048939414013e6 
461854.1193614183 
2.1459942171059432e6 
5.03078507651161e6 
5.163846799955787e6 
5.1742907123377435e6 
5.124635215832988e6 
5.177702074817119e6 
5.1335583550964445e6 
5.183905965437551e6 
5.112100711953898e6 
5.187302944357681e6 
5.193325798243735e6 
5.196169067746056e6 
5.213143022778788e6 
5.165910781544973e6 
5.218419109958176e6 
5.181390773164771e6 
5.223639463350368e6 
5.230384384855448e6 
4.652412587720648e6 
4.981637622433001e6 
5.224601570888044e6 
5.231552789333168e6 
5.2359422474131305e6 
5.251416566103117e6 
5.116116248601359e6 
5.242215939218559e6 
5.253801486771688e6 
5.256066285852514e6 
5.257678611516843e6 
5.263502558489874e6 
5.010772116558822e6 
5.238131071849523e6 
5.2650015068010725e6 
5.270903223913382e6 
5.240548756007028e6 
5.272398552494586e6 
5.270179681520993e6 
5.273877442515591e6 
5.276775173125502e6 
5.28207590130101e6 
5.239189717561108e6 
5.271363356708944e6 
5.283263313143997e6 
5.284145636240487e6 
5.284729165301277e6 
5.287142193827589e6 
5.293036198958803e6 
5.289062063657501e6 
5.291324035579473e6 
5.2931446047059605e6 
5.29302693773524e6 
5.294726140877768e6 
5.295050624468371e6 
5.296139083544961e6 
5.298370730688611e6 
5.231098098871775e6 
5.261057615600955e6 
5.292151567815379e6 
5.298781775400019e6 
5.2991197814870365e6 
5.300117356222716e6 
5.303766911909965e6 
5.307222528469992e6 
5.042393042143716e6 
5.101302927070634e6 
5.223597310657674e6 
5.299807803283797e6 
5.307844081377333e6 
5.308683918216073e6 
5.3106823660740545e6 
5.305561336104048e6 
5.310354101872638e6 
5.311277418043625e6 
5.311782501863724e6 
5.312653110167365e6 
5.297445614655685e6 
5.312110479348211e6 
5.313096003528278e6 
5.314129699206286e6 
5.315555802457254e6 
5.285026136608907e6 
5.312528040395502e6 
5.315989271402204e6 
5.317180521632743e6 
5.319760126980738e6 
5.322966296509643e6 
5.321065060957213e6 
5.321618176838635e6 
5.3231517674877895e6 
5.320132021162481e6 
5.3237005461904425e6 
5.324020033827109e6 
5.324102700754489e6 
5.324444035609585e6 
5.325645329831554e6 
5.327651060744439e6 
5.329731928708106e6 
5.304994449346431e6 
5.311204559976418e6 
5.329030548356458e6 
5.331333970171406e6 
5.3331793337492235e6 
5.33480943071355e6 
5.33731055442928e6 
5.318904293413438e6 
5.3348835400117e6 
5.338220744408286e6 
5.3391892119306745e6 
5.340961397071104e6 
5.338043632558881e6 
5.3408894678410115e6 
5.341801881662779e6 
5.343394541447592e6 
5.344132970043418e6 
5.337341633617703e6 
5.341903756130018e6 
5.345328881957742e6 
5.346410000273206e6 
5.344878643577442e6 
5.346906176356931e6 
5.347686471782904e6 
5.347931973400727e6 
5.348290895733314e6 
5.348489726986392e6 
5.349250701106357e6 
5.350394565866437e6 
5.351460411614626e6 
5.343471678998035e6 
5.348695229819343e6 
5.351637836858057e6 
5.352028319315465e6 
5.352191342006099e6 
5.352578524358577e6 
5.353690665555349e6 
5.35455171882879e6 
5.338305110185285e6 
5.342018196285704e6 
5.350218598944403e6 
5.354731388041591e6 
5.355141655206409e6 
5.35554456075428e6 
5.356185766395109e6 
5.357295441687577e6 
5.358732213430812e6 
5.359594943336373e6 
5.360651296071593e6 
5.361760524405488e6 
5.36151314826823e6 
5.3615164313594e6 
5.36153106652005e6 
5.361598762680913e6 
5.361743073440187e6 
5.361942728837446e6 
5.36248180962554e6 
5.361431929693892e6 
5.362472805762246e6 
5.362534255445939e6 
5.362573550489729e6 
5.362735235186487e6 
5.363105006455261e6 
5.363848578300913e6 
5.364470477129759e6 
5.365079467885734e6 
5.3656423744111955e6 
5.366266394067784e6 
5.365350682098989e6 
5.365424469347906e6 
5.365702876680729e6 
5.366296829201135e6 
5.366919940773483e6 
8.850256118425028e6 
260744.7432056825 
279620.6920122107 
308975.14655126317 
378259.2365227352 
536382.5169565337 
1.4792379252087397e6 
1.3109287675495507e7 
892011.341281875 
1.140124121077016e7 
1.3493416780861236e7 
1.1738725845809631e7 
1.35652024774425e7 
1.3382287466037005e7 
1.3645675932936642e7 
1.5558172685511482e6 
1.2864446274598556e7 
1.3724061075620823e7 
1.381584379401496e7 
1.1606695768442824e7 
1.3908580925147071e7 
1.3936054052005172e7 
1.3915688786856888e7 
1.3949375353321923e7 
1.2713130391681476e7 
1.394760957430843e7 
1.3956164687919252e7 
1.3988562877982844e7 
9.743963057408342e6 
1.3692453406066481e7 
1.4010613948464291e7 
1.401866562981235e7 
1.4078529104860686e7 
1.4331181744468717e6 
1.2172300149838554e7 
1.4102344909688003e7 
1.4112281640427351e7 
1.4164850257359069e7 
9.506918569090366e6 
1.3574595612723459e7 
1.4184877875370955e7 
1.4192474343437124e7 
1.4235610387070445e7 
1.3924122058720563e7 
1.4264015351021722e7 
1.2076056952451654e7 
1.4157072873998126e7 
1.4279443706407452e7 
1.4331988347452711e7 
1.4415921154277597e7 
839714.0217901577 
1.0536124834885348e7 
1.4450397292906113e7 
1.4459477376808537e7 
1.446703636690994e7 
1.4463495955860496e7 
1.4487551187646413e7 
1.4490305365484584e7 
1.450295959136897e7 
1.4489443912085963e7 
1.4511259464835912e7 
1.320866904002368e7 
1.4524986268231919e7 
1.4528670542143574e7 
1.4540729821932716e7 
1.4585359275799744e7 
1.4544668860861031e7 
1.4603880940756153e7 
1.3585709554398617e7 
1.458835884414888e7 
1.4617057141065432e7 
1.4626504779508393e7 
1.4414570248196783e7 
1.4608522902710065e7 
1.4628724900653245e7 
1.4630873641548099e7 
1.4569547174993018e7 
1.4632155452569313e7 
1.4634568641442405e7 
1.463708200431422e7 
1.46478999751972e7 
1.3728538554997869e7 
1.4547607208082195e7 
1.4650641059789892e7 
1.4652476012747947e7 
1.4661911362125909e7 
1.4448954814005317e7 
1.4670878811066616e7 
1.4673062283069702e7 
1.4694133081890834e7 
1.4238829387296062e7 
1.4715197879938204e7 
8.996782318064533e6 
1.4193147826438766e7 
1.4721479672463791e7 
1.4724771604097122e7 
1.4740030673119143e7 
1.4775909824612774e7 
1.1395554710504733e7 
1.4263490786734547e7 
1.4799207159691606e7 
1.4801986345935196e7 
1.4802770580598224e7 
1.4744039950531822e7 
1.4811764637086902e7 
1.4819370975284535e7 
1.4471201990446808e7 
1.4818246878460394e7 
1.482420102913906e7 
1.4840749440487934e7 
1.426850716250545e7 
1.4802532792944236e7 
1.4847916725916797e7 
1.4850142636948595e7 
1.4853051968720412e7 
1.3823055400493564e7 
1.4857430899735516e7 
1.4862146339685787e7 
1.4862211338439709e7 
1.485935232046862e7 
1.4867543922373604e7 
1.4868139002147058e7 
1.4873123145480325e7 
1.4878011025567638e7 
5.818409045468698e6 
1.451679574760709e7 
1.4894580307328489e7 
1.4894981556642763e7 
1.4899152012744453e7 
1.4902397511463366e7 
1.4908356706829723e7 
1.4927195611670801e7 
6.45674299919787e6 
1.3473643759201141e7 
1.489640613943307e7 
1.4929894686060755e7 
1.4936111632693887e7 
1.4830331229487477e7 
1.4938133198470948e7 
1.4937018393192189e7 
1.4941315853538735e7 
1.4942253279147284e7 
1.4945594578415148e7 
1.4850073043939708e7 
1.4946715123056455e7 
1.4945484047721412e7 
1.4949102787068773e7 
1.4954975743045144e7 
1.4838100994131068e7 
1.495756852164273e7 
1.4924833742484221e7 
1.4961629307558374e7 
1.496645249983394e7 
1.4931588954152398e7 
1.496929908457715e7 
1.4978001051791368e7 
1.4663504755646866e7 
1.495524574954521e7 
1.4979661893844202e7 
1.4874307529567776e7 
1.4980197880217405e7 
1.498303488445549e7 
1.4984572828032903e7 
1.4993603291711347e7 
1.4461454896546315e7 
1.493831985600833e7 
1.4995927951908542e7 
1.4997663913470319e7 
1.500389266686003e7 
1.5002850008753436e7 
1.500606294834546e7 
1.4737949911222396e7 
1.5006922121228283e7 
1.501024191388065e7 
1.5011059016721416e7 
1.5012977384488503e7 
1.4399221884677503e7 
1.4990564484886318e7 
1.501388837001773e7 
1.5016212475179762e7 
1.4984179283802988e7 
1.501717353176437e7 
1.501649348921406e7 
1.5018981256915536e7 
1.5022637301283194e7 
1.4390050321013996e7 
1.4902004532942528e7 
1.5023777660019051e7 
1.5025460795200417e7 
1.5025995059847778e7 
1.5029737899699423e7 
1.504031520477421e7 
1.1275078776835918e7 
1.4141486215170976e7 
1.5001884816356739e7 
1.5042131319270419e7 
1.5043701034470445e7 
1.5034451372198759e7 
1.5045224325044077e7 
1.5046202258153146e7 
1.9445333513152543e7 
347972.48915753025 
353925.2769528312 
364121.05135144107 
432164.4794402461 
546234.066561732 
855931.0721885136 
2.5354980889182687e6 
2.1949369576058142e7 
1.998050634399944e7 
2.202578504631131e7 
2.211777003752967e7 
2.2182571807626948e7 
2.1000394226487823e7 
2.2229502243061583e7 
2.219421854888514e7 
2.2301878786938038e7 
2.179099869389425e7 
2.236389234995572e7 
2.2424067018672217e7 
2.053118866022565e7 
2.2482755949781347e7 
2.2492001938823834e7 
2.2553381866871428e7 
2.1241521699196707e7 
2.2586182839911517e7 
2.0579355921064634e7 
2.262035671386057e7 
2.262619587323933e7 
2.2665708390335806e7 
2.0853242872853044e7 
2.2636144149041038e7 
2.2674554386678588e7 
1.5860042888636881e7 
2.2603006411636163e7 
2.268264716029624e7 
2.2720278895723872e7 
1.633229090496545e7 
2.2259270321293607e7 
2.2726449881179627e7 
2.2730912391915347e7 
2.2714736153961957e7 
2.274343367641606e7 
1.5717169015819846e7 
2.2475629689239964e7 
2.2750518196603138e7 
2.2775070593581717e7 
2.241743942676788e7 
2.278375872737968e7 
2.2685302216898445e7 
2.2796968000902086e7 
2.282626959159759e7 
1.4221148152920457e7 
2.2344146542227857e7 
2.28322651222236e7 
2.2836745215557702e7 
2.28687570048381e7 
2.999292644339451e6 
2.0116544709810264e7 
2.287460838488772e7 
2.2891288366147064e7 
2.2920430251084168e7 
1.2501840379842294e7 
2.16238946069178e7 
2.2940002924810983e7 
2.2946490334257178e7 
2.2984137848852444e7 
2.289632854516541e7 
2.299330022205006e7 
2.2797045917448375e7 
2.301486971143017e7 
2.304772788145228e7 
1.895127707525804e7 
2.2939376480127644e7 
2.305343838624972e7 
2.304618554239712e7 
2.3062134314710688e7 
2.2991796083503336e7 
2.3069759076070063e7 
2.3086878404168632e7 
1.522777759315073e7 
2.2433142001918897e7 
2.3090653410421718e7 
2.3094153347026903e7 
2.3108794769978475e7 
2.179768429882259e7 
2.307859299259119e7 
2.3113013795624293e7 
2.3052925385101262e7 
2.3119465679648433e7 
2.3042070863976367e7 
2.3127338206049692e7 
2.31293394838125e7 
2.313916841742723e7 
2.314427844604749e7 
2.3158417325434707e7 
2.211684490390164e7 
2.3154869472546287e7 
2.3163207415657274e7 
2.3168287289987154e7 
2.3172652397986468e7 
2.319545734961397e7 
1.433091213065763e7 
2.213691445859322e7 
2.3199904294890404e7 
2.3205398515966825e7 
2.3207443283911537e7 
2.3222024216498617e7 
2.3242762315329168e7 
1.5148330307284359e7 
2.3070917795273673e7 
2.3256959383146394e7 
2.326564890217616e7 
2.324207331458601e7 
2.326971934719782e7 
2.3274984511648975e7 
2.327459649290461e7 
2.328443571964369e7 
1.660106177875303e7 
2.281964496694688e7 
2.3291159086154684e7 
2.3296316591546353e7 
2.3299162968677185e7 
2.3319475848072473e7 
6.563467418998554e6 
2.2670166646403484e7 
2.3324744689014163e7 
2.332725445529819e7 
2.3328078216808174e7 
2.3331260591210645e7 
2.3332300540321764e7 
2.3332470036977727e7 
2.333539408915157e7 
2.33357887382492e7 
2.3337799052271266e7 
2.333820907132374e7 
2.0105526780719347e7 
2.332417291526579e7 
2.334295864863038e7 
2.3347857116619747e7 
2.3354855897163566e7 
1.9447340809115198e7 
2.277239021364284e7 
2.3350606442329608e7 
2.335607820712113e7 
2.335750387299687e7 
2.3316813919493806e7 
2.3357015184825018e7 
2.3357417871885017e7 
2.3357926281996105e7 
2.3359380693457495e7 
2.3173016004831746e7 
2.3356873669280622e7 
2.3360639501170237e7 
2.3361340780835632e7 
2.336673208831968e7 
2.203517186638242e7 
2.3330883875680596e7 
2.336762181630345e7 
2.3369592339090593e7 
2.222172258947878e7 
2.3361542534209985e7 
2.3370822744794022e7 
2.3374663320951894e7 
2.3361185834818926e7 
2.3375428947486706e7 
2.3375811851730853e7 
2.3376577302321494e7 
2.337709519133774e7 
2.3379180834271483e7 
2.3032284116502497e7 
2.33732061898113e7 
2.3380206041426077e7 
2.3381426474200826e7 
2.2213910594705038e7 
2.337480617343502e7 
2.338401798296325e7 
2.339190081883614e7 
2.3405061991697486e7 
5.680612454661906e6 
2.2615026428698234e7 
2.3416226576087657e7 
2.3418551575217694e7 
2.3418293876664177e7 
2.3422758073438384e7 
2.341399247397513e7 
2.342045358353569e7 
2.3424850650990047e7 
2.3426354384769775e7 
2.3431222705707055e7 
2.3432554563651208e7 
2.344983189653202e7 
2.339117871161011e7 
2.3451843846536737e7 
2.3068520846555546e7 
2.346961976861922e7 
2.347448760896509e7 
2.3422616633318532e7 
2.3486929454259597e7 
2.350536319937397e7 
2.7833552659839317e7 
367477.38797981513 
368385.14365653554 
375934.94456735137 
439326.2581891536 
551185.9054592692 
827774.2286876601 
1.8767468686758585e6 
2.3486793183503017e7 
2.9008551924310938e7 
2.654056252402784e7 
2.913207037349852e7 
2.9529309201515812e7 
2.949725865709379e7 
2.9780998308146697e7 
1.276562164076648e7 
2.839019419284849e7 
2.9839445603730116e7 
2.9845095518143866e7 
2.986250145685851e7 
1.5360325420610063e7 
2.9622685764712863e7 
2.9874055040163767e7 
2.9909603052634116e7 
2.6676764982237622e7 
2.9891838140803084e7 
2.991973722527181e7 
2.9446314107124064e7 
2.9931678694903404e7 
2.994137294986687e7 
2.995519481234425e7 
2.9929779771164533e7 
2.997357362642919e7 
2.7550798186476626e7 
2.9937369645624448e7 
2.9988313583631393e7 
3.0021323857784238e7 
2.9665510775155038e7 
3.004390854141488e7 
3.0094836409737825e7 
2.1208206528382767e7 
2.9652482221471343e7 
3.010349714133507e7 
3.0161945310670435e7 
2.7632887480575673e7 
3.0050018617914233e7 
3.0168616760614652e7 
3.002407228730984e7 
3.017548835886169e7 
3.01758966582842e7 
3.0187246704513106e7 
3.0190387825048093e7 
3.021069393844093e7 
2.7282048179290254e7 
2.99488970376952e7 
3.021520975652389e7 
3.0232104933157146e7 
2.877631388761836e7 
3.0172264859901093e7 
3.023466341046436e7 
3.012751515246638e7 
3.0237108313001867e7 
3.013648120435077e7 
3.0241116696632843e7 
3.0244594046788424e7 
3.024857440872883e7 
3.022505342061576e7 
3.0254018763475925e7 
2.950920692423878e7 
3.024259769592671e7 
3.0259249377556525e7 
3.027486697194639e7 
2.9645037404856265e7 
3.0267775387487523e7 
3.027806911977872e7 
3.0279434460806366e7 
3.0282512375969015e7 
3.0283703762403235e7 
3.029357418940812e7 
2.8440794273686387e7 
3.022297593567905e7 
3.0295939736887734e7 
3.0297461696929656e7 
3.0308233725203183e7 
2.0928849426627707e7 
2.891265430276154e7 
3.0303179540198088e7 
3.031168092256658e7 
3.031366606636262e7 
3.029521407126537e7 
3.0317027666655943e7 
3.0320475204879694e7 
2.686672100356517e7 
3.0085815147816338e7 
3.0322531761884227e7 
3.0323085345628206e7 
3.0327031071233336e7 
2.995025004010619e7 
3.032721603984578e7 
3.031734882427778e7 
3.033303513337947e7 
3.034256181948729e7 
2.7448688637662765e7 
3.020350060991122e7 
3.0344121762330182e7 
3.034546323967178e7 
3.034199692409626e7 
3.0348082084801886e7 
2.8927291893705204e7 
3.027800973950219e7 
3.0350068956152648e7 
3.0357207207984503e7 
3.022603120204422e7 
3.031501585389935e7 
3.035838895078445e7 
3.0279599013477422e7 
3.0359881921653654e7 
3.0363135346853666e7 
3.0115331869993366e7 
3.0375094993480857e7 
3.037646831773364e7 
3.0379998688420318e7 
3.036092413546827e7 
3.0364423174097873e7 
3.038136135792337e7 
3.0259521840030085e7 
3.0382695326863017e7 
3.038396523997534e7 
3.038549761384072e7 
3.0375232986796923e7 
3.0387028292779125e7 
3.0382717048185386e7 
3.0389032699747276e7 
3.0395155421422306e7 
2.6195458637455937e7 
2.995757116122669e7 
3.0397410397920005e7 
3.0399301482208423e7 
3.0402408859989434e7 
2.9459411923688874e7 
3.0388655724341568e7 
3.0403995368964434e7 
3.0408991542425193e7 
3.0366886087284256e7 
3.0411042023514785e7 
2.9732128957974445e7 
3.0400758775360297e7 
3.041232188975408e7 
3.041631107489386e7 
3.013207367175273e7 
3.0412406857690297e7 
3.041723050620261e7 
3.0417993661363833e7 
3.0410036140375357e7 
3.0418691896825705e7 
3.0416768281237386e7 
3.0420142148799557e7 
3.042383540157308e7 
3.042289817859979e7 
3.0429554861726243e7 
2.7354718506119356e7 
3.03889159898903e7 
3.0432269937232815e7 
3.0430282160516333e7 
3.0433098164712243e7 
3.043459588341403e7 
3.019576393821401e7 
3.0435201909106113e7 
3.043607267053877e7 
3.043713266382483e7 
3.0240192273776665e7 
3.0434795938055683e7 
3.0437463204557583e7 
3.0434764730076384e7 
3.043796436804413e7 
3.0385423795290295e7 
3.043830697024786e7 
3.0438884503808107e7 
3.043938662532512e7 
3.0440558343897223e7 
3.0410176720285114e7 
3.0441617984990068e7 
3.044383089124583e7 
3.0444218615034495e7 
2.0145312444969717e7 
3.0203042937191375e7 
3.0452873972251654e7 
3.0449339652823362e7 
3.0456366339472156e7 
3.045850608597681e7 
3.0012037571395338e7 
3.045560136049901e7 
3.0459027755230065e7 
3.0459956222953927e7 
3.041235087350665e7 
3.0460499782185324e7 
3.046102108913504e7 
3.0461510483007018e7 
3.0460939839860972e7 
3.0462510032237567e7 
3.886627757272262e7 
353711.1343570044 
348783.91859057517 
356539.86422334047 
404160.60452781257 
544305.1393748261 
847858.931500934 
2.1984449501523958e6 
2.4818016525737636e7 
4.021942512340538e7 
3.2289171985254806e7 
4.0514681697093174e7 
4.123954664912315e7 
6.099323224017739e6 
2.2529320464031193e7 
4.098856335498412e7 
4.1514126593274295e7 
4.170903564094018e7 
1.4609419687659167e7 
4.108609810659579e7 
4.175862375659966e7 
4.196586081022305e7 
3.020153870571329e6 
3.774660132715754e7 
4.208504229757865e7 
4.2167744430427104e7 
3.857116066455628e7 
4.2374729106475495e7 
4.2540969360754944e7 
4.264838326727819e7 
2.295790356982485e7 
4.161935363195851e7 
4.274814655492359e7 
4.27682780618278e7 
4.294665895065581e7 
3.3500687776614837e7 
4.281454682954586e7 
4.2962148217579275e7 
4.2976210896999635e7 
4.2775302735514894e7 
4.2997040372041374e7 
4.296439251832977e7 
4.3014251265906684e7 
4.305734154299749e7 
3.999824384566178e7 
4.3101773872703575e7 
4.310858201613864e7 
4.31506117725102e7 
1.9391522879666682e7 
4.254677983242387e7 
4.3159428351349674e7 
4.318339130415456e7 
4.147988306799651e7 
4.32227836779152e7 
4.3226472817463145e7 
4.26480564098561e7 
4.3263188887942195e7 
4.329108802140175e7 
3.0572311671424698e7 
4.261960547613003e7 
4.330232293033567e7 
4.3307631426626965e7 
4.333845645478087e7 
2.5007082652855247e7 
4.22482340441095e7 
4.334627015095207e7 
4.335198181695624e7 
4.3368963958033815e7 
4.327047955897755e7 
4.338854284465936e7 
4.3393199344726264e7 
4.3409250947783485e7 
4.318243512262642e7 
4.3421843603806e7 
4.344379751963334e7 
4.310824190508117e7 
4.345761861259677e7 
4.0846444977807835e7 
4.3465611743507236e7 
4.347375163285923e7 
4.3474689734532274e7 
4.348441546888028e7 
3.3555615506832406e7 
4.3371898364290096e7 
4.348667303313582e7 
4.3497651453770444e7 
2.3548540882013567e7 
4.313782443987058e7 
4.3505569001563884e7 
4.3516581797535576e7 
3.1148838061705194e7 
4.329339912998603e7 
4.351980666621304e7 
4.352996195016973e7 
4.359215382598722e7 
2.412742523918782e7 
3.826451595474997e7 
4.3547504956823654e7 
4.359523096246092e7 
4.35998999981533e7 
4.329881929778126e7 
4.3607407583773054e7 
4.361630706471449e7 
4.296033314305703e7 
4.362121208704489e7 
4.3512763583117954e7 
4.362630706056962e7 
4.363641239856167e7 
3.89912687052352e7 
4.3589004389869764e7 
4.363808571967121e7 
4.363257202491855e7 
4.364208501935246e7 
4.361102851805859e7 
4.36460562143978e7 
4.365909144625738e7 
4.176479442609139e7 
4.364432919211985e7 
4.3661954580959365e7 
4.2913980348265596e7 
4.3661839775564365e7 
4.366465061677115e7 
4.367429585707738e7 
2.5419761419742424e7 
4.3042889122821815e7 
4.368261788577822e7 
4.368411696519407e7 
4.369314042852671e7 
3.431945105941694e7 
4.346162731540656e7 
4.3694979094175644e7 
4.369608748832197e7 
4.370277002776287e7 
4.153691754476926e7 
4.367896969048971e7 
4.370501183298785e7 
4.370679781561987e7 
4.3705820357316524e7 
4.371142905783397e7 
3.4479916757901706e7 
4.3529129683493786e7 
4.371506809994024e7 
4.37225125290642e7 
4.250369607815873e7 
4.371773898730858e7 
4.3724572968386516e7 
4.369972390833552e7 
4.3727989539515354e7 
4.242672997785242e7 
4.3725076185282856e7 
4.373126951060288e7 
4.374474944224687e7 
4.1755081904596575e7 
4.371373902173553e7 
4.374615405435254e7 
4.361115837884159e7 
4.3747381663966514e7 
4.374861177524128e7 
4.374994512356397e7 
4.374388856441804e7 
4.3752003633199185e7 
4.093156931494297e7 
4.372414498149213e7 
4.375389203142957e7 
4.376033340641843e7 
4.271558994452724e7 
4.375458850964713e7 
4.376180496764911e7 
4.37132311645235e7 
4.376397402579483e7 
4.31722280859224e7 
4.376427277741602e7 
4.3767925360481665e7 
4.376968270841251e7 
4.3778439595613755e7 
3.617913026521801e7 
4.362185150368345e7 
4.3779746850526094e7 
4.3780913246816434e7 
4.378297744699072e7 
4.344646786695524e7 
4.3787555637226e7 
4.378803330968464e7 
4.3791562768392555e7 
3.774480346284346e7 
4.370492387050385e7 
4.3792281011428826e7 
4.379279406899168e7 
4.379586740071956e7 
3.735582739652815e7 
4.3431852843755536e7 
4.379713136530738e7 
4.3798276441587105e7 
4.380171612849953e7 
4.267021892938672e7 
4.3796093444151334e7 
4.3802770979485124e7 
4.379978759092431e7 
4.380514556601387e7 
4.0013272106082655e7 
5.40232389812567e7 
472461.8837210048 
460331.7770915964 
411010.4711612267 
402046.23010901955 
654561.0797168755 
2.8998686888882783e6 
1.3583548067769065e7 
2.623488851155932e7 
4.728390849211949e7 
5.686454547879317e7 
3.5984288075257644e7 
4.825530860782531e7 
5.834918497582004e7 
4.092199815442305e7 
5.873812551116963e7 
5.893494939569959e7 
5.915560536219877e7 
5.86262015135629e7 
5.942178274430417e7 
2.8898326943432786e7 
5.820386153202662e7 
5.967435310225331e7 
6.033873720813605e7 
3.769049338058837e7 
5.6532959960682325e7 
6.0404339395786874e7 
6.04704180731914e7 
6.080755642536884e7 
4.333273855841602e7 
4.1283025230581954e7 
6.085604749027053e7 
6.104428136407859e7 
6.1100571224263676e7 
6.152912119051231e7 
6.329158266529332e7 
7.578998254546853e6 
2.4718743800497983e7 
2.6145541774246465e7 
5.9824411693858996e7 
6.391808532443136e7 
6.399638299785045e7 
6.404892322697378e7 
6.097396403910578e7 
6.41924762616506e7 
6.421590626350776e7 
6.432465406555221e7 
6.410699379719622e7 
6.450911191100372e7 
4.9395975733233884e7 
6.431550199850299e7 
6.466664173156227e7 
6.482773811580814e7 
5.237437449070184e7 
5.978645559014467e7 
6.489174265606816e7 
6.491996148555245e7 
6.5174608502207704e7 
3.9199197615183055e7 
5.6966325373945415e7 
6.522954549117626e7 
6.529213546913015e7 
6.5336040853973426e7 
6.4179873393717594e7 
6.557986500881034e7 
6.579127493113192e7 
2.817885067217586e7 
6.260667522006937e7 
6.589045494429712e7 
6.615596392750363e7 
6.629216278560291e7 
5.9501980043218896e7 
6.6394132036070116e7 
6.6443785112544514e7 
6.542998173537054e7 
6.647596722311136e7 
6.20839952711502e7 
6.648286399941207e7 
6.6510958347209856e7 
6.652552688840517e7 
6.6610793668944836e7 
6.40419320385934e7 
6.6658948630541615e7 
6.408502591337372e7 
6.6726102518124446e7 
6.684340642636984e7 
4.6936236168942414e7 
6.637373989456975e7 
6.6874141902009115e7 
6.570896414862e7 
6.691198309546991e7 
6.475603075231415e7 
6.696940204283747e7 
6.701781350694914e7 
6.707228081838543e7 
6.71171878670001e7 
6.745335874542096e7 
3.2260645933556486e7 
6.50071011266798e7 
6.751360140523148e7 
6.748889213827352e7 
6.764750431564225e7 
2.9124527788570642e7 
6.5434630337831944e7 
6.778186909764943e7 
6.780999787429169e7 
6.810037863341358e7 
4.213690257131848e7 
6.290050766703224e7 
6.81537461656929e7 
6.820312480487823e7 
6.832656495844372e7 
5.854213355898331e7 
6.871989922693886e7 
6.876221785231104e7 
6.92920758191622e7 
6.3528210968687e7 
7.005074411510466e7 
3.407016931937293e7 
4.08585364152262e7 
4.6138113590440005e7 
7.075962597979333e7 
7.084079260992557e7 
7.08448453455603e7 
6.6360011837004684e7 
7.117212382177882e7 
7.12042685175903e7 
7.13589181271374e7 
4.666827835401065e7 
7.07741228629449e7 
7.140653971462876e7 
7.179165042424181e7 
3.589433019662814e7 
5.991530753988934e7 
7.200440865376581e7 
7.2108137237314e7 
7.257366890332128e7 
5.418751299372561e7 
3.287146836716596e7 
7.24508958316052e7 
7.29350520590098e7 
7.30082967440968e7 
6.8414246798853e7 
7.358497256905334e7 
7.29023174971212e7 
7.367492464374681e7 
7.375004551267381e7 
7.385728056795451e7 
7.392088226923224e7 
7.454011735613273e7 
2.175218887341397e7 
4.590589167958588e7 
7.379243644693768e7 
7.475381510235833e7 
7.514576382115099e7 
3.1790672276406378e7 
7.412997464437278e7 
7.529965654997626e7 
7.620439896285802e7 
3.258684467966212e7 
6.696208187618417e7 
7.637268313742436e7 
7.645437594311704e7 
7.725987911996384e7 
2.714741336128678e7 
4.624362088157764e7 
7.714378004242331e7 
7.747236847319965e7 
7.798251483683106e7 
3.2370516532471284e7 
7.730119104693002e7 
7.81500076173533e7 
7.807837036503461e7 
7.85601866115252e7 
2.74421795031656e7 
6.976911331441538e7 
7.898517205877614e7 
7.966431939997238e7 
4.0619244760508984e7 
6.2284085204528734e7 
7.976777299331293e7 
7.985402078558381e7 
8.01546462415662e7 
6.366208946031475e7 
8.037732507963651e7 
8.006234479347515e7 
8.067879546779975e7 
8.125787895451246e7 
5.913247675629796e7 
8.185979630900498e7 
8.198849568669482e7 
8.267782684279153e7 
3.715596081418408e7 
7.695262421535368e7 
8.27991108754301e7 
8.31111416581875e7 
5.869584127133894e7 
8.41405157683264e7 
8.434226163803832e7 
8.467954240917675e7 
8.467954240917675e7 
270967.56171477115 
272511.0117231426 
278694.5289653167 
294541.4632243725 
357677.1033205015 
745038.0513684952 
6.8814889322888125e6 
2.7116399041919585e7 
3.3362295744803526e7 
8.407783640787588e7 
8.51176252512233e7 
8.554837964316235e7 
3.0347591240071155e7 
7.977000630238268e7 
8.568082764081319e7 
8.574059392575212e7 
8.615303907247068e7 
6.335324167349913e7 
8.568173609981652e7 
8.627617025266841e7 
8.638201647861901e7 
8.650650378154348e7 
8.504293482489558e7 
8.66973749226662e7 
5.15195358431716e7 
8.613118034220862e7 
8.688165462118138e7 
8.774222345603922e7 
3.713372243473254e7 
8.249196437531069e7 
8.785717864547168e7 
8.79283789001895e7 
8.815929971590456e7 
5.223564801749182e7 
8.851099322450699e7 
8.87731810688209e7 
8.919785471555912e7 
8.672705561997151e7 
9.004251791786402e7 
7.994306398770534e6 
3.257464856856929e7 
8.341830007638223e7 
9.036946839303732e7 
9.075101777765283e7 
5.773027706226116e7 
9.064389359860592e7 
9.089468111581518e7 
9.013621758964166e7 
9.110286704174145e7 
9.100378971199273e7 
9.13013424609879e7 
9.20514307129632e7 
4.531199723892498e7 
9.007338426309144e7 
9.21868157657482e7 
4.650232679815492e7 
9.164267062328339e7 
9.230345573280819e7 
9.289191684329559e7 
7.00641322920085e7 
9.289688700016716e7 
8.831272869288377e7 
9.333805310551985e7 
9.384011953288227e7 
4.5684801718065806e7 
8.267632025889055e7 
9.396237425699715e7 
9.404534562390022e7 
9.451353305122097e7 
2.837448415147522e7 
4.8040564186752625e7 
9.433811110021026e7 
9.49484633418355e7 
9.465391717144825e7 
9.501716262543024e7 
7.643264977105425e7 
9.493459004919912e7 
9.504709177682604e7 
9.522793454614289e7 
9.043092229631299e7 
9.54010076754444e7 
4.02684677152154e7 
9.12258545850686e7 
9.55668854792864e7 
9.590953714111753e7 
4.550889304529591e7 
9.477998116023569e7 
9.593115982510717e7 
9.60916815607686e7 
2.818342260620492e7 
9.274766295365158e7 
9.62898696233054e7 
9.659751460160579e7 
3.0609553876612663e7 
9.139609896838617e7 
9.675608161851703e7 
9.712588148990177e7 
4.8351198378076695e7 
9.632982294772826e7 
9.721595989571834e7 
9.779864600498314e7 
4.392579710380542e7 
9.099415602391648e7 
9.792779545667928e7 
9.826267489757264e7 
6.192220333518202e7 
8.803819719294801e7 
9.829634520202783e7 
9.834596200915688e7 
9.848077117971689e7 
3.0457125853846885e7 
8.22966187115791e7 
9.848033226904036e7 
9.854061434294489e7 
9.863389518451619e7 
9.271789462163842e7 
9.868609370806764e7 
9.865804993879847e7 
9.876337802571198e7 
9.897072442838229e7 
2.7761524776705448e7 
7.722703606736562e7 
9.89505052395041e7 
9.910541139744891e7 
9.921460287476975e7 
9.604950492520334e7 
9.931318084705645e7 
9.943435781479202e7 
4.486612139197465e7 
9.790426922044006e7 
9.953566907294273e7 
9.981991752971436e7 
7.679156621547547e7 
9.961386487612987e7 
9.985739205667838e7 
9.685865111901289e7 
9.991292252204102e7 
9.237438436068074e7 
9.997487477954118e7 
1.0005329049389844e8 
1.0011135961205705e8 
1.0030213487057522e8 
7.966157588726233e7 
1.0067693149248426e8 
1.0071382729577482e8 
1.0097296554997912e8 
5.8159317243436925e7 
9.921521462875499e7 
1.0104213244266045e8 
1.0144299248688737e8 
1.00856747042201e8 
1.0131542717151414e8 
1.01562631355205e8 
8.723467398471466e7 
1.0168781028515325e8 
1.017181914426106e8 
1.0192508639158468e8 
1.024890514081654e8 
7.643176983263285e7 
1.0256607096263948e8 
1.024739699462597e8 
1.0281338084108625e8 
1.0299031065586069e8 
1.0184226689725175e8 
1.0303566561572695e8 
1.02425125829831e8 
1.0306099442758927e8 
1.031649537412336e8 
1.0384105541023377e8 
8.267017515349013e7 
1.0399186496864289e8 
6.27570215159842e7 
1.0355484675567871e8 
1.0407434919724236e8 
1.0413713880331646e8 
1.0406876572742753e8 
1.0417164539744954e8 
1.0418166252256331e8 
1.0429052578851056e8 
1.0507122020231274e8 
2.1091248957070686e7 
3.468347759034893e7 
1.0042229306522925e8 
1.0511379251268412e8 
1.0513537297855207e8 
1.0518987922060035e8 
1.0104404811942893e8 
1.0524115102115397e8 
1.0525324319443747e8 
1.0533380519135877e8 
7.136573369053458e7 
1.0482128688887852e8 
1.053766440912512e8 
1.053499753365287e8 
1.0546845745791964e8 
7.387752431485887e7 
1.0458291271910477e8 
1.055424830492383e8 
1.0582139799373576e8 
1.0582139799373576e8 
490072.39265731385 
479420.93180580554 
465209.46290468 
502020.0003764356 
593660.1473065477 
881861.9014740705 
3.17785308948783e6 
2.1286222177260093e7 
9.12115470933364e7 
1.058546903887636e8 
1.0592840472265252e8 
1.0594847617486042e8 
1.059450365812723e8 
1.0602781013743716e8 
1.0606858844750947e8 
1.0497606091916917e8 
1.0616072465688513e8 
1.0633666967059785e8 
8.052936408893295e7 
1.0605484055168994e8 
1.0638382993760903e8 
9.57170358761435e7 
1.0639210568865795e8 
1.0639130020969932e8 
1.0647483792191626e8 
1.0670717280434327e8 
8.416593832754408e7 
1.0634507696623349e8 
1.067709812708872e8 
1.0029867108710629e8 
1.068337578257114e8 
1.0689222839629917e8 
1.0697106488050775e8 
1.0701405750271368e8 
1.0740408531809048e8 
1.0050061449550477e8 
1.0767491818733911e8 
2.3303326098442074e7 
6.206780664610746e7 
1.074057148868107e8 
1.0782743658085828e8 
1.0781123991287106e8 
1.0791892651401886e8 
1.0438627212743682e8 
1.0795046349149033e8 
1.0796234221176945e8 
1.0802359380832541e8 
1.0804035654176237e8 
1.0821773394271839e8 
8.472982306614491e7 
1.0811265547633827e8 
1.0827270547247386e8 
9.485940473468056e7 
1.0815153448616517e8 
1.0832252298037037e8 
1.0802430225104336e8 
1.083930159486342e8 
1.0765834823480281e8 
1.0846505328327887e8 
1.0837194772097789e8 
1.0852895722007897e8 
1.086813190724944e8 
3.1665237883708186e7 
9.88341588653628e7 
1.0876652018192041e8 
1.088018457767727e8 
1.0885286096278347e8 
1.0594058605129321e8 
1.0897821601236099e8 
1.0911644906294894e8 
8.571924532194124e7 
1.0898970367731425e8 
1.0916349953123048e8 
1.0775553622402748e8 
1.0923358944364072e8 
7.926422121430825e7 
1.0909681581082694e8 
1.0930545945324776e8 
1.0951254836382784e8 
6.853737704094718e7 
1.0874715488925894e8 
1.0952622400806081e8 
1.096290129695284e8 
5.580690750430836e7 
1.082925471084876e8 
1.0968991667042275e8 
1.0983756312616643e8 
4.594429269819808e7 
1.0776728923485638e8 
1.0987472365978871e8 
1.0999248134870917e8 
1.0840071236217044e8 
1.1007735832606524e8 
1.069512122416357e8 
1.1016307725994204e8 
1.1038461172749077e8 
8.6237220764768e7 
1.102300658388109e8 
1.1044822631865856e8 
6.014809390733872e7 
1.0923705868554892e8 
1.1050188144897191e8 
1.10654537942366e8 
5.7828320389327176e7 
1.0970186166125688e8 
1.1068520450975254e8 
1.1084239735112758e8 
1.0857454528700325e8 
1.1096178661248176e8 
3.8797596278587185e7 
1.0589313041266446e8 
1.1102226585045785e8 
1.1104768513991898e8 
1.1113797817451e8 
1.071657965734968e8 
1.1126000110198589e8 
1.1147703652727151e8 
5.98689042107739e7 
1.0873538538308218e8 
1.1151924561570536e8 
1.1175941492751946e8 
1.0453439321301639e8 
1.1114846783889298e8 
1.1179020543112269e8 
1.1181121726958199e8 
1.1200208975925785e8 
3.0515668249973126e7 
9.504129299595569e7 
1.1198315884018615e8 
1.1205471974049588e8 
1.1213347892211853e8 
1.1202435926337221e8 
1.1217834892148587e8 
1.1200786952516028e8 
1.1220421734023587e8 
1.1222304172082119e8 
1.12253960992484e8 
1.1227086216229257e8 
1.1243140541786812e8 
2.7685167378129065e7 
1.0282391835791346e8 
1.1243820327225974e8 
1.1249278660264751e8 
1.1250559334622525e8 
1.1264965343116747e8 
1.0387664266698642e8 
1.1260317848902094e8 
1.1270314174283409e8 
7.534341269264585e7 
1.1236763098493025e8 
1.1274969242154852e8 
1.129562234117793e8 
9.810884025754936e7 
1.1294873827278312e8 
1.1300447321376696e8 
4.450118560481148e7 
1.1117327261182071e8 
1.1304300227778506e8 
1.1315462200976537e8 
9.770441475567727e7 
1.131111659830497e8 
1.1319415393305542e8 
1.1182044634665523e8 
1.1324641630065665e8 
9.144023863298593e7 
1.1317044474415144e8 
1.1329819514971682e8 
1.1349692753091535e8 
4.735922960802179e7 
1.103828720961129e8 
1.1351607888883372e8 
1.1353312706847489e8 
1.1357788796947804e8 
1.0511698727252264e8 
1.1367195381896144e8 
1.1368136795778182e8 
1.1377591711482581e8 
1.1463706106271528e8 
2.3629063959710114e7 
2.929847345328644e7 
1.043200860118286e8 
1.1461836806815389e8 
1.1465993211318915e8 
1.1467771060288662e8 
9.569465445838745e7 
1.1453205933669704e8 
1.1469120472866076e8 
1.1472456794698024e8 
1.1345676782593313e8 
1.1476354225651476e8 
1.148252560247369e8 
3.498875182090237e7 
1.1192419478573623e8 
1.1484224182276486e8 
1.1485427616653256e8 
1.1489963305705322e8 
7.138081977175806e7 
1.144701695892201e8 
1.1493704122291073e8 
1.1493704122291073e8 
2.121300484855727e7 
2.125338204930122e7 
2.1345338928704325e7 
2.138589493963034e7 
2.0981133330198247e7 
2.2862516229178235e7 
5.280784859833995e7 
1.1052923380596349e8 
1.1497288085066389e8 
1.1439998083436972e8 
1.1502799264820613e8 
1.1512371220399241e8 
1.1261216256331056e8 
1.1519112390662128e8 
1.0247695118207811e8 
1.1518660264120753e8 
1.1523126568169287e8 
1.152581159080268e8 
1.1506685111314224e8 
1.1532323238009074e8 
1.1543271798508453e8 
4.635854012344601e7 
1.1334843637832417e8 
1.1545796705953115e8 
1.1547375357076009e8 
1.1557430975795816e8 
1.9424743081914403e7 
8.574321923412837e7 
1.1546365516658062e8 
1.1564472140033135e8 
1.155888657420114e8 
1.15668071315549e8 
1.1517070066050553e8 
1.1567596206102456e8 
1.1538057968380529e8 
1.156907884260555e8 
1.1305179403897175e8 
1.1570936709827663e8 
1.1572964419843765e8 
1.1521937906712352e8 
1.1575007663664679e8 
1.1006596086843495e8 
1.1572905498783578e8 
1.1576921396354848e8 
1.1580481301701303e8 
1.1155781475782874e8 
1.1590607075861578e8 
1.1591778763987038e8 
1.1596344882237375e8 
1.1311011415963861e8 
1.160108020830582e8 
1.1611342284578347e8 
9.921745216344011e7 
1.1591597764195535e8 
1.1613488253335679e8 
1.0312558778541477e8 
1.1604580613114707e8 
1.1615524241346128e8 
1.1606825881831653e8 
1.1618742531162764e8 
9.358718744555496e7 
1.16053176847597e8 
1.1621770441238792e8 
1.1632677560913329e8 
3.745188033244625e7 
1.1113459816747127e8 
1.1635780781695138e8 
1.1636835461991936e8 
1.164196483908589e8 
1.1070779846367726e8 
1.1642984198246762e8 
1.1422559991014092e8 
1.1649220635232002e8 
1.1653225603146166e8 
6.162568712826224e7 
1.1506947273911722e8 
1.1655864775661562e8 
1.1662234209844677e8 
3.555277442061947e7 
1.1203371881883492e8 
1.1666473236152326e8 
1.1667836937561521e8 
1.1680326749298306e8 
8.048051358723514e7 
1.1652034041418722e8 
1.168263326747787e8 
1.1463885302911165e8 
1.1684142287279405e8 
1.1687135693536454e8 
1.1689115327337316e8 
1.1698269646155408e8 
4.006891132798274e7 
1.1381518228963459e8 
1.1702718355714944e8 
1.1704337111325471e8 
1.1710445027420044e8 
1.1238207615144943e8 
1.171124434128297e8 
1.171430089681262e8 
1.1715262912354152e8 
1.1725285001023419e8 
1.1716064752974983e8 
1.1695047788490269e8 
1.172831390719625e8 
7.730757029954337e7 
1.1622243815889943e8 
1.1730866431223527e8 
1.1734800715660942e8 
6.508810011915088e7 
1.1652040301957703e8 
1.1735426227116288e8 
1.1735692721108381e8 
1.1737642994004019e8 
1.1570288045939793e8 
1.1739156839975792e8 
1.1737100344800897e8 
1.1741194557081617e8 
1.1749892934199965e8 
7.917338115252507e7 
1.159637631633762e8 
1.1751327630483975e8 
1.1752728780501284e8 
1.1750716204383038e8 
1.1755441594145073e8 
8.28385095279132e7 
1.1624211256131226e8 
1.1757905451390967e8 
1.1760970225632122e8 
7.352553882267904e7 
1.1681963171192217e8 
1.176202872772684e8 
1.1764646611668062e8 
1.1712018741024822e8 
1.1766749957241689e8 
1.173262385250844e8 
1.176710757987682e8 
1.1766788978058429e8 
1.1767501485247242e8 
1.176906243746609e8 
7.358705069585106e7 
1.169774543553418e8 
1.177027895948886e8 
1.177354355662632e8 
1.1609381979625842e8 
1.1775396014601594e8 
1.1768374708979155e8 
1.1777503390760231e8 
1.1782587508071664e8 
1.118024068227109e8 
1.1787788290912507e8 
1.1788930198675643e8 
1.1796761201589173e8 
1.1607082231707825e8 
1.1803846197275785e8 
2.2520817507322002e7 
9.07824932461094e7 
1.1787936461199975e8 
1.180698211229448e8 
1.1806099380914049e8 
1.1808876183690801e8 
1.1801031364012155e8 
1.180993190689474e8 
1.1058734284682101e8 
1.180333814906023e8 
1.1811001173330739e8 
1.1811045817244276e8 
1.1610885987804784e8 
1.181709978857462e8 
1.1820963954878835e8 
9.915629613380685e7 
1.1783258390991811e8 
1.1822981539635469e8 
1.1825605506377201e8 
8.961521263626964e7 
1.1790793264100054e8 
1.1826779540160348e8 
1.1829157786124481e8 
1.1360986948349103e8 
1.1827391180884881e8 
1.182982386983099e8 
1.1833797005332014e8 
1.122344820072319e8 
1.1831279145746846e8 
1.1834890426000799e8 
1.174745456204262e8 
1.1835975674724627e8 
1.1836975911597347e8 
1.1837574435522206e8 
1.1838772933297767e8 
1.183920151663776e8 
1.1843938774173543e8 
1.0743299434644164e8 
1.1836316031413618e8 
1.1845131115679367e8 
1.0813842296000807e8 
1.1839242958502884e8 
1.1846039282063793e8 
1.1850701824150379e8 
1.1308778123358454e8 
