43636.360745813006 
60372.98515888587 
62679.60227204388 
62866.12755157418 
62192.58508750044 
62687.09025479893 
62807.06470365799 
62844.16102958576 
62857.49350145787 
62862.652162782615 
62864.71464388433 
62865.55077326364 
62865.89170078246 
62866.03104288975 
62866.08804961785 
62866.111381158225 
62866.12093177881 
62866.12484152944 
62866.12644211498 
62866.1270973731 
62866.12736562665 
62866.12747544953 
62866.127520410904 
62866.127538816865 
62866.12754635019 
62866.12754943557 
62866.12755069661 
62866.12755121549 
62866.12755142796 
62866.12755151111 
62866.12755154972 
62866.12755156494 
62866.12755156983 
62866.12755157109 
62866.12755157248 
62866.12755157482 
62866.12755156359 
62866.12755156773 
62866.12755157013 
62866.127551572434 
62866.12755157426 
62866.12755157228 
62866.12755157366 
62866.12755157295 
62866.12755157214 
62866.127551573 
62866.12755157482 
63356.97434546898 
73155.15076525256 
69653.54637872145 
72488.3099599822 
73086.44523046617 
73154.03113694584 
73159.75643340319 
73159.17793266961 
73159.8014794993 
73159.77441869517 
73159.80261562223 
73159.80046264098 
73159.80221296116 
73159.80255144554 
73159.80261099196 
73159.80261858764 
73159.80261889534 
73159.80261882322 
73159.80261890787 
73159.80261890488 
73159.80261890656 
73159.80261890843 
73159.80261890752 
73159.8026189068 
73159.80261891203 
73159.80261890937 
73159.80261890734 
73159.8026189066 
73159.8026189076 
73159.80261891046 
73159.80261890891 
73159.80261891017 
73159.8026189085 
73159.80261890932 
73159.8026189077 
73159.80261890385 
73159.80261890915 
73159.80261890672 
73159.80261890568 
73159.80261890865 
73159.80261890817 
73159.80261890656 
73159.80261890986 
73159.80261891203 
73159.80261890986 
73159.80261891203 
73995.31283290195 
81915.26662648759 
105509.4432304927 
501394.8047548046 
222916.7724621874 
223677.45986462306 
233418.70233834238 
306992.62012691644 
447457.0730283506 
635714.7608338333 
377164.1222807927 
542169.0185103569 
883827.9211816003 
591273.8051695684 
847967.2055144527 
874344.4332648469 
880537.8725571916 
882602.4706720852 
883361.3568534497 
883648.9121360785 
883759.0454300833 
883801.3917823362 
883817.6984492973 
883823.9813722225 
883826.4026988635 
883827.335913771 
883827.6956000578 
883827.8342347476 
883827.8876693154 
883827.9082647752 
883827.9162029615 
883827.9192626787 
883827.9204419922 
883827.9208965611 
883827.921071655 
883827.9211392518 
883827.9211652516 
883827.9211752852 
883827.921179157 
883827.9211806551 
883827.9211811644 
883827.9211814175 
883827.9211815258 
883827.9211815479 
883827.9211815529 
883827.9211815262 
883827.921181594 
883827.9211816003 
883827.9211815642 
883827.9211816003 
1.6104408700145076e6 
677675.3700587193 
1.1568373378139168e6 
1.2753927811890508e6 
648850.8895242553 
666993.1602573179 
497861.099135765 
1.388569248837107e6 
1.6216916682030042e6 
1.6546974195796028e6 
1.640762847683447e6 
1.6502096274348907e6 
1.65307667900794e6 
1.6540879731836068e6 
1.6544648022835685e6 
1.6546081082540147e6 
1.6546630522723815e6 
1.6546841836722887e6 
1.6546923204026925e6 
1.654695454883963e6 
1.6546966625760307e6 
1.654697127921349e6 
1.6546973071963373e6 
1.6546973762725743e6 
1.6546974028911986e6 
1.654697413148677e6 
1.6546974171014873e6 
1.6546974186245631e6 
1.6546974192116263e6 
1.654697419437917e6 
1.6546974195249798e6 
1.6546974195586196e6 
1.6546974195715312e6 
1.6546974195764924e6 
1.6546974195784563e6 
1.6546974195791197e6 
1.654697419579408e6 
1.6546974195796477e6 
1.6546974195795525e6 
1.65469741957947e6 
1.654697419579599e6 
1.6546974195796004e6 
1.6546974195796477e6 
1.6546974195796004e6 
1.6546974195796477e6 
2.3619886141596315e6 
1.1096666344382947e6 
1.0248492869923847e6 
1.4556996550072595e6 
632521.6171437505 
641557.6334738749 
1.005123242541597e6 
1.3047546386212483e6 
2.332080016166052e6 
2.3741051443188665e6 
2.394625794909897e6 
2.4010231137999045e6 
2.4047190503564007e6 
2.40685951934106e6 
2.408116523373156e6 
2.408861177715559e6 
2.4093046421479383e6 
2.4095695774741964e6 
2.409728157025393e6 
2.409823184888847e6 
2.409880168869985e6 
2.409914353707928e6 
2.4099348663526103e6 
2.409947176812285e6 
2.4099545654703607e6 
2.4099590003322405e6 
2.409961662335727e6 
2.4099632602204923e6 
2.4099642193721402e6 
2.4099647951201457e6 
2.409965140724117e6 
2.409965348180872e6 
2.40996547271117e6 
2.409965547463413e6 
2.4099655923353303e6 
2.4099656192707554e6 
2.4099656354394816e6 
2.4099656451451224e6 
2.4099656509713787e6 
2.4099656544685937e6 
2.4099656565680555e6 
2.409965657828271e6 
2.4099656585848727e6 
2.4099656590390387e6 
2.4099656593115814e6 
2.409965659475362e6 
2.4099656595736872e6 
2.4099656596328337e6 
2.409965659668361e6 
2.4099656596897077e6 
2.4099656597025595e6 
2.4099656597101707e6 
2.409965659715004e6 
2.409965659717906e6 
2.409965659719385e6 
2.409965659720554e6 
2.4099656597212744e6 
2.409965659721649e6 
2.409965659721975e6 
2.4099656597222523e6 
2.4099656597223068e6 
2.4099656597224367e6 
2.409965659722351e6 
2.4099656597223175e6 
2.4099656597223147e6 
2.409965659722227e6 
2.4099656597223226e6 
2.4099656597224367e6 
2.4099656597223226e6 
2.4099656597224367e6 
3.634746440101034e6 
1.1335694063489889e6 
1.5617347893837115e6 
802249.6106957176 
563911.5830244431 
676476.0500906546 
1.0772300700051042e6 
1.497628134364277e6 
3.7284001469109603e6 
3.839760085478107e6 
1.692365728721204e6 
3.872931800234138e6 
3.931158207364583e6 
1.715583506284439e6 
3.934070523739295e6 
3.999338860869239e6 
4.0097145477900007e6 
4.0219670791690606e6 
4.1291255443838756e6 
1.5370643878263317e6 
3.6378566866863486e6 
4.1324773251229953e6 
4.182644190074123e6 
2.315525941088892e6 
4.1676486853087517e6 
4.181861961364328e6 
4.1828247043204815e6 
4.1831881658307062e6 
4.1834428079644893e6 
4.183607598485356e6 
4.1837133007149873e6 
4.1837812725346913e6 
4.183825155784097e6 
4.183853580331397e6 
4.183872035767835e6 
4.1838840382307246e6 
4.183891852680309e6 
4.183896944195747e6 
4.183900263197354e6 
4.183902427445504e6 
4.183903839000199e6 
4.1839047597646196e6 
4.183905360437338e6 
4.18390575231757e6 
4.1839060079904464e6 
4.183906174802741e6 
4.183906283639687e6 
4.183906354651956e6 
4.1839064009850025e6 
4.1839064312155414e6 
4.1839064509406076e6 
4.1839064638104998e6 
4.183906472207953e6 
4.18390647768686e6 
4.18390648126172e6 
4.1839064835945675e6 
4.183906485116436e6 
4.183906486109886e6 
4.1839064867577543e6 
4.1839064871804696e6 
4.1839064874568386e6 
4.183906487637073e6 
4.1839064877547226e6 
4.1839064878315567e6 
4.183906487881742e6 
4.183906487914449e6 
4.1839064879360194e6 
4.1839064879499665e6 
4.1839064879591255e6 
4.183906487965189e6 
4.1839064879692257e6 
4.1839064879718153e6 
4.183906487973778e6 
4.1839064879747187e6 
4.183906487975889e6 
4.183906487987438e6 
4.1839064879952623e6 
4.1839064880003426e6 
4.183906488003651e6 
4.183906488006407e6 
4.1839064880080456e6 
4.183906488009267e6 
4.183906488009917e6 
4.183906488010626e6 
4.1839064880111576e6 
4.1839064880114608e6 
4.18390648801184e6 
4.1839064880153495e6 
4.183906488017904e6 
4.183906488019584e6 
4.1839064880208424e6 
4.1839064880215223e6 
4.183906488021854e6 
4.1839064880225076e6 
4.183906488027027e6 
4.1839064880306325e6 
4.1839064880326795e6 
4.1839064880342837e6 
4.1839064880352686e6 
4.183906488035993e6 
4.1839064880366493e6 
4.1839064880370754e6 
4.1839064880372877e6 
4.1839064880377683e6 
4.1839064880404435e6 
4.183906488042331e6 
4.1839064880439905e6 
4.1839064880450144e6 
4.18390648804539e6 
4.183906488046017e6 
4.183906488052096e6 
4.183906488056226e6 
4.1839064880587496e6 
4.1839064880608507e6 
4.1839064880623496e6 
4.183906488063232e6 
4.1839064880636805e6 
4.183906488064183e6 
4.183906488064613e6 
4.18390648806488e6 
4.1839064880650765e6 
4.183906488065364e6 
4.183906488067688e6 
4.183906488069388e6 
4.183906488070052e6 
4.1839064880710896e6 
4.183906488080672e6 
4.1839064880871964e6 
4.183906488091389e6 
4.183906488094483e6 
4.183906488096363e6 
4.183906488097717e6 
4.18390648809872e6 
4.183906488099186e6 
4.1839064880999434e6 
4.18390648810604e6 
4.183906488109816e6 
4.183906488112788e6 
4.1839064881148026e6 
4.1839064881159808e6 
4.183906488116817e6 
4.1839064881176474e6 
4.1839064881181438e6 
4.183906488118344e6 
4.183906488118627e6 
4.1839064881188916e6 
4.1839064881216823e6 
4.183906488123992e6 
4.1839064881250174e6 
4.183906488126136e6 
4.18390648812682e6 
4.1839064881274574e6 
4.1839064881278654e6 
4.183906488128149e6 
4.1839064881283753e6 
4.1839064881285885e6 
4.183906488130964e6 
4.1839064881329876e6 
4.1839064881341206e6 
4.1839064881350524e6 
4.1839064881357728e6 
4.1839064881361965e6 
4.18390648813637e6 
4.1839064881365467e6 
4.183906488136742e6 
4.183906488138852e6 
4.1839064881403283e6 
4.183906488141204e6 
4.1839064881421505e6 
4.183906488142734e6 
4.1839064881432303e6 
4.183906488143583e6 
4.183906488143809e6 
4.1839064881437905e6 
4.183906488144028e6 
4.183906488145249e6 
4.183906488146026e6 
4.1839064881468383e6 
4.183906488147292e6 
4.1839064881476085e6 
4.1839064881478637e6 
4.1839064881480276e6 
4.183906488148025e6 
4.183906488148252e6 
4.183906488148981e6 
4.1839064881495815e6 
4.1839064881502613e6 
5.442553834004749e6 
1.7462036023480957e6 
2.0533247624249812e6 
682202.9602897137 
633297.8020505159 
757005.3964559707 
921262.088983208 
1.9004138468327392e6 
5.511630401910744e6 
5.536338476274662e6 
5.646863291197515e6 
4.613138465699789e6 
5.7163983769887835e6 
6.251654386839902e6 
5.601648593545403e6 
5.086402427244391e6 
5.223368976753114e6 
6.112820160472609e6 
6.632076858333766e6 
6.926614718277164e6 
7.080064386879374e6 
7.835112894645412e6 
4.84172980064643e6 
5.123071428678541e6 
5.896567860275683e6 
8.30648709339266e6 
8.259695240236411e6 
8.461816615046965e6 
8.506284855977468e6 
8.714567605141588e6 
1.4641425947994555e6 
6.032096931705289e6 
8.551284241705237e6 
8.79871267763317e6 
9.072831275960676e6 
5.531627810864913e6 
8.004040440210108e6 
9.154747353174902e6 
9.22114225528816e6 
9.349152628580177e6 
9.392563268794319e6 
9.657943492555534e6 
4.966541947066376e6 
6.266667482266868e6 
6.678692832903167e6 
9.679008681787256e6 
9.811670217097444e6 
9.992683034357402e6 
4.380027423610082e6 
7.393082162167463e6 
1.0016070330224605e7 
1.011472254964752e7 
1.0153004318176007e7 
1.0459870888264824e7 
4.802279758644695e6 
9.162520394543407e6 
1.050926669484358e7 
1.0410290970586691e7 
1.0557953576716045e7 
1.0580261998515291e7 
1.0799879349691331e7 
7.008245310884619e6 
1.0129351494969446e7 
1.084936271190768e7 
1.0548042953260256e7 
1.0917727787379317e7 
1.09422341279237e7 
1.1143292650588257e7 
1.0794725484920388e7 
1.1226909919601016e7 
3.946101651097016e6 
7.85741626568473e6 
1.1641344463428678e7 
1.179762769161671e7 
1.1875758992711337e7 
1.2039543752330167e7 
1.120547776839099e7 
1.2126536476210615e7 
1.2169624155582694e7 
1.2194845560803639e7 
1.2212323923647841e7 
1.0336569923059825e7 
1.2336852203449452e7 
1.238566189386645e7 
1.2473104072112277e7 
6.116101534946581e6 
7.024294833411704e6 
1.2302030608444717e7 
1.2515259123007476e7 
1.2606265754552802e7 
1.018568078128575e7 
1.261586649511524e7 
1.1262275804733206e7 
1.2706255918387167e7 
1.2774298926506123e7 
1.1622690973889926e7 
1.2816667603740972e7 
1.2311793951245992e7 
1.2842875377995066e7 
1.2849289616326109e7 
1.288444012251835e7 
1.2894680483290141e7 
1.2994516860653745e7 
9.78641188862704e6 
1.2770959487568464e7 
1.3014910973725693e7 
1.2973810663714157e7 
1.3034147206509588e7 
1.3099166425452996e7 
1.4366440629389163e6 
6.622658489807617e6 
1.1645775659540523e7 
1.3157297587268798e7 
1.316631122518098e7 
1.3190514173666205e7 
1.2610350726001803e7 
1.324578599066706e7 
1.3254618062820297e7 
1.328309376317847e7 
1.2219851420992507e7 
1.3327911101232551e7 
1.3335767413865091e7 
1.3393325646754967e7 
6.9658600634267675e6 
1.1983274590572879e7 
1.3402000317833696e7 
1.3413580833592208e7 
1.3406713836399741e7 
1.3432041439216647e7 
8.818928118896393e6 
1.3287749401781932e7 
1.3447175889776086e7 
1.3499202972576099e7 
7.590333107605844e6 
1.3184560619751053e7 
1.3515379720588062e7 
1.3529930256814064e7 
1.1744115988708723e7 
1.3596520974971423e7 
1.3605851872954503e7 
1.365692983410149e7 
8.839060426298486e6 
1.2499131802558426e7 
1.3673140904175708e7 
1.3681388827452604e7 
1.37290234774199e7 
8.45998152816104e6 
1.355728024290754e7 
1.3744436201826155e7 
1.365862329614471e7 
1.3768934913805326e7 
9.561959477394715e6 
1.37655454049215e7 
1.3793471900473295e7 
1.3862641798142381e7 
5.020198401317818e6 
8.707256710176887e6 
1.3882268441687439e7 
1.3946291755959159e7 
1.3953723835979225e7 
1.4033630330316449e7 
1.4440848553508127e7 
6.668541837029341e6 
1.142265505519365e7 
1.4784533332964167e7 
1.3085605299548728e7 
1.4813515813022511e7 
1.4826017161729628e7 
1.4877204099912243e7 
1.490297741195191e7 
1.5006440019473812e7 
9.866898210473165e6 
1.4650772619153531e7 
1.504182394789286e7 
1.4993447138581682e7 
1.5142466396105347e7 
1.2756100478456408e7 
1.5168050289684167e7 
1.518944608674811e7 
1.522660476254529e7 
1.523545661002525e7 
1.530563831703542e7 
9.824448690643806e6 
1.4707197766110143e7 
1.5332157458882635e7 
1.535153630504213e7 
1.5424592394433068e7 
9.186166725343807e6 
1.5133255926065998e7 
1.5504700795319669e7 
1.548559538822484e7 
1.5565580131599993e7 
1.5727791423852053e7 
6.59952211069344e6 
1.0571550372512624e7 
1.5703618519698467e7 
1.5773683242277617e7 
1.5453439094630683e7 
1.5811644756489275e7 
1.4158755958541505e7 
1.5811644756489275e7 
1.6828517066726135e6 
1.940187551254163e6 
1.9880743566070504e6 
2.4767953274286436e6 
4.406076535535711e6 
6.662173616919738e6 
7.716818099368174e6 
1.4502040066360738e7 
1.5824206986447515e7 
1.58318115347175e7 
1.5866868194338368e7 
9.805456426759172e6 
1.5608251903800817e7 
1.5875383195511661e7 
1.590271869245927e7 
1.2439336822548555e7 
1.5940646683303235e7 
1.5957260853466088e7 
1.592807371593826e7 
1.5972470558051595e7 
1.4152441733100297e7 
1.5977403458041195e7 
1.5994631528997285e7 
1.6014095268953616e7 
1.6078522495949246e7 
6.482649841765133e6 
1.2242790454625003e7 
1.6087111976559045e7 
1.611826269570901e7 
1.6150921487393972e7 
1.5117739591086397e7 
1.6193662445106214e7 
1.6257045479503617e7 
4.1123377398737143e6 
1.3459186640654046e7 
1.6281922227789205e7 
1.629526562603872e7 
1.6368529288306674e7 
6.237414960038301e6 
1.1381202084307114e7 
1.6348407982603172e7 
1.6411326919970892e7 
1.645387992715939e7 
2.418232143627529e6 
1.4492823668407723e7 
1.6482187423084335e7 
1.6488064714237357e7 
1.6537204826340778e7 
1.2050536347681697e7 
1.6498327632208731e7 
1.6563368810386311e7 
1.5857913500413492e7 
1.6593086510039559e7 
1.6550705683261259e7 
1.6623395144100495e7 
1.6513340547573235e7 
1.6634789745288225e7 
1.6605586471120354e7 
1.667716528005854e7 
1.6737811967048304e7 
9.6434020772736e6 
1.5290014734864851e7 
1.655644538913931e7 
1.6789774918349914e7 
1.6804117193241507e7 
1.6930071057102226e7 
7.930723463012461e6 
1.5815240611893026e7 
1.6952269712371096e7 
1.6394822149215357e7 
1.697378326113834e7 
1.6979563463403445e7 
1.7017443361293882e7 
1.702970143247128e7 
1.7103969518666614e7 
8.195005643023432e6 
1.628103811858297e7 
1.712560995210731e7 
1.7140267745926574e7 
1.7149803679322295e7 
1.4210066037989512e7 
1.728040527956461e7 
1.7293973916712854e7 
1.7389587813403208e7 
9.641993140834343e6 
1.6768662670355696e7 
1.741128060552958e7 
1.7427211618785545e7 
1.7443757466720898e7 
1.745676678477519e7 
1.7466802201940387e7 
1.2837971452196294e7 
1.7596266666279987e7 
1.76100165012903e7 
1.7687159938656174e7 
9.820387201207807e6 
1.7119067595445976e7 
1.7703320882361706e7 
1.771610858158222e7 
1.7728751034530476e7 
1.48503261519765e7 
1.7838324024663102e7 
1.7902598280171297e7 
6.770225859941048e6 
1.506381798136596e7 
1.793500981367628e7 
1.794671716810142e7 
1.7999894991492063e7 
8.019821592808934e6 
1.6664647445834091e7 
1.8022814260623403e7 
1.803091332145261e7 
1.8068240901405033e7 
9.936977663644299e6 
1.797449688685714e7 
1.8084031759779107e7 
1.8155451060681365e7 
1.199387515235528e7 
1.8037196134659134e7 
1.8171787060387217e7 
1.649904932268398e7 
1.817792160676126e7 
1.8192594757710136e7 
1.820723630520949e7 
1.8251962917663828e7 
8.213803296014756e6 
1.68225719620542e7 
1.8270880595462404e7 
1.8278603081922665e7 
1.8332106782403994e7 
8.699393033498885e6 
1.7562515774403088e7 
1.8354308250121374e7 
1.8419743830861714e7 
1.310729210536069e7 
1.8359641413129263e7 
1.8433008376335658e7 
1.658311492602107e7 
1.843962644345039e7 
1.845713249111581e7 
1.846854431871602e7 
1.85476495138717e7 
1.0932633794684703e7 
1.8307233126497466e7 
1.8566961524274986e7 
1.7706762842896756e7 
1.8594124682406776e7 
1.5915700642749017e7 
1.862172607410261e7 
1.8663760257877342e7 
1.869018717844706e7 
1.8856724637243036e7 
8.349390948825251e6 
1.2176043194035152e7 
1.870089782300937e7 
1.8943367239309993e7 
1.9066516110703386e7 
1.6326776977874864e7 
1.9116686171683364e7 
1.8914107948574748e7 
1.9150752155964296e7 
1.9167345631604757e7 
1.9293661594074864e7 
3.13627314064005e6 
1.5894748140424378e7 
1.9322366020865764e7 
1.9343244208289996e7 
1.9281980903627668e7 
1.937365218009443e7 
1.5634939323175725e7 
1.933079618823923e7 
1.939294504646265e7 
1.9431933335955545e7 
1.838280309713834e7 
1.949976571292996e7 
1.9507804623949394e7 
1.9546355361067355e7 
8.489123046575587e6 
1.883820705910668e7 
1.9566035520705283e7 
1.9611795579318468e7 
1.2092515592180196e7 
1.9327846601639e7 
1.9626154909882676e7 
1.9691988954441056e7 
1.770553833276609e7 
1.9689680156006016e7 
1.9710882718011513e7 
1.9700124219620418e7 
1.9726335519909486e7 
1.9778923669055793e7 
1.3887392076705063e7 
1.9822013227815498e7 
1.9843618723665904e7 
1.984382476792241e7 
1.9173256636602618e7 
1.9912455024880543e7 
1.992264223913485e7 
1.996808585188608e7 
1.996808585188608e7 
5.679177225771699e6 
5.741186742967332e6 
2.297915549709549e6 
640080.1797681093 
1.624634036575645e6 
5.879226552380897e6 
7.876092256362001e6 
1.675658002500913e7 
1.997972574772521e7 
1.999439970889209e7 
1.999709840754807e7 
2.001221152778776e7 
1.872886926537068e7 
2.001165377154738e7 
2.0017611403710723e7 
1.8759802363337148e7 
2.0019753333136007e7 
2.0028421687904544e7 
2.0035192206397053e7 
2.0059950668500043e7 
7.795934908724806e6 
1.823901078263486e7 
2.007030162540773e7 
2.0077915536480922e7 
2.0110954197885793e7 
1.0066184742742177e7 
1.9288791669239666e7 
2.0122514548077434e7 
2.0129036611510452e7 
2.0179723264702708e7 
8.801130218391484e6 
1.805601741040571e7 
2.020292076663408e7 
2.0214549449929837e7 
2.0283620077949695e7 
1.0953881733621787e7 
1.5939151252923688e7 
2.0279779080430947e7 
2.030945281641448e7 
2.0341039182444632e7 
1.001568933094105e7 
2.00282875612606e7 
2.0355969587351907e7 
2.028066618214172e7 
2.037019151169201e7 
2.0372539494259436e7 
2.0395422765436962e7 
2.0403497934190266e7 
2.046323517211394e7 
1.2897922355046973e7 
2.0104183371199723e7 
2.0476273232648164e7 
2.0485280609183177e7 
2.0497705123360075e7 
2.0505319681334764e7 
2.0573933334732138e7 
1.5852003101700072e6 
1.6753210259491047e7 
2.057181623810676e7 
2.0596301579690963e7 
2.063059501032407e7 
1.3149224445702182e7 
1.9990214194834944e7 
2.064619068842577e7 
2.0652353431141436e7 
2.0697029193144493e7 
1.7267363650376268e7 
2.0672714875407204e7 
2.0708300399593383e7 
2.0162930461659662e7 
2.0722400647131637e7 
2.0733555433604654e7 
2.074928058870741e7 
2.0758795742143083e7 
2.0824917993064623e7 
1.1002752756676303e7 
1.950766092941581e7 
2.0844183067077674e7 
2.085451254553652e7 
2.0795778872760296e7 
2.0873879439162787e7 
1.0756144010741454e7 
2.048894452485521e7 
2.0891522218344677e7 
2.0941263997112244e7 
1.9068317857129585e7 
2.095424388779516e7 
2.0603265091537647e7 
2.097982910595461e7 
2.0987519020577867e7 
2.1025144347544696e7 
1.3748810263393056e7 
2.0572264372047123e7 
2.104309682771547e7 
2.0919269524639785e7 
2.1061391119345874e7 
1.497717513435301e7 
2.1024179068716902e7 
2.10784300503658e7 
2.113238101902525e7 
1.8438198266646847e7 
2.0922260609996237e7 
2.1139397141574424e7 
2.1146184219271965e7 
2.1076648377291102e7 
2.115892611678124e7 
1.805924617808776e7 
2.1145488881651927e7 
2.1170616788771663e7 
2.113050413374303e7 
2.1189569645138968e7 
1.6754030259954598e7 
2.116632883713399e7 
2.1205630252185028e7 
2.1246024219403725e7 
9.987131156082675e6 
2.0314408223555308e7 
2.128133099676359e7 
2.1300378530779134e7 
2.0598010290077325e7 
2.1336362822532948e7 
2.1346537357438415e7 
2.105496340549689e7 
2.1377446695707086e7 
2.1367534945585992e7 
2.139143393811491e7 
1.9601392402204894e7 
2.138599341552153e7 
2.140179492366042e7 
2.1106208633803256e7 
2.14106109862267e7 
2.1413140880825527e7 
2.141866267147014e7 
2.143170140923392e7 
2.1456472824094005e7 
1.8915763640133414e7 
2.1273721202930693e7 
2.146668442874599e7 
2.1425859127786122e7 
2.148150384683329e7 
2.1447221380810678e7 
2.1496019029941756e7 
2.1522076042530168e7 
1.9740984580762293e7 
2.157105064515348e7 
2.1624749439420566e7 
1.873012275654328e7 
2.146402212092868e7 
2.1634936399565596e7 
2.1190027843486905e7 
2.1647475548581745e7 
2.1656914450840537e7 
2.167250487782113e7 
2.168053480789045e7 
2.1741932480237596e7 
1.0219854226241905e7 
2.1032678687025137e7 
2.1751900935601022e7 
2.1792770198727325e7 
1.9406112451863408e7 
2.175814353470929e7 
2.1807377130206455e7 
2.129045477534899e7 
2.1817268136078402e7 
2.1430500595388234e7 
2.182453288235407e7 
2.1833817025339205e7 
2.1844522693665124e7 
2.1827698194657084e7 
2.185608447875771e7 
2.0272949737375956e7 
2.1856610269620806e7 
2.187024125844487e7 
2.1878962200439475e7 
2.1909151968056813e7 
1.2609486785227688e7 
2.169926084327149e7 
2.191580506004435e7 
2.194953323946836e7 
1.2004971434350247e7 
2.139654078047271e7 
2.1967830060830817e7 
2.197303119235788e7 
2.200373288759011e7 
1.3424034676355936e7 
2.1743257814730275e7 
2.2010819272350207e7 
2.20381287913514e7 
2.0020446444620475e7 
2.13541405990885e7 
2.2047542135504432e7 
2.205649762985253e7 
2.208913165677633e7 
1.6009088099798186e7 
2.1739647696339186e7 
2.2098069491858594e7 
2.212116253454042e7 
2.1281623249604706e7 
2.212768219003574e7 
2.212768219003574e7 
1.7945321931975589e6 
1.9923050633116968e6 
2.2585127792842924e6 
6.505745130013643e6 
9.330369537445143e6 
8.920530197304875e6 
2.0003218792940464e7 
2.2122481439965777e7 
2.2136009726759616e7 
1.5648085476777716e7 
2.202972865055027e7 
2.2141622744956985e7 
2.2159084640807316e7 
1.9283367242783632e7 
2.2145574328318942e7 
2.2164162869415272e7 
2.1732501603467986e7 
2.216870611992792e7 
2.217298828208202e7 
2.2177738420273088e7 
2.217328017434575e7 
2.218641248757425e7 
2.050383660218844e7 
2.1995868197894465e7 
2.2193506002305653e7 
2.2217594578585286e7 
1.946266373509927e7 
2.2015256784914378e7 
2.2222805290192947e7 
2.2225786455920953e7 
2.2247156752833724e7 
3.12490622757656e6 
1.933245338313479e7 
2.2244633249304794e7 
2.225932052309083e7 
2.2272945807716038e7 
1.9907903097462058e7 
2.2086207017462067e7 
2.2281628771559287e7 
2.228560704370809e7 
2.2326316478624687e7 
1.7183792472964942e7 
2.2230598790006712e7 
2.233625361504448e7 
2.049384510380856e7 
2.2334958223182242e7 
2.234517707042319e7 
2.2310626933568e7 
2.236103042093714e7 
1.8779359831068277e7 
2.1624472875371538e7 
2.2372138387941334e7 
2.237845563328747e7 
2.2381475761075974e7 
2.240577166865179e7 
1.7512909049214866e7 
2.2088324806812745e7 
2.2412956447727993e7 
2.2421288810450613e7 
2.24564875155692e7 
2.0147514430340778e7 
2.206557336301513e7 
2.2469439085924637e7 
2.237293670203393e7 
2.24920085680048e7 
1.673506652153582e7 
2.2255623060434837e7 
2.250498374510057e7 
2.251444042090049e7 
2.230667996102031e7 
2.252381099623029e7 
2.252037047958461e7 
2.253328972813685e7 
2.255788815745001e7 
1.9658731371498153e7 
2.259455636683595e7 
2.2599062108614203e7 
2.263834864146996e7 
1.4634176235159654e7 
2.1760630990186203e7 
2.2645862379903276e7 
2.265221610067183e7 
2.268669269598127e7 
9.445368897124566e6 
1.839498322122435e7 
2.2685623205373727e7 
2.270205742004305e7 
2.2714485329775684e7 
1.6108065537748136e7 
2.25527996028202e7 
2.272172610598997e7 
2.2740301604064833e7 
2.0218559806740817e7 
2.2737459366899364e7 
2.2748004944610577e7 
2.216029933294541e7 
2.2755383030723218e7 
2.2759444462031122e7 
2.2770266023817696e7 
2.2774809460450396e7 
2.2817761960056495e7 
2.054819690427863e7 
2.283511388271721e7 
2.221624325133052e7 
2.2871138203666013e7 
2.2114049502412945e7 
2.2877769744680107e7 
2.2885652767659333e7 
2.2890206774338335e7 
2.291848664590974e7 
1.2818556714015298e7 
2.204372887594852e7 
2.2927071943769027e7 
2.2931273687357858e7 
2.2951182729547467e7 
1.0704678264887715e7 
2.231918636084157e7 
2.2960437597553857e7 
2.297859434302971e7 
2.1578750258771982e7 
2.2979813899364263e7 
2.298471872946904e7 
2.299686736108795e7 
2.3007412728074998e7 
2.3029261296161685e7 
2.1961094733174574e7 
2.30078266717837e7 
2.303745283078081e7 
2.1916800967184328e7 
2.303897596822792e7 
2.303580227727742e7 
2.3052203887340367e7 
2.3074449178953756e7 
2.2776468590391453e7 
2.257640815011488e7 
2.308504772790401e7 
2.309147342203864e7 
2.309496415051806e7 
2.3103264155546095e7 
2.3118671448624693e7 
1.1549158159750517e7 
2.239728213863734e7 
2.312853105826236e7 
2.314415972040325e7 
2.2096124869256802e7 
2.3146013244795244e7 
2.307318222343793e7 
2.315462911570278e7 
2.3166085579960432e7 
2.0841007584429838e7 
2.315507466720106e7 
2.3169749310598705e7 
2.25602583053812e7 
2.3172541770638954e7 
2.3177036561157472e7 
2.3180533616471745e7 
2.3202027999312684e7 
1.815756144432908e7 
2.3134159436791666e7 
2.3206918002915874e7 
2.2894449921805054e7 
2.3211600960181102e7 
2.311114760828501e7 
2.321697199368993e7 
2.219657289474057e7 
2.322144059176885e7 
2.322701590403483e7 
2.3231347422757503e7 
2.3251960727175537e7 
1.3542814298414247e7 
2.2327193591771975e7 
2.326132239544523e7 
2.3264764636063483e7 
2.327389642895045e7 
2.279900710809745e7 
2.328813408940589e7 
2.3290881082539834e7 
2.3307631903007843e7 
2.345062904974105e7 
1.0743107703351717e7 
1.3799749340225205e7 
2.3135764652612958e7 
2.3466950925942965e7 
2.3390057306564454e7 
2.3473777679210324e7 
2.347758585398037e7 
2.348275811188808e7 
2.3485870962449536e7 
2.3501832010081407e7 
1.4329154101162113e7 
2.3026822680419218e7 
2.3507907751231227e7 
2.350891901547991e7 
2.3373496836742323e7 
2.3523407365980566e7 
2.3521214511799145e7 
2.3527838119542144e7 
2.324683245211621e7 
2.3532495777283233e7 
2.353249577728329e7 
1.1684362602497584e6 
1.211784965541211e6 
1.673185863934564e6 
4.115635923601504e6 
8.546051062866418e6 
1.2921371525126008e7 
1.6339808590313155e7 
2.3367966973998774e7 
2.3534098986672014e7 
2.3535023401031237e7 
2.3537562603799123e7 
2.339886474745528e7 
2.3540156439191703e7 
2.3544819099437404e7 
2.0992250652683906e7 
2.3520574191826835e7 
2.3545865446619894e7 
2.3503407841791548e7 
2.354742191071191e7 
2.3380757590230085e7 
2.3550020155086026e7 
2.337416293449569e7 
2.3553353724428527e7 
2.313969847323918e7 
2.3556471397422824e7 
2.356004872488195e7 
2.3564118167156532e7 
2.356730116042793e7 
2.2743772333056446e7 
2.358783935032991e7 
2.3566927095715575e7 
2.359237860974393e7 
2.2684751694171898e7 
2.3590550126060117e7 
2.3595926814863347e7 
2.358322559124867e7 
2.3602646375734963e7 
2.8670040204261627e7 
4.949878085165443e6 
9.588658424496956e6 
1.8452698575084344e7 
1.9144805027223434e7 
2.240156484203648e7 
2.7439472944304418e7 
2.941857480964366e7 
2.956413831470509e7 
3.0189564168357484e7 
1.4021964885850737e7 
2.240841463585858e7 
2.9554658465178907e7 
3.0268039571736652e7 
3.063870294225326e7 
2.0972968726502113e7 
3.079043831974044e7 
3.0542766898221117e7 
3.0995611857518107e7 
3.1037113839143176e7 
3.1451601635412436e7 
2.092485592008078e7 
3.1571821051669143e7 
2.394895248446246e7 
3.1445860847587544e7 
3.1932892032552756e7 
3.221933886233694e7 
1.832951586497644e7 
2.7434413151312117e7 
3.2267964170228004e7 
3.231597560412718e7 
3.235855961106614e7 
3.2559718038777407e7 
2.3175825781059805e7 
3.2795210153971106e7 
3.2852679082813542e7 
3.3082102563838072e7 
1.9997636546070002e7 
2.0585012108220626e7 
3.205431545421108e7 
3.3223834060300004e7 
3.325160375148193e7 
3.3553596353156876e7 
2.921901899325756e7 
3.371664480977763e7 
2.715261381854541e7 
3.3959474263851725e7 
3.407753861129779e7 
3.435556457334736e7 
1.7351824458680198e7 
1.9876201032579303e7 
3.253278358281908e7 
3.452413175057817e7 
3.456460781791747e7 
3.500533807552513e7 
2.317604163589309e7 
3.550107305550157e7 
1.9294712101060342e7 
3.188913209079207e7 
3.5526409273361e7 
3.554140231261251e7 
3.563464306309381e7 
2.0821208821480777e7 
3.510762423862412e7 
3.567950427090968e7 
3.554754818463559e7 
3.575159136282759e7 
2.8720301293701887e7 
3.581399262995929e7 
3.589435042605347e7 
3.59488975628548e7 
3.612461831184746e7 
2.400634474309112e7 
3.602377307092977e7 
3.6172912022712305e7 
3.2154926191156253e7 
3.6190775992243715e7 
3.6282156002557434e7 
3.632165775170714e7 
3.651878902178591e7 
1.6623254662607303e7 
3.389402778784263e7 
3.6603854140037775e7 
3.6637162223259114e7 
3.690871220644621e7 
3.1446438663927287e7 
3.714444690551936e7 
2.540335810869713e7 
3.6535594190198004e7 
3.718208121287405e7 
3.7209137159550756e7 
3.7356283737466566e7 
1.104075673401687e7 
2.9591107321725238e7 
3.739662077270522e7 
3.743410382009352e7 
3.75482429836539e7 
1.7597747841783017e7 
3.667301204741744e7 
3.75849603119966e7 
3.760605840657267e7 
3.768261380939856e7 
2.9318852655219533e7 
3.777413329661618e7 
3.778676009537644e7 
3.7855309569395944e7 
2.6948658240023866e7 
3.7334395720716454e7 
3.786947052177493e7 
3.767095804590934e7 
3.7884040902569816e7 
3.743490842569744e7 
3.790112689592205e7 
3.791269068158379e7 
3.793730375935991e7 
3.7946524124502845e7 
3.801343365065062e7 
3.140443081952463e7 
3.796639610098023e7 
3.803350307705745e7 
3.584254557530308e7 
3.804696884682373e7 
3.806433543443574e7 
3.807931171736427e7 
3.799581563579104e7 
3.809585402484159e7 
3.805631870621683e7 
3.811046230636762e7 
3.8154098335665345e7 
1.855812744103297e7 
3.510748731470986e7 
3.8174832512499094e7 
3.818288018410305e7 
3.8210976463561654e7 
2.8557419036690034e7 
3.802511274935525e7 
3.822814368390135e7 
3.826820352848155e7 
2.442563213223849e7 
3.776785015656366e7 
3.828305609845392e7 
3.823973148706676e7 
3.829150127799381e7 
3.760812401843537e7 
3.830252026391252e7 
3.826696045007881e7 
3.83141614406169e7 
3.831862430734247e7 
3.8328817674916044e7 
3.833536226906191e7 
3.8365039274657235e7 
2.4075158175903708e7 
3.790678824686844e7 
3.837618284361591e7 
3.8380200098846406e7 
3.693689024120959e7 
3.842387336885294e7 
3.843590403588195e7 
3.840094367183287e7 
3.844458251663683e7 
3.6498916834185734e7 
3.8448392970032126e7 
3.8448392970032126e7 
1.159075761071874e6 
1.2648060983128326e6 
2.0213671449597038e6 
6.316527239502407e6 
8.51985213905306e6 
1.4273296487678194e7 
1.5464181326986771e7 
3.1864809070679598e7 
3.837892969699912e7 
3.845616946264554e7 
3.8443876483856544e7 
3.846351510807648e7 
3.4566879464385904e7 
3.84405277202101e7 
3.847091538443584e7 
3.849685737615639e7 
1.9958043269109715e7 
3.735897033528207e7 
3.850633415118552e7 
3.8511037395379566e7 
3.8542967196575925e7 
1.8264996587276448e7 
3.596713447023427e7 
3.8547421595062055e7 
3.855824121603314e7 
3.8574140970530994e7 
3.819390445507756e7 
3.860000631730173e7 
3.8625782857733026e7 
3.769905125178847e7 
3.866657611847659e7 
3.8672987049970165e7 
3.874909222125257e7 
3.1287408143165857e7 
3.852537032711987e7 
3.8764672162568726e7 
3.847492326597142e7 
3.877802157462459e7 
3.873919240889033e7 
3.879199408181204e7 
3.8844666204259634e7 
3.1138439780319285e7 
3.873172916446112e7 
3.885486764769477e7 
3.587907138861014e7 
3.885713118928926e7 
3.887466643340161e7 
3.8886701649758585e7 
3.8919913890694275e7 
1.6573503276416894e7 
3.311593973391318e7 
3.893432534275547e7 
3.8953533877325796e7 
3.895297400996563e7 
3.896844592247551e7 
3.5923264693682864e7 
3.8964829371164516e7 
3.8977818448609464e7 
3.9003773499556966e7 
3.670248414392095e7 
3.905531670849999e7 
3.906087488656389e7 
3.909677191605098e7 
1.3656872605724495e7 
3.796381138392829e7 
3.911178863707937e7 
3.9118459909377895e7 
3.913325039869553e7 
3.875814710492451e7 
3.9161081578555726e7 
3.887389223877081e7 
3.9166797536673665e7 
3.9094301023768485e7 
3.917492367787603e7 
3.79883287867509e7 
3.918579583575009e7 
3.9195990635998085e7 
3.920621057699632e7 
3.916128538266626e7 
3.922266093737745e7 
3.1930375726284787e7 
3.897912531975216e7 
3.923642384606691e7 
3.926537827232491e7 
2.383091821810836e7 
3.850199864338803e7 
3.927105710768877e7 
3.927384633907449e7 
3.9291170849750355e7 
3.839809653913861e7 
3.930499819561173e7 
3.926302327569433e7 
3.9319096648028985e7 
3.933875772471153e7 
3.640170308136463e7 
3.939129620586304e7 
3.939734447332098e7 
3.944402573882945e7 
3.878501033903967e7 
3.948716402668777e7 
3.0783920098489385e7 
3.9471502663396075e7 
3.953227973552146e7 
3.955543419798655e7 
1.962574250412176e7 
3.917428787697277e7 
3.9566933415533386e7 
3.958559015568955e7 
3.454771921957463e7 
3.955837566444096e7 
3.959270675601145e7 
3.955077366811305e7 
3.960582058772729e7 
3.2842564640589375e7 
3.9533301288145386e7 
3.961316860471188e7 
3.965265977607885e7 
3.654658749699937e7 
3.965816622157013e7 
3.912174973079854e7 
3.968756935430444e7 
3.971815613275025e7 
2.925755635057132e7 
3.8902449587006345e7 
3.9724524515494354e7 
3.972923688965042e7 
3.97412804877115e7 
3.793960161841484e7 
3.976043937857088e7 
3.976202898873091e7 
3.9780301866587326e7 
3.9706072716347e7 
3.981751682462369e7 
2.1308572453398336e7 
2.7104084367312904e7 
3.901221915706817e7 
3.983886868065176e7 
3.9840152754881874e7 
3.9844053476690695e7 
3.315089262695868e7 
3.979616091151482e7 
3.984627758327402e7 
3.9854522942583255e7 
3.858413800272876e7 
3.9853365611305624e7 
3.985735813054181e7 
3.914219926274899e7 
3.985804371355995e7 
3.986318501565371e7 
3.9866186359749235e7 
3.988054660850261e7 
2.892146662145659e7 
3.9631997007487044e7 
3.988409337921771e7 
3.989694190593598e7 
2.2855996266674213e7 
3.9366076456425026e7 
3.9907930020135105e7 
3.992153139481297e7 
3.534602222450667e7 
3.989027290116203e7 
3.992336303223758e7 
3.993090416772708e7 
3.944806740791748e7 
3.994305904022218e7 
3.995063423741669e7 
3.978952068563368e7 
3.996143673174633e7 
3.998519940282511e7 
1.961725781245102e7 
3.922026246714801e7 
3.998994931032291e7 
3.999406717439764e7 
3.999135100271227e7 
4.0001431509878136e7 
2.3493497539053954e7 
3.973071774972023e7 
4.000686625637314e7 
4.0016414000514396e7 
3.2287791696031515e7 
3.990586465627798e7 
4.0019891081934474e7 
4.003396579784891e7 
3.780747422911159e7 
4.002683485379516e7 
4.003767701091059e7 
3.9405637447965674e7 
4.003987286543717e7 
4.004372107703433e7 
4.004722602935352e7 
4.005295366372981e7 
3.9448389893478826e7 
4.006536121569576e7 
4.0073048978197396e7 
2.456987716063151e7 
3.9672224741458155e7 
4.007931454714682e7 
4.0088715265440576e7 
3.96822939927366e7 
4.0088715265440576e7 
867515.2504462671 
906480.6477011868 
1.24916622680623e6 
4.390745027744692e6 
9.16543726395429e6 
1.0703880479224134e7 
1.9444406876540996e7 
3.8293490731616065e7 
4.0080108450224824e7 
4.0090770439630575e7 
4.0047850233987056e7 
4.00929090164744e7 
4.0094005047984436e7 
4.0097003163875274e7 
4.009815929826317e7 
4.0105496933337934e7 
2.723072201194965e7 
3.9760003579559915e7 
4.010863944268119e7 
4.010993442003044e7 
4.011825988560028e7 
2.3160012679229606e7 
3.974951026641139e7 
4.012173702551096e7 
4.0123338510767706e7 
4.013384166114822e7 
2.8089433243509706e7 
3.983772501580761e7 
4.013857191920424e7 
4.0152460514313065e7 
3.705081318316484e7 
4.0134720962924644e7 
4.015460284326197e7 
4.007211648792736e7 
4.015836749767292e7 
3.889370338358708e7 
4.0159251196037985e7 
4.016644161774805e7 
4.017082982234376e7 
4.019358972342583e7 
1.9782688912612174e7 
3.976933561984224e7 
4.019748510948933e7 
4.0201008298525006e7 
4.017734344732159e7 
4.020786160178832e7 
3.2509697004004978e7 
4.011399800622084e7 
4.02141858553814e7 
4.023989912074362e7 
2.929561757566126e7 
3.98894914674973e7 
4.024608035846351e7 
4.024968006065679e7 
4.027681315388487e7 
1.3283332680117898e7 
3.6894702257403076e7 
4.027745912196759e7 
4.0290898028025076e7 
4.0298617776712984e7 
4.0203117779521205e7 
4.031084912539653e7 
4.031671802188243e7 
3.997813967047205e7 
4.033615720895952e7 
4.036050448239552e7 
2.556263583875392e7 
4.018491374210324e7 
4.0365823508399e7 
3.9896173689997144e7 
4.0368470086815596e7 
4.037168714677402e7 
4.037560774750861e7 
4.03904894796486e7 
2.112380091806117e7 
3.965020526123376e7 
4.039720576367709e7 
4.0399739932385854e7 
4.040815991596035e7 
4.012995297201062e7 
4.041781611226884e7 
4.041155775957605e7 
4.042183563140853e7 
3.76424940981829e7 
4.0407470242442235e7 
4.042533718062408e7 
4.0441263323195934e7 
2.514132161889175e7 
4.0247308783920534e7 
4.0447066749680944e7 
4.0465655548555724e7 
4.046097193287001e7 
4.0500306113098316e7 
1.883057523438979e7 
2.54870116512523e7 
4.0166732775068685e7 
4.051769398307276e7 
4.051020987164906e7 
4.0526212510542765e7 
4.001029542195917e7 
4.0530854543068424e7 
4.053525043696487e7 
4.044808962143568e7 
4.0539972548531726e7 
3.833953215258422e7 
4.053621316747995e7 
4.054424936513692e7 
4.056114350049794e7 
1.756637076062233e7 
3.921975829822461e7 
4.05693168934203e7 
4.057199924405668e7 
4.058704833255219e7 
3.9508346454908796e7 
4.0589745807036564e7 
3.964942243399214e7 
4.060595755225247e7 
4.060687840285163e7 
4.0410099625585444e7 
4.0618797926812164e7 
4.063016735467677e7 
2.53679665954652e7 
4.0397992791120484e7 
4.06325757997041e7 
4.0634328930494405e7 
4.064166669521688e7 
3.938894598780249e7 
4.065223701490307e7 
4.065424556058312e7 
4.066566186883096e7 
3.5925052716951825e7 
4.0618329596853554e7 
4.066751542951483e7 
4.065732252501998e7 
4.0672101589429505e7 
3.64078193767226e7 
4.064518150275936e7 
4.0677102481298335e7 
4.0689017136548415e7 
4.0745992205067694e7 
1.55616650725964e7 
2.1110504236497402e7 
4.045808165111206e7 
4.0756896432774626e7 
4.075709810084031e7 
4.061654998454186e7 
4.077414682679164e7 
4.0772407789958745e7 
4.078582578047351e7 
4.079144860181224e7 
3.048866820390504e7 
4.078361764128035e7 
4.0838249539900005e7 
4.085870379930408e7 
2.133845254515556e7 
3.9926763621762194e7 
4.086262919491386e7 
4.086571328347143e7 
4.087903066073228e7 
3.241414555384556e7 
4.075018601902234e7 
4.088091007783345e7 
4.087745573438869e7 
4.08846766036572e7 
3.907171647837624e7 
4.087838883557801e7 
4.088850410846015e7 
4.090027998184835e7 
3.670060583576566e7 
4.086007767686742e7 
4.0902275886009276e7 
4.087218165706963e7 
4.090455354319351e7 
4.0796414268025644e7 
4.09078396790547e7 
4.0143256051460095e7 
4.091073024472359e7 
4.091527107632731e7 
4.091746050368824e7 
4.0939604415196255e7 
2.3198678847801317e7 
4.0600112414112784e7 
4.094268968983885e7 
4.09455115689209e7 
4.0936157902888395e7 
4.095136715675127e7 
3.015905161681144e7 
4.0801542286299415e7 
4.095639472102695e7 
4.096664559017359e7 
4.102989430249331e7 
2.298083160388469e7 
3.779953768124365e7 
4.100335484792226e7 
4.103195619313309e7 
4.094015714476581e7 
4.103437038261289e7 
4.101589303228725e7 
4.103956297182234e7 
4.103956297182234e7 
1.813987390101311e6 
1.9701551258681768e6 
2.1983325324396635e6 
755150.097057519 
2.760784229743955e6 
1.0869880986356545e7 
1.686156111493413e7 
3.162712378925533e7 
4.095224732696542e7 
4.104275158017012e7 
4.1047608645459406e7 
4.039294226535388e7 
4.104451798670351e7 
4.104875214712347e7 
4.096924530762013e7 
4.105031165742293e7 
4.0876138972637124e7 
4.1052107402792454e7 
4.105384610524945e7 
4.105567148650845e7 
4.1036465165414e7 
4.1058348325747445e7 
3.8224796076893784e7 
4.103219415244071e7 
4.106067556260211e7 
4.1070264275409676e7 
4.107302883708759e7 
2.1570630866755847e7 
4.010122694098806e7 
4.113095500886923e7 
4.113709876959851e7 
4.112696805863097e7 
4.114142284005049e7 
4.097527680833383e7 
4.114566336410908e7 
4.035886588605415e7 
4.114595479960418e7 
4.114584611231227e7 
4.1153298273936614e7 
4.1165729976571605e7 
3.2667833938894466e7 
4.101155942990036e7 
4.1168389024820045e7 
4.117031802041593e7 
4.1175697445199296e7 
3.946311240218033e7 
4.1191358301006585e7 
4.119301971003405e7 
4.1206423436224595e7 
3.928389420050821e7 
4.1197543152943134e7 
4.121096029569577e7 
3.5520298114241436e7 
4.117823616360103e7 
4.121476304376676e7 
4.123266498239363e7 
3.969523458721157e7 
4.1233892429678425e7 
4.111037991896431e7 
4.124948550201082e7 
4.126842612926482e7 
2.9476759384223912e7 
4.11190678615384e7 
4.1271550335989304e7 
4.113427981568943e7 
4.1274933329208046e7 
4.115526780098248e7 
4.127954711977928e7 
4.013218047565773e7 
4.127976059375073e7 
4.1288551675715886e7 
4.129062774401306e7 
4.1312557203140154e7 
4.145244210067049e7 
1.5574568209880602e7 
1.5616640054635826e7 
3.909797787310124e7 
4.147769004814676e7 
4.148471462921337e7 
4.14888147853962e7 
4.148669750529587e7 
4.149467517065917e7 
4.0162067162901826e7 
4.149231053146218e7 
4.14983170624263e7 
4.150006666210844e7 
4.151415752628017e7 
3.5649910619328186e7 
4.146213684170221e7 
4.1516742931353375e7 
4.146351176189333e7 
4.1521148359005496e7 
4.060797773884858e7 
4.152484077041093e7 
4.153179013484659e7 
4.153554125757524e7 
4.156370585787184e7 
2.6182929182977807e7 
4.131125549736737e7 
4.1568173937321365e7 
4.144455127832866e7 
4.157328755008968e7 
3.920776934908922e7 
4.156813891768683e7 
4.157791714093404e7 
4.1596030826423146e7 
2.4538231591934294e7 
4.090876763910747e7 
4.159857544397578e7 
4.16006716546128e7 
4.1609173486383714e7 
3.451502440244459e7 
4.150195557188453e7 
4.161022334075157e7 
4.161130382521233e7 
4.1558027149939865e7 
4.1612562307930626e7 
4.1606855077804126e7 
4.16164530668191e7 
3.9948492348499015e7 
4.160431444098609e7 
4.162131516818496e7 
4.163345467498476e7 
4.152579060411563e7 
4.1643527469963156e7 
3.0875350943979185e7 
4.1189861763351485e7 
4.1648346432256274e7 
4.165058894130553e7 
4.166208543933405e7 
2.7173608469853982e7 
4.144915121544056e7 
4.166430462100251e7 
4.166574721910671e7 
4.1667307357663825e7 
4.1437095208652e7 
4.167887202511719e7 
4.1687389357964985e7 
3.790244037105855e7 
4.166068964396128e7 
4.168878463763534e7 
4.1463958830916405e7 
4.1689244316753745e7 
4.169042936984579e7 
4.169168140057058e7 
4.1694556373848684e7 
2.974671833504747e7 
4.148342543900053e7 
4.169662354083408e7 
4.169710949483267e7 
4.170067933227942e7 
4.1592714378488444e7 
4.170369007969047e7 
3.7822817056665786e7 
4.167106409707224e7 
4.1705886258022726e7 
4.1712901167473055e7 
4.058221105695662e7 
4.170866443061994e7 
4.171478855612598e7 
4.154846717305632e7 
4.171655806718428e7 
4.171845567367953e7 
4.172012298071684e7 
4.171231935058461e7 
4.17232701058505e7 
3.8465037057999514e7 
4.1699920145850174e7 
4.172613233218453e7 
4.17366132872e7 
4.034114209495764e7 
4.173411915689713e7 
4.173979607550591e7 
4.160111904678996e7 
4.174440600042328e7 
4.09745967358494e7 
4.1748930660240956e7 
4.175292574072624e7 
4.175866565731334e7 
4.1763119454993926e7 
4.108938463742296e7 
4.178837430494835e7 
4.18105681505342e7 
3.923801468192297e7 
4.170404518827764e7 
4.181350071865462e7 
4.1799059800796166e7 
4.181745738169671e7 
4.137356013116956e7 
4.180781250048173e7 
4.1820991568675674e7 
4.182754559476844e7 
3.925559434371916e7 
4.176394855775206e7 
4.182994728164887e7 
4.18307024996729e7 
4.183800333422502e7 
4.166725817216404e7 
4.184512768616348e7 
