-85.0 -85.0 3.9475667102852596 
-85.0 -80.0 9.234936254246222 
-85.0 -75.0 10.446060095237323 
-85.0 -70.0 11.647795541754434 
-85.0 -65.0 12.742092507347584 
-85.0 -60.00000000000001 13.365959416272057 
-85.0 -55.00000000000001 13.720000245829805 
-85.0 -50.0 13.911362380471445 
-85.0 -45.0 14.002664716043363 
-85.0 -40.0 14.035547145634915 
-85.0 -34.99999999999999 14.015969712850698 
-85.0 -30.000000000000004 13.932471710184506 
-85.0 -25.0 13.755523609812915 
-85.0 -20.0 13.410818001883644 
-85.0 -14.999999999999996 12.790484384647069 
-85.0 -10.000000000000004 11.776983285285555 
-85.0 -5.000000000000002 10.860853309932345 
-85.0 0.0 15.094309530000803 
-85.0 5.000000000000002 7.19841095968615 
-85.0 10.000000000000004 3.7273333853985826 
-85.0 15.000000000000007 2.391150207518963 
-85.0 20.000000000000007 1.672312074542147 
-85.0 24.999999999999993 1.2656464329815742 
-85.0 29.999999999999993 1.0386477506794298 
-85.0 34.99999999999999 0.9786913500845328 
-85.0 40.0 1.1131406774450843 
-85.0 45.0 1.479378516536613 
-85.0 50.0 2.1135901568229754 
-85.0 55.00000000000001 3.0307856636372583 
-85.0 60.00000000000001 4.193140484697104 
-85.0 65.00000000000001 5.457104001679048 
-85.0 69.99999999999999 6.493987139527598 
-85.0 75.0 7.1932026484099705 
-85.0 80.0 7.421081232082247 
-85.0 85.0 3.4855031163404955 
-80.0 -85.0 13.572247524177865 
-80.0 -80.0 31.751386130610825 
-80.0 -75.0 35.91400449319859 
-80.0 -70.0 40.040168957741955 
-80.0 -65.0 43.79163827761983 
-80.0 -60.00000000000001 45.921895220173774 
-80.0 -55.00000000000001 47.12310322095183 
-80.0 -50.0 47.76602787045893 
-80.0 -45.0 48.06759794488112 
-80.0 -40.0 48.17166247153702 
-80.0 -34.99999999999999 48.09870961028341 
-80.0 -30.000000000000004 47.808821891125 
-80.0 -25.0 47.199673903374375 
-80.0 -20.0 46.01490964990561 
-80.0 -14.999999999999996 43.88217535937414 
-80.0 -10.000000000000004 40.395394441794856 
-80.0 -5.000000000000002 37.23955246692915 
-80.0 0.0 51.86039152671839 
-80.0 5.000000000000002 24.729293400528068 
-80.0 10.000000000000004 12.790442918430328 
-80.0 15.000000000000007 8.18292520065616 
-80.0 20.000000000000007 5.699495214300151 
-80.0 24.999999999999993 4.293160735266578 
-80.0 29.999999999999993 3.5098328819276317 
-80.0 34.99999999999999 3.3065305150709734 
-80.0 40.0 3.7776672563382596 
-80.0 45.0 5.051852559617524 
-80.0 50.0 7.252874713145219 
-80.0 55.00000000000001 10.430547375868718 
-80.0 60.00000000000001 14.451472851211276 
-80.0 65.00000000000001 18.81733787631107 
-80.0 69.99999999999999 22.392651423337863 
-80.0 75.0 24.79722872605195 
-80.0 80.0 25.574277381947006 
-80.0 85.0 12.008433391223885 
-75.0 -85.0 16.466756527820056 
-75.0 -80.0 38.51788749274584 
-75.0 -75.0 43.55635027526931 
-75.0 -70.0 48.54124691164325 
-75.0 -65.0 53.06218672570048 
-75.0 -60.00000000000001 55.61195615617562 
-75.0 -55.00000000000001 57.03467723820105 
-75.0 -50.0 57.78372387563189 
-75.0 -45.0 58.124401199084545 
-75.0 -40.0 58.23185706218697 
-75.0 -34.99999999999999 58.13076586596265 
-75.0 -30.000000000000004 57.77197126387327 
-75.0 -25.0 57.030448572426714 
-75.0 -20.0 55.59473876211536 
-75.0 -14.999999999999996 53.01245196623817 
-75.0 -10.000000000000004 48.7906697417584 
-75.0 -5.000000000000002 44.970650149222195 
-75.0 0.0 62.85296242407521 
-75.0 5.000000000000002 29.984525118073822 
-75.0 10.000000000000004 15.52416798871616 
-75.0 15.000000000000007 9.927956270487973 
-75.0 20.000000000000007 6.907943594646611 
-75.0 24.999999999999993 5.198610671468688 
-75.0 29.999999999999993 4.2524555391806675 
-75.0 34.99999999999999 4.018103896494257 
-75.0 40.0 4.6102348579785914 
-75.0 45.0 6.18460005863319 
-75.0 50.0 8.890038969040232 
-75.0 55.00000000000001 12.783732277720496 
-75.0 60.00000000000001 17.69824399200214 
-75.0 65.00000000000001 23.021149130470793 
-75.0 69.99999999999999 27.36542970148743 
-75.0 75.0 30.273472374492236 
-75.0 80.0 31.19637018534264 
-75.0 85.0 14.640282656931918 
-70.0 -85.0 18.0753902353295 
-70.0 -80.0 42.263064743666575 
-70.0 -75.0 47.76007438178503 
-70.0 -70.0 53.1819810510707 
-70.0 -65.0 58.081973610861574 
-70.0 -60.00000000000001 60.8172217414732 
-70.0 -55.00000000000001 62.32019240052292 
-70.0 -50.0 63.092101273624536 
-70.0 -45.0 63.42557574200311 
-70.0 -40.0 63.512601853415 
-70.0 -34.99999999999999 63.37967434993154 
-70.0 -30.000000000000004 62.97219154297381 
-70.0 -25.0 62.152743753920014 
-70.0 -20.0 60.58099435973541 
-70.0 -14.999999999999996 57.7632928520224 
-70.0 -10.000000000000004 53.164236339022146 
-70.0 -5.000000000000002 49.018813531031064 
-70.0 0.0 68.88890442188385 
-70.0 5.000000000000002 32.91729119089324 
-70.0 10.000000000000004 17.143992600607923 
-70.0 15.000000000000007 11.02888300432023 
-70.0 20.000000000000007 7.732999690585939 
-70.0 24.999999999999993 5.875312379324708 
-70.0 29.999999999999993 4.861105136938522 
-70.0 34.99999999999999 4.6351246677186735 
-70.0 40.0 5.322567469171228 
-70.0 45.0 7.093195520780907 
-70.0 50.0 10.108070761712995 
-70.0 55.00000000000001 14.425325754128394 
-70.0 60.00000000000001 19.8541482603117 
-70.0 65.00000000000001 25.712690695338303 
-70.0 69.99999999999999 30.466095791168183 
-70.0 75.0 33.62420818441436 
-70.0 80.0 34.592719203614465 
-70.0 85.0 16.218419194886994 
-65.0 -85.0 18.00429300640649 
-65.0 -80.0 42.06029979373095 
-65.0 -75.0 47.4705184981862 
-65.0 -70.0 52.78141444607433 
-65.0 -65.0 57.55765863640644 
-65.0 -60.00000000000001 60.18336767491791 
-65.0 -55.00000000000001 61.594265983395594 
-65.0 -50.0 62.29195499870251 
-65.0 -45.0 62.567409901880076 
-65.0 -40.0 62.60988680922346 
-65.0 -34.99999999999999 62.4445601601058 
-65.0 -30.000000000000004 62.01678184434022 
-65.0 -25.0 61.190997235530354 
-65.0 -20.0 59.63321960097476 
-65.0 -14.999999999999996 56.86080205395676 
-65.0 -10.000000000000004 52.35577250540343 
-65.0 -5.000000000000002 48.333952529230245 
-65.0 0.0 68.4700137755054 
-65.0 5.000000000000002 32.834236565122104 
-65.0 10.000000000000004 17.34440219796562 
-65.0 15.000000000000007 11.343009351511604 
-65.0 20.000000000000007 8.127641557277853 
-65.0 24.999999999999993 6.334986956183507 
-65.0 29.999999999999993 5.3826358494503275 
-65.0 34.99999999999999 5.217099895076718 
-65.0 40.0 5.96100870549027 
-65.0 45.0 7.780824408999397 
-65.0 50.0 10.833498559946587 
-65.0 55.00000000000001 15.171073654435311 
-65.0 60.00000000000001 20.59593799528247 
-65.0 65.00000000000001 26.41903739865105 
-65.0 69.99999999999999 31.09747791527119 
-65.0 75.0 34.16870540693225 
-65.0 80.0 35.05239738799939 
-65.0 85.0 16.407576940050067 
-60.00000000000001 -85.0 15.349618710208905 
-60.00000000000001 -80.0 35.802418079829565 
-60.00000000000001 -75.0 40.317786480774565 
-60.00000000000001 -70.0 44.7172039408114 
-60.00000000000001 -65.0 48.64602136427094 
-60.00000000000001 -60.00000000000001 50.755684276984965 
-60.00000000000001 -55.00000000000001 51.850959760849854 
-60.00000000000001 -50.0 52.359624794690546 
-60.00000000000001 -45.0 52.52657338824635 
-60.00000000000001 -40.0 52.50909506679744 
-60.00000000000001 -34.99999999999999 52.32674950304854 
-60.00000000000001 -30.000000000000004 51.93327262511525 
-60.00000000000001 -25.0 51.216296008001514 
-60.00000000000001 -20.0 49.90009300834168 
-60.00000000000001 -14.999999999999996 47.58920253240288 
-60.00000000000001 -10.000000000000004 43.867772180142275 
-60.00000000000001 -5.000000000000002 40.60808180350994 
-60.00000000000001 0.0 58.187372126179994 
-60.00000000000001 5.000000000000002 28.094899114984152 
-60.00000000000001 10.000000000000004 15.24786371125121 
-60.00000000000001 15.000000000000007 10.296026925031565 
-60.00000000000001 20.000000000000007 7.681141807786739 
-60.00000000000001 24.999999999999993 6.257164050359681 
-60.00000000000001 29.999999999999993 5.541073410582697 
-60.00000000000001 34.99999999999999 5.4891607588514 
-60.00000000000001 40.0 6.202327154392028 
-60.00000000000001 45.0 7.818338969463416 
-60.00000000000001 50.0 10.466550943509604 
-60.00000000000001 55.00000000000001 14.18482403686382 
-60.00000000000001 60.00000000000001 18.797814743817227 
-60.00000000000001 65.00000000000001 23.709670925417736 
-60.00000000000001 69.99999999999999 27.591219617545157 
-60.00000000000001 75.0 30.08881117995695 
-60.00000000000001 80.0 30.7223443532141 
-60.00000000000001 85.0 14.344025379346022 
-55.00000000000001 -85.0 11.456006650431434 
-55.00000000000001 -80.0 26.64867577498299 
-55.00000000000001 -75.0 29.896540491276596 
-55.00000000000001 -70.0 33.02252851976703 
-55.00000000000001 -65.0 35.78425484253133 
-55.00000000000001 -60.00000000000001 37.21076601031084 
-55.00000000000001 -55.00000000000001 37.90906152616542 
-55.00000000000001 -50.0 38.196046879136844 
-55.00000000000001 -45.0 38.24865275265802 
-55.00000000000001 -40.0 38.17828502045968 
-55.00000000000001 -34.99999999999999 37.997031913673425 
-55.00000000000001 -30.000000000000004 37.671264394932734 
-55.00000000000001 -25.0 37.122037864904755 
-55.00000000000001 -20.0 36.15603222757043 
-55.00000000000001 -14.999999999999996 34.499945029989966 
-55.00000000000001 -10.000000000000004 31.877292803772885 
-55.00000000000001 -5.000000000000002 29.661400074096523 
-55.00000000000001 0.0 43.21338300926309 
-55.00000000000001 5.000000000000002 21.128750886409737 
-55.00000000000001 10.000000000000004 12.01908065035009 
-55.00000000000001 15.000000000000007 8.556388205743046 
-55.00000000000001 20.000000000000007 6.784423171849494 
-55.00000000000001 24.999999999999993 5.867413035328113 
-55.00000000000001 29.999999999999993 5.461151477050172 
-55.00000000000001 34.99999999999999 5.535149467121105 
-55.00000000000001 40.0 6.15973587241162 
-55.00000000000001 45.0 7.432366217039715 
-55.00000000000001 50.0 9.444525467279703 
-55.00000000000001 55.00000000000001 12.217887435751782 
-55.00000000000001 60.00000000000001 15.616119702403228 
-55.00000000000001 65.00000000000001 19.18855585006288 
-55.00000000000001 69.99999999999999 21.93109978766383 
-55.00000000000001 75.0 23.633411393622318 
-55.00000000000001 80.0 23.95391436225515 
-55.00000000000001 85.0 11.139704029213007 
-50.0 -85.0 7.727075490972543 
-50.0 -80.0 17.893070989476637 
-50.0 -75.0 19.947374777081116 
-50.0 -70.0 21.88306172787554 
-50.0 -65.0 23.562816334112163 
-50.0 -60.00000000000001 24.370713202346337 
-50.0 -55.00000000000001 24.72150642234947 
-50.0 -50.0 24.824429909395278 
-50.0 -45.0 24.79089563029009 
-50.0 -40.0 24.688663997900786 
-50.0 -34.99999999999999 24.522934612889166 
-50.0 -30.000000000000004 24.272317518871482 
-50.0 -25.0 23.889651408083427 
-50.0 -20.0 23.25919807077601 
-50.0 -14.999999999999996 22.221908937065173 
-50.0 -10.000000000000004 20.629258293100097 
-50.0 -5.000000000000002 19.376734313753403 
-50.0 0.0 28.922788024267184 
-50.0 5.000000000000002 14.46678743578998 
-50.0 10.000000000000004 8.880400389862965 
-50.0 15.000000000000007 6.825337039083744 
-50.0 20.000000000000007 5.845811658289649 
-50.0 24.999999999999993 5.400144966919578 
-50.0 29.999999999999993 5.274144407289697 
-50.0 34.99999999999999 5.4494848504260505 
-50.0 40.0 5.967797305967659 
-50.0 45.0 6.888770758191907 
-50.0 50.0 8.26889041407337 
-50.0 55.00000000000001 10.116571648433132 
-50.0 60.00000000000001 12.33601984584663 
-50.0 65.00000000000001 14.619892158856509 
-50.0 69.99999999999999 16.281180742384063 
-50.0 75.0 17.239971085057782 
-50.0 80.0 17.28349984197525 
-50.0 85.0 7.990491864227935 
-45.0 -85.0 4.94062408527919 
-45.0 -80.0 11.358331776668482 
-45.0 -75.0 12.535336026628755 
-45.0 -70.0 13.602525426847027 
-45.0 -65.0 14.499399216444921 
-45.0 -60.00000000000001 14.870723890740956 
-45.0 -55.00000000000001 14.985707279859797 
-45.0 -50.0 14.972170536302661 
-45.0 -45.0 14.892313213137252 
-45.0 -40.0 14.781489139164282 
-45.0 -34.99999999999999 14.63987464801995 
-45.0 -30.000000000000004 14.455205032298636 
-45.0 -25.0 14.203754038221604 
-45.0 -20.0 13.826574844262131 
-45.0 -14.999999999999996 13.247427722580502 
-45.0 -10.000000000000004 12.408092054500537 
-45.0 -5.000000000000002 11.845258131190262 
-45.0 0.0 18.280620897005388 
-45.0 5.000000000000002 9.510461104789194 
-45.0 10.000000000000004 6.516620235424622 
-45.0 15.000000000000007 5.498157387104417 
-45.0 20.000000000000007 5.097232622466643 
-45.0 24.999999999999993 4.990786001448785 
-45.0 29.999999999999993 5.060018617842921 
-45.0 34.99999999999999 5.295364567105788 
-45.0 40.0 5.717494923403891 
-45.0 45.0 6.358550140154768 
-45.0 50.0 7.249772395468211 
-45.0 55.00000000000001 8.391175426701102 
-45.0 60.00000000000001 9.719314696284025 
-45.0 65.00000000000001 11.036700233382101 
-45.0 69.99999999999999 11.897073495890057 
-45.0 75.0 12.313034260334236 
-45.0 80.0 12.165464103053699 
-45.0 85.0 5.580042338332565 
-40.0 -85.0 3.277656056647997 
-40.0 -80.0 7.467236489351145 
-40.0 -75.0 8.136636529741718 
-40.0 -70.0 8.70781488333095 
-40.0 -65.0 9.164054878976236 
-40.0 -60.00000000000001 9.30091299978451 
-40.0 -55.00000000000001 9.299142251913818 
-40.0 -50.0 9.237402551373343 
-40.0 -45.0 9.148577204852343 
-40.0 -40.0 9.049049240002859 
-40.0 -34.99999999999999 8.936111964161745 
-40.0 -30.000000000000004 8.802764196083059 
-40.0 -25.0 8.638664119016003 
-40.0 -20.0 8.417106626532263 
-40.0 -14.999999999999996 8.107713410440988 
-40.0 -10.000000000000004 7.699104813970111 
-40.0 -5.000000000000002 7.511382111768766 
-40.0 0.0 11.969263739713613 
-40.0 5.000000000000002 6.583766255108693 
-40.0 10.000000000000004 5.086711173776256 
-40.0 15.000000000000007 4.663268080223571 
-40.0 20.000000000000007 4.586301917976064 
-40.0 24.999999999999993 4.662851214792797 
-40.0 29.999999999999993 4.829430422511842 
-40.0 34.99999999999999 5.081357994897516 
-40.0 40.0 5.427414029201691 
-40.0 45.0 5.884083033722212 
-40.0 50.0 6.468429756304773 
-40.0 55.00000000000001 7.176771457093698 
-40.0 60.00000000000001 7.966587021261678 
-40.0 65.00000000000001 8.70807410010454 
-40.0 69.99999999999999 9.101879303991304 
-40.0 75.0 9.209817711978955 
-40.0 80.0 8.966105146621127 
-40.0 85.0 4.079422742486039 
-34.99999999999999 -85.0 2.6698029360260085 
-34.99999999999999 -80.0 6.057826148379637 
-34.99999999999999 -75.0 6.564541060939465 
-34.99999999999999 -70.0 6.98580571704548 
-34.99999999999999 -65.0 7.317768838999615 
-34.99999999999999 -60.00000000000001 7.404425062950359 
-34.99999999999999 -55.00000000000001 7.392293822118832 
-34.99999999999999 -50.0 7.341628027447952 
-34.99999999999999 -45.0 7.274951488254822 
-34.99999999999999 -40.0 7.2023739339246395 
-34.99999999999999 -34.99999999999999 7.120305350204061 
-34.99999999999999 -30.000000000000004 7.02330530981497 
-34.99999999999999 -25.0 6.904884559859837 
-34.99999999999999 -20.0 6.7475096387828915 
-34.99999999999999 -14.999999999999996 6.531976007006886 
-34.99999999999999 -10.000000000000004 6.2532228546185715 
-34.99999999999999 -5.000000000000002 6.148646492248038 
-34.99999999999999 0.0 9.721184805111884 
-34.99999999999999 5.000000000000002 5.562558363840627 
-34.99999999999999 10.000000000000004 4.534407406773227 
-34.99999999999999 15.000000000000007 4.288707985430259 
-34.99999999999999 20.000000000000007 4.294380829219289 
-34.99999999999999 24.999999999999993 4.4059728005176755 
-34.99999999999999 29.999999999999993 4.578071858143455 
-34.99999999999999 34.99999999999999 4.807271374385889 
-34.99999999999999 40.0 5.098912604959073 
-34.99999999999999 45.0 5.464863728276889 
-34.99999999999999 50.0 5.918136583500748 
-34.99999999999999 55.00000000000001 6.455279307682997 
-34.99999999999999 60.00000000000001 7.043210153801956 
-34.99999999999999 65.00000000000001 7.5792328673864455 
-34.99999999999999 69.99999999999999 7.821651131615846 
-34.99999999999999 75.0 7.841267759242492 
-34.99999999999999 80.0 7.588441664436324 
-34.99999999999999 85.0 3.4416635798381905 
-30.000000000000004 -85.0 3.0190222113218126 
-30.000000000000004 -80.0 6.898916953945411 
-30.000000000000004 -75.0 7.554723661095846 
-30.000000000000004 -70.0 8.138419313447224 
-30.000000000000004 -65.0 8.631092940293971 
-30.000000000000004 -60.00000000000001 8.832690380050323 
-30.000000000000004 -55.00000000000001 8.90483929517156 
-30.000000000000004 -50.0 8.917371665743287 
-30.000000000000004 -45.0 8.89968223770048 
-30.000000000000004 -40.0 8.86712276721218 
-30.000000000000004 -34.99999999999999 8.817034290115625 
-30.000000000000004 -30.000000000000004 8.742185625333024 
-30.000000000000004 -25.0 8.631321864867447 
-30.000000000000004 -20.0 8.455246532843608 
-30.000000000000004 -14.999999999999996 8.174632330539271 
-30.000000000000004 -10.000000000000004 7.754359166037525 
-30.000000000000004 -5.000000000000002 7.470568004423917 
-30.000000000000004 0.0 11.160800555016104 
-30.000000000000004 5.000000000000002 6.272262016276655 
-30.000000000000004 10.000000000000004 4.783186376306682 
-30.000000000000004 15.000000000000007 4.337125825315092 
-30.000000000000004 20.000000000000007 4.206974013585368 
-30.000000000000004 24.999999999999993 4.220016513875072 
-30.000000000000004 29.999999999999993 4.315279940323638 
-30.000000000000004 34.99999999999999 4.487320149058465 
-30.000000000000004 40.0 4.745584408152103 
-30.000000000000004 45.0 5.107186365577936 
-30.000000000000004 50.0 5.590081055025416 
-30.000000000000004 55.00000000000001 6.194370762706804 
-30.000000000000004 60.00000000000001 6.8857453480862905 
-30.000000000000004 65.00000000000001 7.551586507631445 
-30.000000000000004 69.99999999999999 7.926771172082397 
-30.000000000000004 75.0 8.055245568457224 
-30.000000000000004 80.0 7.8702328778447574 
-30.000000000000004 85.0 3.589262005891839 
-25.0 -85.0 4.311335440798989 
-25.0 -80.0 9.957917534154474 
-25.0 -75.0 11.07073748808929 
-25.0 -70.0 12.125946545721902 
-25.0 -65.0 13.062078784052963 
-25.0 -60.00000000000001 13.543561837414133 
-25.0 -55.00000000000001 13.795430226741715 
-25.0 -50.0 13.924391719973594 
-25.0 -45.0 13.983512490507135 
-25.0 -40.0 14.00467480392988 
-25.0 -34.99999999999999 13.987963721274008 
-25.0 -30.000000000000004 13.921150155878257 
-25.0 -25.0 13.779863207355797 
-25.0 -20.0 13.502882489135349 
-25.0 -14.999999999999996 13.000219815243142 
-25.0 -10.000000000000004 12.171295262576743 
-25.0 -5.000000000000002 11.450515906181952 
-25.0 0.0 16.242571327702404 
-25.0 5.000000000000002 8.690621173410554 
-25.0 10.000000000000004 5.827094462666007 
-25.0 15.000000000000007 4.811299864892249 
-25.0 20.000000000000007 4.3331591588908385 
-25.0 24.999999999999993 4.118572680114177 
-25.0 29.999999999999993 4.0576659733096765 
-25.0 34.99999999999999 4.13958709884655 
-25.0 40.0 4.385161611135835 
-25.0 45.0 4.82630745828148 
-25.0 50.0 5.49469658863548 
-25.0 55.00000000000001 6.397293603580308 
-25.0 60.00000000000001 7.488316930618368 
-25.0 65.00000000000001 8.609311935327856 
-25.0 69.99999999999999 9.39275156697472 
-25.0 75.0 9.821165572037264 
-25.0 80.0 9.778102987291808 
-25.0 85.0 4.506162951802354 
-20.0 -85.0 6.703851784625033 
-20.0 -80.0 15.605741862370284 
-20.0 -75.0 17.537833337494693 
-20.0 -70.0 19.430127298046017 
-20.0 -65.0 21.146393262674536 
-20.0 -60.00000000000001 22.107632323778905 
-20.0 -55.00000000000001 22.657738233736158 
-20.0 -50.0 22.97143124672588 
-20.0 -45.0 23.144629266972725 
-20.0 -40.0 23.238796039865186 
-20.0 -34.99999999999999 23.258927422932906 
-20.0 -30.000000000000004 23.184243746290182 
-20.0 -25.0 22.96777327503921 
-20.0 -20.0 22.49274246311201 
-20.0 -14.999999999999996 21.5832668368149 
-20.0 -10.000000000000004 20.032386502453086 
-20.0 -5.000000000000002 18.571722519372937 
-20.0 0.0 25.58570555040539 
-20.0 5.000000000000002 13.103761835633026 
-20.0 10.000000000000004 7.802889412830495 
-20.0 15.000000000000007 5.793120191883012 
-20.0 20.000000000000007 4.725811322459672 
-20.0 24.999999999999993 4.137889668884301 
-20.0 29.999999999999993 3.8310952039889243 
-20.0 34.99999999999999 3.785072274687005 
-20.0 40.0 4.040331503061854 
-20.0 45.0 4.6546110946441015 
-20.0 50.0 5.683582910306615 
-20.0 55.00000000000001 7.1453012638048286 
-20.0 60.00000000000001 8.971437260690985 
-20.0 65.00000000000001 10.917277239352224 
-20.0 69.99999999999999 12.422875614833403 
-20.0 75.0 13.369845124304074 
-20.0 80.0 13.554109433935304 
-20.0 85.0 6.307118880978588 
-14.999999999999996 -85.0 10.828210802210934 
-14.999999999999996 -80.0 25.332090620895716 
-14.999999999999996 -75.0 28.660858348078488 
-14.999999999999996 -70.0 31.97735056110522 
-14.999999999999996 -65.0 35.01952511040368 
-14.999999999999996 -60.00000000000001 36.79234119600105 
-14.999999999999996 -55.00000000000001 37.843868625106865 
-14.999999999999996 -50.0 38.46431227891904 
-14.999999999999996 -45.0 38.82172827552608 
-14.999999999999996 -40.0 39.0274474670036 
-14.999999999999996 -34.99999999999999 39.09486826908424 
-14.999999999999996 -30.000000000000004 38.98941524840575 
-14.999999999999996 -25.0 38.627042954302155 
-14.999999999999996 -20.0 37.798698824344356 
-14.999999999999996 -14.999999999999996 36.18765535196644 
-14.999999999999996 -10.000000000000004 33.416259175866614 
-14.999999999999996 -5.000000000000002 30.730592352620135 
-14.999999999999996 0.0 41.65034149418873 
-14.999999999999996 5.000000000000002 20.65420295153928 
-14.999999999999996 10.000000000000004 11.247894322387827 
-14.999999999999996 15.000000000000007 7.590698185196627 
-14.999999999999996 20.000000000000007 5.567616862961021 
-14.999999999999996 24.999999999999993 4.386607174850634 
-14.999999999999996 29.999999999999993 3.6976459093080347 
-14.999999999999996 34.99999999999999 3.4642074629509487 
-14.999999999999996 40.0 3.7593986403080706 
-14.999999999999996 45.0 4.6840604936884445 
-14.999999999999996 50.0 6.334386063579616 
-14.999999999999996 55.00000000000001 8.74718701784185 
-14.999999999999996 60.00000000000001 11.816169628219043 
-14.999999999999996 65.00000000000001 15.149886589126195 
-14.999999999999996 69.99999999999999 17.85859136668893 
-14.999999999999996 75.0 19.661776124259188 
-14.999999999999996 80.0 20.20752607628819 
-14.999999999999996 85.0 9.470852269735737 
-10.000000000000004 -85.0 18.372383931484134 
-10.000000000000004 -80.0 43.11604095167207 
-10.000000000000004 -75.0 48.99028793390976 
-10.000000000000004 -70.0 54.90505397059551 
-10.000000000000004 -65.0 60.37142350581006 
-10.000000000000004 -60.00000000000001 63.633748609596196 
-10.000000000000004 -55.00000000000001 65.6097251028058 
-10.000000000000004 -50.0 66.79632478709877 
-10.000000000000004 -45.0 67.4900846049391 
-10.000000000000004 -40.0 67.89180423612976 
-10.000000000000004 -34.99999999999999 68.03035711056005 
-10.000000000000004 -30.000000000000004 67.84770599936043 
-10.000000000000004 -25.0 67.19511714107388 
-10.000000000000004 -20.0 65.69973889056196 
-10.000000000000004 -14.999999999999996 62.7975944200144 
-10.000000000000004 -10.000000000000004 57.81611526333637 
-10.000000000000004 -5.000000000000002 52.94489622312618 
-10.000000000000004 0.0 71.00006068891271 
-10.000000000000004 5.000000000000002 34.375027327567174 
-10.000000000000004 10.000000000000004 17.590181551273883 
-10.000000000000004 15.000000000000007 11.026523633649658 
-10.000000000000004 20.000000000000007 7.352545517818045 
-10.000000000000004 24.999999999999993 5.166633796712268 
-10.000000000000004 29.999999999999993 3.840048636161781 
-10.000000000000004 34.99999999999999 3.3067826361498054 
-10.000000000000004 40.0 3.697719577241441 
-10.000000000000004 45.0 5.190740994541897 
-10.000000000000004 50.0 7.955657898269738 
-10.000000000000004 55.00000000000001 12.064735799421717 
-10.000000000000004 60.00000000000001 17.34646695765439 
-10.000000000000004 65.00000000000001 23.14823754179817 
-10.000000000000004 69.99999999999999 27.985834520978358 
-10.000000000000004 75.0 31.298521671240586 
-10.000000000000004 80.0 32.4671938968051 
-10.000000000000004 85.0 15.290500898807515 
-5.000000000000002 -85.0 29.96980033004676 
-5.000000000000002 -80.0 70.45267224754448 
-5.000000000000002 -75.0 80.24198489922273 
-5.000000000000002 -70.0 90.16307156715521 
-5.000000000000002 -65.0 99.38108614957275 
-5.000000000000002 -60.00000000000001 104.9668700822445 
-5.000000000000002 -55.00000000000001 108.39886710185094 
-5.000000000000002 -50.0 110.48455692771626 
-5.000000000000002 -45.0 111.71283374508384 
-5.000000000000002 -40.0 112.41984128391144 
-5.000000000000002 -34.99999999999999 112.65859946291057 
-5.000000000000002 -30.000000000000004 112.33756761620063 
-5.000000000000002 -25.0 111.21273219501178 
-5.000000000000002 -20.0 108.66534986515575 
-5.000000000000002 -14.999999999999996 103.76338425571191 
-5.000000000000002 -10.000000000000004 95.39950590533988 
-5.000000000000002 -5.000000000000002 87.21285500103087 
-5.000000000000002 0.0 116.07026526532215 
-5.000000000000002 5.000000000000002 55.348508122108626 
-5.000000000000002 10.000000000000004 27.376216786980752 
-5.000000000000002 15.000000000000007 16.486412961202067 
-5.000000000000002 20.000000000000007 10.402271505638534 
-5.000000000000002 24.999999999999993 6.7739434015472995 
-5.000000000000002 29.999999999999993 4.5414142776694035 
-5.000000000000002 34.99999999999999 3.593319066180535 
-5.000000000000002 40.0 4.147221644115697 
-5.000000000000002 45.0 6.497455874666798 
-5.000000000000002 50.0 10.927037863558752 
-5.000000000000002 55.00000000000001 17.565673687345182 
-5.000000000000002 60.00000000000001 26.149562117751397 
-5.000000000000002 65.00000000000001 35.637760126650484 
-5.000000000000002 69.99999999999999 43.649082189325355 
-5.000000000000002 75.0 49.21100514836271 
-5.000000000000002 80.0 51.29634150907442 
-5.000000000000002 85.0 24.220394768834808 
0.0 -85.0 39.84525506878967 
0.0 -80.0 93.73998398019737 
0.0 -75.0 106.88802990541899 
0.0 -70.0 120.26816827616467 
0.0 -65.0 132.75221684185135 
0.0 -60.00000000000001 140.39968890620577 
0.0 -55.00000000000001 145.15458264049022 
0.0 -50.0 148.07834665751838 
0.0 -45.0 149.81694904073564 
0.0 -40.0 150.81934203955322 
0.0 -34.99999999999999 151.1595425286454 
0.0 -30.000000000000004 150.7202450851304 
0.0 -25.0 149.18042460119472 
0.0 -20.0 145.71651612044462 
0.0 -14.999999999999996 139.09136842970395 
0.0 -10.000000000000004 127.83551138218876 
0.0 -5.000000000000002 116.80626765945121 
0.0 0.0 154.31019995899462 
0.0 5.000000000000002 73.07532912533468 
0.0 10.000000000000004 35.72083014441804 
0.0 15.000000000000007 21.301717344463803 
0.0 20.000000000000007 13.29735270915947 
0.0 24.999999999999993 8.54093897252825 
0.0 29.999999999999993 5.600933451137872 
0.0 34.99999999999999 4.327189003735635 
0.0 40.0 5.009613194764233 
0.0 45.0 8.040604793362483 
0.0 50.0 13.801061057108601 
0.0 55.00000000000001 22.4753452209006 
0.0 60.00000000000001 33.73363605935494 
0.0 65.00000000000001 46.22432996048019 
0.0 69.99999999999999 56.82900898595835 
0.0 75.0 64.23948450950951 
0.0 80.0 67.08060428046687 
0.0 85.0 31.705925282915405 
5.000000000000002 -85.0 36.576202413036086 
5.000000000000002 -80.0 86.05248208796024 
5.000000000000002 -75.0 98.12834517923615 
5.000000000000002 -70.0 110.42125637086046 
5.000000000000002 -65.0 121.89605048152038 
5.000000000000002 -60.00000000000001 128.9343235577661 
5.000000000000002 -55.00000000000001 133.32004860151545 
5.000000000000002 -50.0 136.02704339989876 
5.000000000000002 -45.0 137.6477875116805 
5.000000000000002 -40.0 138.5940100086941 
5.000000000000002 -34.99999999999999 138.9330620627275 
5.000000000000002 -30.000000000000004 138.55644659220206 
5.000000000000002 -25.0 137.16843839935945 
5.000000000000002 -20.0 134.01101665762187 
5.000000000000002 -14.999999999999996 127.94201705141556 
5.000000000000002 -10.000000000000004 117.59556865009573 
5.000000000000002 -5.000000000000002 107.39995831118313 
5.000000000000002 0.0 141.4855246008632 
5.000000000000002 5.000000000000002 67.15179555111035 
5.000000000000002 10.000000000000004 32.88839132212132 
5.000000000000002 15.000000000000007 19.65676650059738 
5.000000000000002 20.000000000000007 12.296917478542651 
5.000000000000002 24.999999999999993 7.914614607604521 
5.000000000000002 29.999999999999993 5.199232801523889 
5.000000000000002 34.99999999999999 4.01324410282707 
5.000000000000002 40.0 4.623476844666563 
5.000000000000002 45.0 7.390936069355384 
5.000000000000002 50.0 12.665755844256468 
5.000000000000002 55.00000000000001 20.617332845493618 
5.000000000000002 60.00000000000001 30.942848566979535 
5.000000000000002 65.00000000000001 42.401515841962826 
5.000000000000002 69.99999999999999 52.13121733377305 
5.000000000000002 75.0 58.930415659340056 
5.000000000000002 80.0 61.53703727106462 
5.000000000000002 85.0 29.085629097811626 
10.000000000000004 -85.0 42.960368793633606 
10.000000000000004 -80.0 101.10001877269677 
10.000000000000004 -75.0 115.32117771143398 
10.000000000000004 -70.0 129.79156743841276 
10.000000000000004 -65.0 143.2813263574046 
10.000000000000004 -60.00000000000001 151.53304053107394 
10.000000000000004 -55.00000000000001 156.64969697361866 
10.000000000000004 -50.0 159.7860543668994 
10.000000000000004 -45.0 161.64741082726383 
10.000000000000004 -40.0 162.7228754880218 
10.000000000000004 -34.99999999999999 163.09290065655063 
10.000000000000004 -30.000000000000004 162.6278103061393 
10.000000000000004 -25.0 160.97493395770738 
10.000000000000004 -20.0 157.2354236563956 
10.000000000000004 -14.999999999999996 150.05573868777276 
10.000000000000004 -10.000000000000004 137.82042806211555 
10.000000000000004 -5.000000000000002 125.77776946757486 
10.000000000000004 0.0 166.22028664303244 
10.000000000000004 5.000000000000002 78.65618795449976 
10.000000000000004 10.000000000000004 38.1104183241381 
10.000000000000004 15.000000000000007 22.374460436533557 
10.000000000000004 20.000000000000007 13.580932530959943 
10.000000000000004 24.999999999999993 8.322002879756958 
10.000000000000004 29.999999999999993 5.053630936857778 
10.000000000000004 34.99999999999999 3.614618415681759 
10.000000000000004 40.0 4.322227826304658 
10.000000000000004 45.0 7.6039564551642345 
10.000000000000004 50.0 13.87234346546945 
10.000000000000004 55.00000000000001 23.324676900460776 
10.000000000000004 60.00000000000001 35.59707562449709 
10.000000000000004 65.00000000000001 49.21755491334374 
10.000000000000004 69.99999999999999 60.80665680486307 
10.000000000000004 75.0 68.91818031115609 
10.000000000000004 80.0 72.06406009253907 
10.000000000000004 85.0 34.08236343180667 
15.000000000000007 -85.0 46.66794543617391 
15.000000000000007 -80.0 109.83317437325594 
15.000000000000007 -75.0 125.28962045607831 
15.000000000000007 -70.0 141.0087409518778 
15.000000000000007 -65.0 155.64785287132827 
15.000000000000007 -60.00000000000001 164.58078173705 
15.000000000000007 -55.00000000000001 170.0964545839541 
15.000000000000007 -50.0 173.45511359304768 
15.000000000000007 -45.0 175.42783927141448 
15.000000000000007 -40.0 176.54887575827402 
15.000000000000007 -34.99999999999999 176.90685181670128 
15.000000000000007 -30.000000000000004 176.36076361802046 
15.000000000000007 -25.0 174.52631564790585 
15.000000000000007 -20.0 170.42572950130526 
15.000000000000007 -14.999999999999996 162.5899238025058 
15.000000000000007 -10.000000000000004 149.27451046095484 
15.000000000000007 -5.000000000000002 136.22210374916233 
15.000000000000007 0.0 180.58509886223766 
15.000000000000007 5.000000000000002 85.22360528591564 
15.000000000000007 10.000000000000004 41.0630024581169 
15.000000000000007 15.000000000000007 23.895203744567976 
15.000000000000007 20.000000000000007 14.296409376108986 
15.000000000000007 24.999999999999993 8.553781763163897 
15.000000000000007 29.999999999999993 4.986766428709937 
15.000000000000007 34.99999999999999 3.420446246638353 
15.000000000000007 40.0 4.20039298961203 
15.000000000000007 45.0 7.7915521613785685 
15.000000000000007 50.0 14.641846413024481 
15.000000000000007 55.00000000000001 24.964328787237008 
15.000000000000007 60.00000000000001 38.35998392708475 
15.000000000000007 65.00000000000001 53.22386431670666 
15.000000000000007 69.99999999999999 65.87833541038039 
15.000000000000007 75.0 74.73937891346662 
15.000000000000007 80.0 78.18948436779047 
15.000000000000007 85.0 36.98753954278549 
20.000000000000007 -85.0 48.129869860620545 
20.000000000000007 -80.0 113.27082691385245 
20.000000000000007 -75.0 129.2032735255974 
20.000000000000007 -70.0 145.39822804333272 
20.000000000000007 -65.0 160.4688815640251 
20.000000000000007 -60.00000000000001 169.6462281375897 
20.000000000000007 -55.00000000000001 175.29330603848643 
20.000000000000007 -50.0 178.71240995764362 
20.000000000000007 -45.0 180.70083187047845 
20.000000000000007 -40.0 181.81079376509393 
20.000000000000007 -34.99999999999999 182.13469793300104 
20.000000000000007 -30.000000000000004 181.52802957603717 
20.000000000000007 -25.0 179.5954661725603 
20.000000000000007 -20.0 175.33095492707727 
20.000000000000007 -14.999999999999996 167.22673293098998 
20.000000000000007 -10.000000000000004 153.50219744948652 
20.000000000000007 -5.000000000000002 140.10919387885298 
20.000000000000007 0.0 186.2160191975338 
20.000000000000007 5.000000000000002 87.70079330877158 
20.000000000000007 10.000000000000004 42.15971749072806 
20.000000000000007 15.000000000000007 24.454795068220424 
20.000000000000007 20.000000000000007 14.568058616840643 
20.000000000000007 24.999999999999993 8.661284177451869 
20.000000000000007 29.999999999999993 4.999774577228164 
20.000000000000007 34.99999999999999 3.4033285034870073 
20.000000000000007 40.0 4.22773469157264 
20.000000000000007 45.0 7.9515861768262734 
20.000000000000007 50.0 15.035922965972835 
20.000000000000007 55.00000000000001 25.69953142153225 
20.000000000000007 60.00000000000001 39.529765978408044 
20.000000000000007 65.00000000000001 54.87037619128757 
20.000000000000007 69.99999999999999 67.9281495101579 
20.000000000000007 75.0 77.06962291347043 
20.000000000000007 80.0 80.62834269229498 
20.000000000000007 85.0 38.14113082206356 
24.999999999999993 -85.0 48.54503022032072 
24.999999999999993 -80.0 114.23952488629867 
24.999999999999993 -75.0 130.29300622457637 
24.999999999999993 -70.0 146.60207905694665 
24.999999999999993 -65.0 161.76806479030373 
24.999999999999993 -60.00000000000001 170.98490778286703 
24.999999999999993 -55.00000000000001 176.6378855875645 
24.999999999999993 -50.0 180.04192206136258 
24.999999999999993 -45.0 182.0021244789601 
24.999999999999993 -40.0 183.07601427958727 
24.999999999999993 -34.99999999999999 183.35765570141058 
24.999999999999993 -30.000000000000004 182.70256828367172 
24.999999999999993 -25.0 180.71388206840717 
24.999999999999993 -20.0 176.38069707890472 
24.999999999999993 -14.999999999999996 168.19171071784285 
24.999999999999993 -10.000000000000004 154.37156717206003 
24.999999999999993 -5.000000000000002 140.94517597461848 
24.999999999999993 0.0 187.75888332858239 
24.999999999999993 5.000000000000002 88.28367378579715 
24.999999999999993 10.000000000000004 42.4079285274561 
24.999999999999993 15.000000000000007 24.58280496692309 
24.999999999999993 20.000000000000007 14.647357232835935 
24.999999999999993 24.999999999999993 8.723371243313078 
24.999999999999993 29.999999999999993 5.061012375123482 
24.999999999999993 34.99999999999999 3.4787979296465843 
24.999999999999993 40.0 4.33438088450014 
24.999999999999993 45.0 8.10899726897912 
24.999999999999993 50.0 15.266439570800122 
24.999999999999993 55.00000000000001 26.02642120435244 
24.999999999999993 60.00000000000001 39.972377676606385 
24.999999999999993 65.00000000000001 55.43426992096737 
24.999999999999993 69.99999999999999 68.58758119063181 
24.999999999999993 75.0 77.79069338052068 
24.999999999999993 80.0 81.36582486100497 
24.999999999999993 85.0 38.48579134696805 
29.999999999999993 -85.0 48.58901284692381 
29.999999999999993 -80.0 114.33102546292409 
29.999999999999993 -75.0 130.37642982623737 
29.999999999999993 -70.0 146.66660333118404 
29.999999999999993 -65.0 161.80283022485588 
29.999999999999993 -60.00000000000001 170.98066500270284 
29.999999999999993 -55.00000000000001 176.58982375284205 
29.999999999999993 -50.0 179.94779569507156 
29.999999999999993 -45.0 181.86114632883744 
29.999999999999993 -40.0 182.8882057488019 
29.999999999999993 -34.99999999999999 183.12390867568956 
29.999999999999993 -30.000000000000004 182.42498637564776 
29.999999999999993 -25.0 180.39630875880718 
29.999999999999993 -20.0 176.03044039866427 
29.999999999999993 -14.999999999999996 167.8248186102904 
29.999999999999993 -10.000000000000004 154.02349846853204 
29.999999999999993 -5.000000000000002 140.67434941979334 
29.999999999999993 0.0 187.83214542564627 
29.999999999999993 5.000000000000002 88.19928365638312 
29.999999999999993 10.000000000000004 42.367264343811556 
29.999999999999993 15.000000000000007 24.57013392997147 
29.999999999999993 20.000000000000007 14.66967848532843 
29.999999999999993 24.999999999999993 8.779522095489082 
29.999999999999993 29.999999999999993 5.149286958796143 
29.999999999999993 34.99999999999999 3.597747461923828 
29.999999999999993 40.0 4.481486581862463 
29.999999999999993 45.0 8.280486490712887 
29.999999999999993 50.0 15.457514987272567 
29.999999999999993 55.00000000000001 26.231198461687967 
29.999999999999993 60.00000000000001 40.183932423067915 
29.999999999999993 65.00000000000001 55.64431403599254 
29.999999999999993 69.99999999999999 68.78514602544661 
29.999999999999993 75.0 77.97170968701953 
29.999999999999993 80.0 81.52855610834389 
29.999999999999993 85.0 38.55616225337533 
34.99999999999999 -85.0 48.46795973736047 
34.99999999999999 -80.0 114.03040786115919 
34.99999999999999 -75.0 130.00622134272163 
34.99999999999999 -70.0 146.21207761864642 
34.99999999999999 -65.0 161.25488386306282 
34.99999999999999 -60.00000000000001 170.35052256155598 
34.99999999999999 -55.00000000000001 175.88615475034214 
34.99999999999999 -50.0 179.17800339293026 
34.99999999999999 -45.0 181.03159652695467 
34.99999999999999 -40.0 182.00412463981627 
34.99999999999999 -34.99999999999999 182.190963337594 
34.99999999999999 -30.000000000000004 181.4504012122758 
34.99999999999999 -25.0 179.39030085293444 
34.99999999999999 -20.0 175.01025285692765 
34.99999999999999 -14.999999999999996 166.82151968142668 
34.99999999999999 -10.000000000000004 153.0932008343454 
34.99999999999999 -5.000000000000002 139.87271968450165 
34.99999999999999 0.0 187.23087725661733 
34.99999999999999 5.000000000000002 87.82125699856573 
34.99999999999999 10.000000000000004 42.2051919534446 
34.99999999999999 15.000000000000007 24.498611434335356 
34.99999999999999 20.000000000000007 14.666086134548992 
34.99999999999999 24.999999999999993 8.828996470890885 
34.99999999999999 29.999999999999993 5.243783853303746 
34.99999999999999 34.99999999999999 3.7303230016809055 
34.99999999999999 40.0 4.6429229970939305 
34.99999999999999 45.0 8.458640349226027 
34.99999999999999 50.0 15.637420907055917 
34.99999999999999 55.00000000000001 26.39547054274798 
34.99999999999999 60.00000000000001 40.31454582745916 
34.99999999999999 65.00000000000001 55.72601095290901 
34.99999999999999 69.99999999999999 68.81076214666261 
34.99999999999999 75.0 77.9475883555012 
34.99999999999999 80.0 81.46973227032716 
34.99999999999999 85.0 38.51983175352217 
40.0 -85.0 48.096114579806446 
40.0 -80.0 113.13493235554178 
40.0 -75.0 128.94940534778593 
40.0 -70.0 144.97378429288796 
40.0 -65.0 159.8289047649305 
40.0 -60.00000000000001 168.77893516492423 
40.0 -55.00000000000001 174.19777349588585 
40.0 -50.0 177.39458228267094 
40.0 -45.0 179.17011582520027 
40.0 -40.0 180.0775014514607 
40.0 -34.99999999999999 180.2118739607658 
40.0 -30.000000000000004 179.43351950121237 
40.0 -25.0 177.3550520672895 
40.0 -20.0 172.98824938542126 
40.0 -14.999999999999996 164.86563023638186 
40.0 -10.000000000000004 151.28970264262148 
40.0 -5.000000000000002 138.27357355050555 
40.0 0.0 185.61858517717002 
40.0 5.000000000000002 86.99496255693737 
40.0 10.000000000000004 41.84555941721118 
40.0 15.000000000000007 24.319392846521353 
40.0 20.000000000000007 14.60133212644718 
40.0 24.999999999999993 8.843938272341994 
40.0 29.999999999999993 5.321223447953433 
40.0 34.99999999999999 3.8554012835982916 
40.0 40.0 4.796775112604409 
40.0 45.0 8.617037267426957 
40.0 50.0 15.770672896559988 
40.0 55.00000000000001 26.469543790026165 
40.0 60.00000000000001 40.2954218288263 
40.0 65.00000000000001 55.58870954919338 
40.0 69.99999999999999 68.55477578146883 
40.0 75.0 77.59492710172081 
40.0 80.0 81.06039878582767 
40.0 85.0 38.31573158593384 
45.0 -85.0 47.20156826760646 
45.0 -80.0 111.00339977040801 
45.0 -75.0 126.47261159681071 
45.0 -70.0 142.1241083941825 
45.0 -65.0 156.60926917542903 
45.0 -60.00000000000001 165.29618486915604 
45.0 -55.00000000000001 170.52164456579226 
45.0 -50.0 173.5746176541107 
45.0 -45.0 175.2427474957192 
45.0 -40.0 176.0689029606558 
45.0 -34.99999999999999 176.14662920991856 
45.0 -30.000000000000004 175.33933541513278 
45.0 -25.0 173.2682816588093 
45.0 -20.0 168.96823004977884 
45.0 -14.999999999999996 161.00876417334928 
45.0 -10.000000000000004 147.74388381291323 
45.0 -5.000000000000002 135.08403262338405 
45.0 0.0 181.94064335626948 
45.0 5.000000000000002 85.23221211045023 
45.0 10.000000000000004 41.060086154024866 
45.0 15.000000000000007 23.904304848224754 
45.0 20.000000000000007 14.402529612048143 
45.0 24.999999999999993 8.784286700368954 
45.0 29.999999999999993 5.361987706505062 
45.0 34.99999999999999 3.962492658057836 
45.0 40.0 4.928396366312968 
45.0 45.0 8.720926323674611 
45.0 50.0 15.783869330459444 
45.0 55.00000000000001 26.321504914852238 
45.0 60.00000000000001 39.91841570739273 
45.0 65.00000000000001 54.939305664913675 
45.0 69.99999999999999 67.65117181985448 
45.0 75.0 76.4962151369101 
45.0 80.0 79.8623409875033 
45.0 85.0 37.73620280882147 
50.0 -85.0 45.4559166735448 
50.0 -80.0 106.86187915054848 
50.0 -75.0 121.69184538463058 
50.0 -70.0 136.66760827744594 
50.0 -65.0 150.4978222609952 
50.0 -60.00000000000001 158.74301096580172 
50.0 -55.00000000000001 163.66260017298362 
50.0 -50.0 166.5028906380747 
50.0 -45.0 168.02420347839356 
50.0 -40.0 168.74887615106584 
50.0 -34.99999999999999 168.76670493728574 
50.0 -30.000000000000004 167.9462680751781 
50.0 -25.0 165.9240940241747 
50.0 -20.0 161.77567170821342 
50.0 -14.999999999999996 154.13377926042446 
50.0 -10.000000000000004 141.4338448856245 
50.0 -5.000000000000002 129.37307669783578 
50.0 0.0 174.93122246672615 
50.0 5.000000000000002 81.94819840333358 
50.0 10.000000000000004 39.580538671618406 
50.0 15.000000000000007 23.110305565354835 
50.0 20.000000000000007 13.997220440820294 
50.0 24.999999999999993 8.620100268636197 
50.0 29.999999999999993 5.362479697152232 
50.0 34.99999999999999 4.059387963480351 
50.0 40.0 5.039544645440314 
50.0 45.0 8.745347165809553 
50.0 50.0 15.601571619023616 
50.0 55.00000000000001 25.800335205979117 
50.0 60.00000000000001 38.934937887150156 
50.0 65.00000000000001 53.42132044945836 
50.0 69.99999999999999 65.65138989973939 
50.0 75.0 74.13842794919118 
50.0 80.0 77.33688137662517 
50.0 85.0 36.52606375968869 
55.00000000000001 -85.0 42.380919208183634 
55.00000000000001 -80.0 99.58575429041733 
55.00000000000001 -75.0 113.32675389640751 
55.00000000000001 -70.0 127.16825396488765 
55.00000000000001 -65.0 139.91710438726534 
55.00000000000001 -60.00000000000001 147.46108554970965 
55.00000000000001 -55.00000000000001 151.917349615974 
55.00000000000001 -50.0 154.45299969082433 
55.00000000000001 -45.0 155.7781038155155 
55.00000000000001 -40.0 156.3783134785517 
55.00000000000001 -34.99999999999999 156.33644548509014 
55.00000000000001 -30.000000000000004 155.5297659990934 
55.00000000000001 -25.0 153.6207574468249 
55.00000000000001 -20.0 149.75340032171948 
55.00000000000001 -14.999999999999996 142.664636317335 
55.00000000000001 -10.000000000000004 130.9180646545322 
55.00000000000001 -5.000000000000002 119.82586041106724 
55.00000000000001 0.0 162.764195202638 
55.00000000000001 5.000000000000002 76.29405659224342 
55.00000000000001 10.000000000000004 37.011599548704 
55.00000000000001 15.000000000000007 21.72417155726813 
55.00000000000001 20.000000000000007 13.275562117938302 
55.00000000000001 24.999999999999993 8.303772443036149 
55.00000000000001 29.999999999999993 5.312838446458652 
55.00000000000001 34.99999999999999 4.151107033740995 
55.00000000000001 40.0 5.1236432921467925 
55.00000000000001 45.0 8.640907199049797 
55.00000000000001 50.0 15.095999353739714 
55.00000000000001 55.00000000000001 24.662694990874723 
55.00000000000001 60.00000000000001 36.95409982811982 
55.00000000000001 65.00000000000001 50.482339359119045 
55.00000000000001 69.99999999999999 61.867022080106935 
55.00000000000001 75.0 69.73948069758278 
55.00000000000001 80.0 72.66653070539358 
55.00000000000001 85.0 34.29907922168511 
60.00000000000001 -85.0 37.34929188750656 
60.00000000000001 -80.0 87.70504109527056 
60.00000000000001 -75.0 99.71213733939209 
60.00000000000001 -70.0 111.76899246227767 
60.00000000000001 -65.0 122.8387688290195 
60.00000000000001 -60.00000000000001 129.32921290916627 
60.00000000000001 -55.00000000000001 133.11699521464456 
60.00000000000001 -50.0 135.23474331905868 
60.00000000000001 -45.0 136.3079947869225 
60.00000000000001 -40.0 136.76215286973255 
60.00000000000001 -34.99999999999999 136.6686435840059 
60.00000000000001 -30.000000000000004 135.91898859305647 
60.00000000000001 -25.0 134.21756606792306 
60.00000000000001 -20.0 130.817238724041 
60.00000000000001 -14.999999999999996 124.61860157488461 
60.00000000000001 -10.000000000000004 114.38060601861889 
60.00000000000001 -5.000000000000002 104.77951728182818 
60.00000000000001 0.0 143.07469236841865 
60.00000000000001 5.000000000000002 67.15783700473506 
60.00000000000001 10.000000000000004 32.812941137793445 
60.00000000000001 15.000000000000007 19.43645131054145 
60.00000000000001 20.000000000000007 12.058432316146094 
60.00000000000001 24.999999999999993 7.733467296619231 
60.00000000000001 29.999999999999993 5.156148244392557 
60.00000000000001 34.99999999999999 4.195201318049933 
60.00000000000001 40.0 5.117630095892073 
60.00000000000001 45.0 8.2827773558269 
60.00000000000001 50.0 14.033922508274497 
60.00000000000001 55.00000000000001 22.518689539420183 
60.00000000000001 60.00000000000001 33.38857419124037 
60.00000000000001 65.00000000000001 45.32152776147611 
60.00000000000001 69.99999999999999 55.32122038562472 
60.00000000000001 75.0 62.204120427890366 
60.00000000000001 80.0 64.71550947750985 
60.00000000000001 85.0 30.520910137273432 
65.00000000000001 -85.0 30.320355212371407 
65.00000000000001 -80.0 71.1363662749043 
65.00000000000001 -75.0 80.77368658463672 
65.00000000000001 -70.0 90.41366947216783 
65.00000000000001 -65.0 99.23208970047882 
65.00000000000001 -60.00000000000001 104.3460935291466 
65.00000000000001 -55.00000000000001 107.28866879802253 
65.00000000000001 -50.0 108.90011086438591 
65.00000000000001 -45.0 109.68613951278331 
65.00000000000001 -40.0 109.98831004966512 
65.00000000000001 -34.99999999999999 109.86257484579076 
65.00000000000001 -30.000000000000004 109.22069826428714 
65.00000000000001 -25.0 107.82516972334236 
65.00000000000001 -20.0 105.07784474619916 
65.00000000000001 -14.999999999999996 100.10163252922267 
65.00000000000001 -10.000000000000004 91.91560839481483 
65.00000000000001 -5.000000000000002 84.30614305199322 
65.00000000000001 0.0 115.7927224512942 
65.00000000000001 5.000000000000002 54.48065872897614 
65.00000000000001 10.000000000000004 26.911490301888378 
65.00000000000001 15.000000000000007 16.175350543889433 
65.00000000000001 20.000000000000007 10.274458827661231 
65.00000000000001 24.999999999999993 6.835886018401658 
65.00000000000001 29.999999999999993 4.813138767555742 
65.00000000000001 34.99999999999999 4.1019211262305255 
65.00000000000001 40.0 4.916660684080326 
65.00000000000001 45.0 7.5463378344277405 
65.00000000000001 50.0 12.26655563813403 
65.00000000000001 55.00000000000001 19.192271228469533 
65.00000000000001 60.00000000000001 28.03466751371186 
65.00000000000001 65.00000000000001 37.71210797447367 
65.00000000000001 69.99999999999999 45.77719204222539 
65.00000000000001 75.0 51.29603550055481 
65.00000000000001 80.0 53.25798984983971 
65.00000000000001 85.0 25.090362084536906 
69.99999999999999 -85.0 22.22215122204096 
69.99999999999999 -80.0 52.077005125029956 
69.99999999999999 -75.0 59.03813194469137 
69.99999999999999 -70.0 65.96972352984929 
69.99999999999999 -65.0 72.28539476117194 
69.99999999999999 -60.00000000000001 75.90243258310727 
69.99999999999999 -55.00000000000001 77.95112852589922 
69.99999999999999 -50.0 79.04700715298527 
69.99999999999999 -45.0 79.55711986757328 
69.99999999999999 -40.0 79.72743404820709 
69.99999999999999 -34.99999999999999 79.59685401457476 
69.99999999999999 -30.000000000000004 79.10083371085273 
69.99999999999999 -25.0 78.06821211626188 
69.99999999999999 -20.0 76.06912914109137 
69.99999999999999 -14.999999999999996 72.476159005706 
69.99999999999999 -10.000000000000004 66.59595588711612 
69.99999999999999 -5.000000000000002 61.19201976523206 
69.99999999999999 0.0 84.56971018587278 
69.99999999999999 5.000000000000002 39.928470780855186 
69.99999999999999 10.000000000000004 20.02984058360659 
69.99999999999999 15.000000000000007 12.294436661588431 
69.99999999999999 20.000000000000007 8.067886603807231 
69.99999999999999 24.999999999999993 5.626886009455595 
69.99999999999999 29.999999999999993 4.216003142000183 
69.99999999999999 34.99999999999999 3.7606225353096048 
69.99999999999999 40.0 4.415337521138502 
69.99999999999999 45.0 6.389155176762759 
69.99999999999999 50.0 9.881450264117916 
69.99999999999999 55.00000000000001 14.972927711379 
69.99999999999999 60.00000000000001 21.448597466820107 
69.99999999999999 65.00000000000001 28.51118004576132 
69.99999999999999 69.99999999999999 34.35679777919871 
69.99999999999999 75.0 38.3284668824651 
69.99999999999999 80.0 39.69194191152677 
69.99999999999999 85.0 18.674533270809754 
75.0 -85.0 15.640735953975605 
75.0 -80.0 36.603241500702524 
75.0 -75.0 41.41798655602948 
75.0 -70.0 46.1884991957324 
75.0 -65.0 50.51780623348777 
75.0 -60.00000000000001 52.96437289294528 
75.0 -55.00000000000001 54.32771698444579 
75.0 -50.0 55.039102129851756 
75.0 -45.0 55.352649997914774 
75.0 -40.0 55.43725963886987 
75.0 -34.99999999999999 55.31845856711754 
75.0 -30.000000000000004 54.951196692643705 
75.0 -25.0 54.217950182124085 
75.0 -20.0 52.8238853205177 
75.0 -14.999999999999996 50.341196163333514 
75.0 -10.000000000000004 46.30425632337834 
75.0 -5.000000000000002 42.647561537669525 
75.0 0.0 59.30615811387973 
75.0 5.000000000000002 28.126625971981312 
75.0 10.000000000000004 14.38836050604581 
75.0 15.000000000000007 9.068592943217382 
75.0 20.000000000000007 6.187472941405355 
75.0 24.999999999999993 4.544175067038288 
75.0 29.999999999999993 3.6159383920568886 
75.0 34.99999999999999 3.351513480217404 
75.0 40.0 3.8572371891378427 
75.0 45.0 5.277673316770802 
75.0 50.0 7.751141190958604 
75.0 55.00000000000001 11.332284247171131 
75.0 60.00000000000001 15.868777746424657 
75.0 65.00000000000001 20.79834424453903 
75.0 69.99999999999999 24.846003318627453 
75.0 75.0 27.57394538445277 
75.0 80.0 28.46997411013741 
75.0 85.0 13.374769995120166 
80.0 -85.0 10.604142423963197 
80.0 -80.0 24.780296374569158 
80.0 -75.0 27.98489369702703 
80.0 -70.0 31.14458562261171 
80.0 -65.0 34.00194631677339 
80.0 -60.00000000000001 35.596373781223996 
80.0 -55.00000000000001 36.471739277772706 
80.0 -50.0 36.91803012037501 
80.0 -45.0 37.103825420182154 
80.0 -40.0 37.14031770572669 
80.0 -34.99999999999999 37.04346626680863 
80.0 -30.000000000000004 36.78318730233587 
80.0 -25.0 36.28221539459252 
80.0 -20.0 35.346504363754846 
80.0 -14.999999999999996 33.6963990496534 
80.0 -10.000000000000004 31.032831454363592 
80.0 -5.000000000000002 28.659849834532356 
80.0 0.0 40.07511159764953 
80.0 5.000000000000002 19.100762189675223 
80.0 10.000000000000004 9.98095037201868 
80.0 15.000000000000007 6.469962566652982 
80.0 20.000000000000007 4.589499932638806 
80.0 24.999999999999993 3.5332053200595763 
80.0 29.999999999999993 2.952517402501076 
80.0 34.99999999999999 2.8134156318318233 
80.0 40.0 3.186030919367277 
80.0 45.0 4.1664343731098565 
80.0 50.0 5.8470874682674525 
80.0 55.00000000000001 8.264010580716418 
80.0 60.00000000000001 11.314315053428315 
80.0 65.00000000000001 14.617651494378826 
80.0 69.99999999999999 17.307764821717864 
80.0 75.0 19.106133874221772 
80.0 80.0 19.668173452296198 
80.0 85.0 9.226285899585303 
85.0 -85.0 2.7253559120701456 
85.0 -80.0 6.361161334915383 
85.0 -75.0 7.172343570081852 
85.0 -70.0 7.9691312422482055 
85.0 -65.0 8.687896086569655 
85.0 -60.00000000000001 9.085167672688893 
85.0 -55.00000000000001 9.300945970270988 
85.0 -50.0 9.409101172835495 
85.0 -45.0 9.452073760629572 
85.0 -40.0 9.457699529333057 
85.0 -34.99999999999999 9.429796171852356 
85.0 -30.000000000000004 9.360759950390776 
85.0 -25.0 9.23128956776778 
85.0 -20.0 8.992794408662773 
85.0 -14.999999999999996 8.57566932121696 
85.0 -10.000000000000004 7.906655881200218 
85.0 -5.000000000000002 7.31940171532328 
85.0 0.0 10.275316843077716 
85.0 5.000000000000002 4.918029639095302 
85.0 10.000000000000004 2.6153966014117556 
85.0 15.000000000000007 1.7340583735668573 
85.0 20.000000000000007 1.266908801704111 
85.0 24.999999999999993 1.0081971651529333 
85.0 29.999999999999993 0.869484809592973 
85.0 34.99999999999999 0.8421498598849897 
85.0 40.0 0.9437718615437343 
85.0 45.0 1.1986140995647205 
85.0 50.0 1.6301818638012306 
85.0 55.00000000000001 2.247599740709383 
85.0 60.00000000000001 3.0246813175804865 
85.0 65.00000000000001 3.864119675490288 
85.0 69.99999999999999 4.543204392267432 
85.0 75.0 4.994292051332311 
85.0 80.0 5.1292740280438 
85.0 85.0 2.4034358930989033 
