1.0 
0.0 
0.0 
1.0 
1.0 
1.0 
1.0 
0.0 
1.0 
8.23534345466501e-11 
0.0 
1.0 
0.0 
1.0 
1.0 
1.0 
1.0 
1.0 
1.0 
1.0 
1.0 
1.0 
1.0 
1.0 
1.0 
1.0 
1.0 
0.0 
1.0 
0.0 
1.0 
1.0 
1.0 
1.0 
1.0 
1.0 
0.0 
1.0 
1.0 
0.0 
1.0 
0.0 
1.7884186434743935e-11 
1.4931074813851004e-11 
1.0 
1.0 
3.4912572487677984e-12 
1.0 
3.377431854058238e-5 
1.9139706203220173e-6 
0.0 
5.0463617630933635e-5 
1.0 
0.0 
0.0 
1.0 
1.0 
0.0 
0.0 
2.2392522905708657e-5 
0.0 
1.2814948569452888e-11 
1.0 
0.0 
1.0 
0.0 
0.0 
0.0 
0.0 
0.0 
0.6897825175609037 
0.0 
1.0 
4.0646630216880355e-11 
0.0 
1.0 
1.0 
1.0 
1.0 
1.0 
1.0 
1.0 
1.0 
1.0 
1.0 
7.768552036855182e-6 
0.0 
1.0 
0.0 
1.0 
9.626801954383597e-6 
1.593445312318091e-5 
1.0 
1.0 
0.0015052832851596128 
0.0 
0.0 
1.0 
0.0 
0.0 
0.0 
1.0 
1.0 
1.0 
0.0 
1.0 
0.0 
0.0 
1.0 
1.0 
1.5526430245489146e-6 
1.0 
1.0 
1.0 
1.0 
1.0 
1.0 
0.0 
1.0 
0.00461188684564648 
1.0 
1.0 
0.0 
0.0 
1.45621550640199e-11 
6.133179747834723e-11 
1.0 
0.0 
0.8082971633771134 
0.0 
0.0 
0.04861612585634357 
1.0 
1.9831667736578236e-5 
1.0 
1.0 
1.0 
1.0 
1.0 
1.0 
1.0 
0.0 
0.0 
1.9074723907312994e-5 
0.0 
0.0 
1.0 
1.0 
5.38006752080141e-11 
1.0 
0.0 
0.0 
0.0 
1.0 
1.0 
0.0 
0.0 
1.0 
1.0 
0.06901378392170476 
0.0 
0.27706158139620024 
1.0 
1.0 
1.6803497579095017e-12 
0.0 
1.0 
1.0 
1.0 
1.0 
0.0 
0.0 
1.0 
0.0 
1.0 
0.0 
1.0 
0.0 
1.0 
0.0 
1.0 
1.0 
0.0 
1.0 
1.0 
0.0 
1.0 
1.0 
1.0 
0.0 
0.0 
1.0 
1.0 
1.0 
1.0 
1.0 
1.0 
0.0 
0.0 
1.0 
1.0 
0.0 
1.0 
1.0 
0.0 
0.0 
1.0 
1.0 
1.0 
0.0 
0.0 
1.0 
1.0 
4.8750466300356186e-11 
0.0 
0.0 
8.458665792186571e-11 
0.0 
0.0 
6.95813368401955e-6 
2.0980533840210968e-8 
1.0 
2.1262148883339886e-8 
0.0 
1.0 
1.0 
0.00022902763833361513 
1.0 
1.0 
1.0 
0.0 
0.0 
0.0 
0.0 
1.0 
1.0 
0.7692928611639042 
0.0 
1.0 
1.0 
1.0 
0.001357817973608992 
0.0 
0.0 
1.0 
1.4425685770681579e-12 
1.0 
0.0 
0.0 
1.0 
0.0 
1.0 
1.100320907773856e-6 
1.0 
1.4593781707520638e-13 
1.0 
1.0 
0.0 
1.0 
1.0 
1.0 
1.0 
1.0 
1.0 
1.0 
1.0 
4.369011197498925e-14 
1.0 
1.0 
1.0 
0.0015537097712363325 
0.0 
1.0 
1.0 
1.0 
1.0 
1.0 
0.0 
1.0 
1.0 
0.9805680949344384 
1.1236652681533834e-6 
1.0 
0.00010904395250890848 
0.00023993323839018477 
1.0 
1.0 
1.0 
0.00024585338132853605 
0.0 
3.7961901040987635e-7 
0.0 
0.0 
7.152072389793708e-8 
1.0 
1.0 
7.801976746627366e-8 
1.0 
3.628830649893154e-8 
1.0 
3.997148123347474e-8 
1.0 
1.0 
1.0 
1.0 
7.665264183108655e-5 
2.097563741369616e-6 
5.154848877642433e-5 
1.0 
0.0 
1.67635518788877e-5 
1.0 
1.0 
1.0 
2.9688533749283204e-13 
1.0 
1.0 
0.0 
0.0006946557733334675 
0.0 
0.0004123770879336596 
1.0 
0.0 
0.0014941208548452107 
0.0 
1.0 
1.0 
0.0 
1.0 
1.0 
1.0 
1.0 
0.0 
0.0 
1.0 
1.0 
1.0 
1.0 
1.0 
1.0 
0.0 
1.0 
1.0 
1.0 
1.0 
0.010172417505142148 
0.0 
0.005547225533185219 
1.0 
1.0 
1.0 
0.0 
1.0 
1.0 
0.006755445619582065 
0.0 
1.0 
1.0 
0.0 
1.0 
9.450694152411586e-8 
1.0 
1.0 
1.0 
0.0 
0.0 
0.0 
0.0 
1.0 
0.2869612656908105 
7.72445890598748e-12 
1.0 
0.0 
0.0 
1.0 
0.0 
1.0 
1.0 
0.0 
0.0 
1.0 
1.0 
0.0 
0.0 
0.0 
0.0 
0.0 
1.0 
1.0 
0.7442401331329868 
1.0 
0.0 
0.0 
1.0 
0.0 
0.0 
0.0 
0.0 
0.0 
0.0 
0.0 
1.0 
0.0 
1.0 
1.0 
0.0 
1.0 
1.0 
1.0 
0.0 
1.0 
1.0 
1.0 
0.0 
0.007672870642927193 
1.3639082204754183e-5 
1.0 
1.0 
1.0 
1.0 
1.2731694643906217e-11 
1.0 
0.008378409123718273 
1.0 
1.0 
0.0 
1.0 
1.0 
1.0 
1.0 
0.0 
1.0 
0.00015974511222193295 
1.0 
0.0 
0.46898556528924407 
0.0 
0.00010383624110098339 
1.0 
1.0 
0.0 
0.0 
0.010095624925178586 
0.0 
0.002390125687479674 
0.0 
0.0 
0.0 
1.0 
0.0045097018755879716 
0.0 
0.002308459323976057 
1.0 
1.5257881387609425e-11 
0.0 
0.0 
1.0 
1.0 
1.0 
1.0 
0.0 
1.0562442999237653e-11 
1.0 
1.0 
1.0 
1.0 
1.0 
1.0 
1.0 
0.0 
1.0 
0.0 
0.0 
1.0 
1.0 
1.0 
1.0 
1.0 
0.0 
0.0 
0.0 
0.0 
0.0 
0.0 
1.0 
1.0 
7.0178877048971095e-9 
1.0 
4.246775590419091e-6 
0.0 
0.0 
0.0 
1.8977949805933323e-9 
1.0 
1.0 
1.0 
0.0 
3.4110442592689924e-6 
1.0 
1.7030652516272156e-7 
1.0 
0.0 
0.0 
1.0 
0.0 
0.0 
1.0 
1.0 
1.0 
5.761649456516315e-6 
0.0 
1.0 
1.0 
0.0 
1.0 
0.0 
1.0 
1.0 
0.0 
0.0 
1.0 
1.0 
0.0 
0.0 
2.1600018270848242e-7 
1.4068330054197469e-7 
1.0 
0.0 
0.0 
0.0 
1.0 
0.013536992758871736 
0.00032563241128393477 
0.0 
1.0 
0.06272571608762358 
1.0 
1.0 
0.0016014340699892383 
0.0 
0.0 
1.0 
0.00020927638737296988 
1.0 
1.0 
1.0 
0.01002883152896585 
1.0 
0.0 
0.002837808130771759 
1.9630134459068128e-6 
1.2943677260701319e-6 
0.0 
0.0 
1.0 
0.0 
1.0 
1.0 
0.0 
1.0 
5.82591747946318e-7 
1.0 
0.0010198272590072367 
1.0 
1.0 
0.0 
1.0 
1.0 
1.0 
1.0 
0.0 
1.0 
1.0 
1.0 
3.000215436325434e-7 
5.55855001142298e-6 
7.097677515053892e-6 
1.0 
1.0 
4.304112222725346e-5 
0.0 
1.0 
1.0 
1.3079338123625862e-5 
1.0 
1.9921005351504722e-8 
1.0 
1.0 
1.0 
1.857401040884679e-10 
1.0 
0.0 
1.0 
1.0 
1.0 
1.0 
0.0 
1.0 
1.0 
1.0 
1.0 
0.0 
1.0 
1.0 
1.0 
0.0 
0.0 
1.0 
1.0 
1.0 
1.0 
1.0 
1.0 
1.0 
0.0 
1.0 
1.0 
1.0 
1.0 
0.0 
1.0 
1.0 
1.0 
0.0 
1.0 
1.0 
1.0 
0.0144810532896394 
2.36270992061269e-5 
0.0 
1.0 
1.0 
1.0 
0.0 
1.0 
1.0 
1.2954519077723707e-13 
1.0 
0.0 
0.0 
1.0 
1.0 
1.0 
0.0 
1.0 
0.0 
0.0 
1.0 
1.0 
1.0 
1.0 
1.0 
1.0 
1.0 
1.0 
1.0 
1.0 
0.0 
1.0 
1.0 
1.0 
1.0 
1.0 
0.0 
1.0 
1.0 
0.002810717058504663 
1.0 
1.0 
0.0 
1.0 
1.0 
1.0 
0.0 
0.0 
0.00010318881623262786 
1.0 
3.2207173416174866e-6 
1.0 
0.0 
1.0 
2.8457334302442426e-7 
1.0 
1.0 
1.0 
0.0 
0.0 
1.0 
0.008122326689773713 
1.0 
1.0 
4.30326660376674e-7 
0.0 
0.0 
1.0 
0.0 
1.0 
0.0 
0.0 
0.0 
2.676038780044384e-7 
0.0 
0.0 
0.0 
0.0 
0.0 
8.100120309046952e-12 
1.4608529503528515e-7 
1.0 
0.0 
1.0 
1.0 
1.0 
0.0 
0.0 
0.0 
0.0 
0.0 
0.0 
1.0 
1.0 
0.0 
0.0 
1.0 
1.0 
1.0 
0.0 
4.9739023375438687e-14 
0.0 
1.0 
1.0 
0.0 
0.0 
1.0 
0.7064971968596568 
0.0 
1.0 
1.0 
0.0 
0.0 
0.0 
1.0 
1.0 
0.0 
1.0 
0.0 
1.0 
1.0 
1.0 
1.0 
1.0 
1.0 
6.711790453099993e-6 
0.0 
1.0 
1.0 
1.0 
9.168111400426272e-6 
1.0 
1.0 
1.0 
1.0 
0.0 
0.0 
1.0 
1.0 
1.0 
0.0 
1.0 
1.0 
0.0 
1.0 
0.0 
3.635557392210854e-6 
1.0 
0.0 
0.0 
0.0 
1.0 
1.0 
0.0 
4.184749691570248e-13 
0.0 
1.6391413608807474e-10 
9.876728477598911e-11 
1.0 
0.0 
1.0 
1.0 
0.0 
0.0 
1.0 
1.0 
0.0018844237563838497 
1.0 
1.0 
0.0 
1.0 
0.0 
0.0 
0.0 
0.0 
0.0 
1.0 
1.0 
0.0 
0.03863703366985562 
0.0 
1.0 
1.0 
1.0 
0.0 
1.0 
1.0 
0.0 
1.0 
1.0 
0.0 
0.0 
1.0 
1.0 
0.0 
0.004413756426243862 
1.0 
0.0 
6.271803074879003e-9 
0.0 
0.07753771816327937 
1.0 
0.0 
1.0 
6.638874517243097e-9 
1.0 
0.0 
0.0 
1.0 
1.0 
0.0 
0.0005368427088654646 
0.0746844025817958 
1.1313611267413988e-5 
0.0 
0.0 
1.0 
1.0 
1.0 
1.0 
1.0 
1.0 
1.0 
0.0 
1.0 
0.0 
0.0 
1.0 
1.0 
1.0 
1.4254301450905338e-5 
1.0 
0.0 
0.9635431349273944 
1.0 
1.0 
1.0 
1.0 
1.0 
1.0 
1.0 
1.0 
1.0 
3.5393248228323553e-7 
1.0 
1.0 
1.0 
2.2476215238482414e-9 
2.4421328509495313e-7 
1.0 
1.0 
1.0 
1.0 
1.0 
1.0 
1.0 
1.0 
1.0 
0.0 
0.0 
0.0 
0.0 
0.0 
0.0 
0.0 
1.0 
1.0 
0.0 
1.0 
0.014379566561488847 
1.0 
0.0 
1.0 
6.823477044368119e-7 
1.0 
0.0 
1.0 
1.0 
0.0 
1.0 
0.0 
1.0 
0.0 
1.0 
1.0 
1.0 
1.0 
3.6395234340009874e-6 
0.8902139830050042 
9.334164191618858e-7 
1.0 
0.0 
0.0 
1.0 
1.0 
1.0 
0.0 
1.0 
1.0 
0.0 
3.702014125602237e-11 
1.0 
7.647384615462815e-5 
1.0 
1.0 
1.0 
0.0 
0.0 
2.3448814881775724e-6 
1.0 
0.0 
1.0 
1.2762896975064981e-8 
0.0 
0.008654416903265764 
1.0 
4.454601108332527e-6 
0.0 
1.0 
1.0 
1.0 
0.0 
1.0 
1.0 
1.0 
1.0 
1.0 
0.0 
0.0 
0.0 
1.0 
0.0 
1.0 
0.0 
0.0 
1.0 
0.0 
0.0 
0.0 
0.0 
0.0 
0.0 
0.0 
0.0 
0.0 
5.2119887621285094e-5 
1.0 
0.0 
0.0 
1.0 
1.0 
1.0 
1.0 
0.0 
0.0 
1.0 
0.0 
1.0 
0.9317971073134833 
0.0 
1.0 
0.0 
1.0 
0.0 
4.328174500974649e-7 
0.0 
0.0 
1.0 
0.0 
0.0 
1.0 
1.0 
1.0 
0.0 
2.8238595204410483e-8 
1.0 
0.0 
0.0 
5.236650812484592e-5 
0.0 
0.0 
1.0 
1.034361421526398e-7 
1.0 
1.0 
1.0 
1.0 
6.239814627467382e-6 
1.0 
1.0 
1.0 
0.0 
1.0 
1.0 
1.0 
1.0 
3.5655968375873e-6 
1.0 
1.0 
0.0 
0.057692737283116954 
0.0 
1.0 
1.0 
0.0 
0.0 
1.0 
1.0 
1.0 
0.0 
1.0 
1.0 
0.0006562075402711174 
1.0 
0.0 
0.0008670371315782667 
0.0 
1.0 
0.0 
0.0 
1.0 
0.0004286727998339921 
0.0 
0.0 
1.0 
1.0 
0.0 
0.0 
1.0 
1.0 
2.1172140551378338e-8 
0.0 
1.0 
0.0 
1.0 
1.0 
1.0 
1.0 
0.0 
1.0 
0.0 
0.0 
0.0 
1.0 
0.0 
1.2513640955520314e-10 
1.0 
0.0 
1.0 
0.0 
1.0 
0.0 
0.0 
0.0 
1.0 
1.0 
1.0 
1.0 
2.9114152703422413e-5 
1.0 
6.402468562719583e-7 
1.0 
0.0 
0.0 
0.0 
0.0 
1.0 
2.893745818860847e-7 
8.490135406690307e-6 
0.7042698746412978 
0.0 
4.915509812986704e-6 
1.0 
1.0 
8.645772663559974e-6 
0.0 
1.0 
0.0 
1.0 
1.0 
0.0 
9.622815230526049e-9 
1.0 
0.0 
0.0 
1.0 
6.88903088485311e-7 
1.0 
0.0 
8.863529342012395e-6 
1.0 
1.4991090124581183e-7 
0.0 
1.0 
0.0 
0.0 
0.0 
1.0 
1.0 
0.0 
0.0 
1.0 
0.0 
1.0 
0.0 
0.02341687344348699 
1.0 
0.0 
2.7426664406567027e-9 
0.0011236693157859958 
0.0 
0.0 
1.0 
0.0 
1.0 
0.0 
1.0 
7.673890746580305e-6 
0.0 
0.0 
0.0 
1.0 
1.0 
0.00032583773611762973 
1.0 
1.0 
1.0 
1.0 
0.0 
0.0 
1.0 
1.0 
0.0 
0.0 
0.0 
1.0 
1.0 
1.0 
1.0 
1.0 
2.131136657759442e-6 
1.0 
1.0 
0.0 
1.0 
1.0 
1.0 
0.0 
1.0 
1.0 
1.0 
1.0 
1.0 
0.0 
1.0 
0.0 
0.0 
0.0 
1.0 
1.0 
1.0 
1.0 
1.0 
1.0 
0.0 
1.0 
0.0 
0.0 
1.0 
1.0 
0.0 
1.0 
1.0 
1.0 
0.0 
1.0 
1.0 
0.0 
1.0 
0.0 
0.0 
1.0 
1.0 
0.0 
1.0 
4.860866373380953e-6 
1.0 
0.0 
0.0 
9.788124599680064e-9 
1.0 
0.0 
1.0 
1.0 
1.0 
0.0 
1.0 
1.0 
1.0 
1.0 
1.0 
1.0 
0.0 
0.0 
1.0 
1.0 
0.0 
1.0 
1.0 
0.0 
1.0 
1.0 
1.0 
0.0 
1.0 
1.0 
0.001538664442886118 
1.0 
1.0 
0.0 
1.0 
1.0 
1.0 
0.0 
0.0 
0.0 
0.0004252134371271638 
1.0 
1.1628694824218184e-8 
1.0 
0.0 
1.0 
1.0 
0.0 
1.0 
0.0 
1.0 
0.0 
0.0 
1.0 
1.0 
0.0 
1.0 
1.0 
1.0 
1.0 
1.0 
1.0 
0.9997333177083711 
0.0 
1.0 
1.0 
0.0 
2.465444489824241e-8 
0.0 
1.0 
1.0 
1.0 
1.0 
0.0 
0.0 
1.0 
1.0 
0.0 
0.0 
0.0 
1.0 
1.0 
0.0 
0.0 
1.0 
1.0 
5.490514408140866e-7 
1.0 
1.0 
0.0 
0.0 
1.0 
1.0 
3.414298604507442e-12 
1.0 
1.2132594724296738e-6 
1.0 
1.0 
0.0 
1.0 
1.0 
1.0 
1.0 
1.0 
1.0 
1.0 
1.0 
0.0 
1.0 
0.0 
1.0 
0.0 
0.029790901836026208 
1.0 
1.0 
0.0 
0.0 
2.2402949725387137e-11 
1.5849086602177148e-5 
1.0 
0.0 
1.0 
1.6120431851942847e-11 
1.0 
1.0 
0.0 
1.0 
0.007376052953810392 
1.0 
1.0 
1.0 
1.0 
1.0 
0.0 
1.0 
1.1155700367418444e-10 
1.0 
1.0 
1.0 
1.0 
6.349117008311608e-7 
1.9335727535859157e-6 
1.0 
3.0893077129216936e-6 
1.0 
2.0196093183223703e-7 
0.0 
1.0 
1.0 
1.0 
0.0 
1.0 
0.0 
1.0 
1.0 
1.0 
1.0 
1.0 
0.0 
1.0 
1.0 
1.0 
1.0 
1.0 
1.0 
1.0573221045198408e-6 
1.0 
1.0 
0.0 
1.0 
0.0 
1.0 
1.0 
1.0 
1.0 
0.0 
1.0 
1.0 
0.0 
1.0 
1.0 
1.0 
1.0 
0.0 
1.0 
1.0 
1.0 
0.0 
1.0208880770563313e-5 
7.903097619245441e-6 
1.0 
1.0 
1.0 
1.0 
1.0 
1.0 
1.0 
1.0 
0.0 
1.0 
1.0 
1.0 
0.0 
1.0 
1.0 
0.0 
1.0 
1.0 
1.0 
1.0 
1.0 
0.0 
6.8839413090739746e-9 
1.0 
1.0 
1.0 
1.0 
1.0 
0.0 
1.0 
1.0998304573560632e-5 
1.0 
0.0 
0.0 
1.0 
1.0 
0.0 
1.0 
1.0 
1.0 
1.0 
0.0 
1.0 
1.0 
1.0 
1.0 
1.0 
1.0 
1.0 
0.0 
1.0 
0.0 
0.0 
1.0 
1.0 
1.0 
1.0 
1.0 
0.0 
1.0 
1.0 
9.92398713508614e-9 
1.0 
1.0 
0.0 
1.0 
1.0 
0.0 
0.0 
0.0 
6.579976430600937e-9 
1.0 
0.0 
1.0 
1.0 
1.0 
1.0 
0.0 
1.0 
1.0 
0.0 
1.0 
1.0 
1.0 
0.0 
1.0 
1.0 
1.0 
1.0 
0.0 
1.0 
7.543734550809675e-11 
0.004332652824982752 
1.0 
1.0 
1.0 
1.0 
1.0 
1.0 
1.0 
0.0 
1.0 
1.0 
1.0 
1.0 
1.0 
0.0 
0.0 
1.0 
1.0 
1.0 
0.0 
1.0 
1.0 
1.0 
1.0 
1.0 
1.0 
1.0 
0.0 
1.0 
1.0 
1.0 
1.0 
0.0 
1.0 
1.0 
1.0 
9.388389992066907e-10 
1.0 
1.0 
1.0 
0.0 
0.0 
0.0 
0.0 
1.0 
1.0 
1.0 
0.0 
1.0 
1.0 
0.0 
0.0 
1.0 
1.0 
0.0 
1.1591549077279983e-8 
1.0 
1.0 
0.0 
1.0 
1.0 
1.0 
1.0 
1.0 
1.0 
0.0 
4.860293323131224e-9 
0.0 
1.0 
1.0 
1.0 
1.0 
0.0 
0.0 
1.0 
1.0 
1.0 
1.0 
1.0 
0.0 
0.0 
0.0008071543961712944 
1.0 
0.0 
1.0 
1.0 
1.0 
1.001939908196412e-10 
1.0 
0.0 
0.0 
0.0 
1.0 
0.0007823033686141117 
0.0 
1.0 
1.0 
1.0 
1.0 
1.0 
1.0 
0.0 
0.0 
1.0 
4.1213396128274305e-11 
1.0 
1.0 
1.0 
0.0 
1.0 
0.0 
1.0 
0.0 
1.0 
0.0 
0.0 
1.0 
1.0 
0.0 
1.0 
1.0 
0.0 
6.077280270305706e-6 
1.0 
0.0 
0.0 
1.0 
5.323856192168966e-11 
1.0 
1.0 
1.0 
1.0 
1.0 
1.0 
1.0 
1.0 
0.0 
1.0 
0.0 
0.0 
1.0 
1.0 
1.0 
1.0 
0.0 
0.0 
1.0 
0.0 
0.0 
1.0 
1.0 
1.0 
1.0 
0.0 
1.0 
1.0 
9.01396520132151e-9 
1.0 
1.0 
1.0 
0.0 
1.0 
0.0 
0.0 
1.0 
1.0 
0.0 
1.0 
1.0 
0.0 
1.0 
1.0 
0.0 
1.0 
1.0 
1.0 
1.0 
1.0 
1.0 
1.0 
0.0 
1.0 
1.0 
1.0 
1.0 
1.0 
1.0 
5.4502078278036755e-6 
1.0 
0.0 
0.0 
0.0 
0.0 
1.0 
1.0 
0.0 
1.0 
1.0 
0.0 
0.0 
0.0 
0.0 
1.0 
0.00011688176189772839 
0.0 
0.0 
0.0 
0.0 
1.0 
1.0 
1.0 
1.0 
0.0 
0.0 
0.0 
1.0 
1.0 
1.0 
1.0 
1.0 
0.0 
1.0 
1.0 
0.0 
1.0 
0.0 
1.0 
0.0 
0.0 
1.0 
0.003790988967017557 
1.0 
1.0 
0.0 
0.0 
0.006845512730541795 
1.0 
0.0 
1.0 
1.0 
1.0 
0.0 
1.0 
1.0 
1.0 
1.0 
7.30970966834143e-9 
0.0 
0.0007542738587687474 
1.0 
0.0 
0.0 
0.0 
1.0 
0.0 
0.0 
1.0 
1.0 
9.208924749879859e-6 
0.0 
0.0 
1.0 
1.0 
1.0 
1.0 
0.0 
1.0 
1.0 
1.0 
1.0 
1.0 
1.0 
0.0 
1.8154241733267172e-12 
1.0 
1.0 
1.0 
1.0 
0.0 
1.0 
0.0 
0.0 
0.0 
1.0 
0.0 
1.0 
1.0 
0.0 
0.0 
1.0 
0.0 
1.0 
0.0 
1.0 
1.0 
1.0 
1.0 
1.0 
1.0 
0.0 
2.3825334624511202e-8 
0.0 
0.0 
0.0 
0.0 
3.5250664320802477e-10 
1.0 
8.767978458825018e-10 
1.0 
1.0 
0.0 
0.0 
0.0 
1.0 
1.0 
0.0 
0.0 
0.0 
0.0 
0.0 
1.0 
1.0 
1.0 
1.0 
0.004348345307183641 
1.0 
1.0 
1.0 
0.0 
1.0 
1.0 
1.0 
0.0 
1.0 
1.0 
1.0 
1.0 
0.0 
1.0 
1.0 
1.0 
1.0 
1.0 
0.00014890093857393674 
0.0 
0.0 
1.0 
1.0 
1.0 
1.0 
1.0 
1.0 
0.01192953539782034 
0.0 
1.0 
6.297008748063782e-6 
0.6961604215213114 
1.0 
1.0 
1.0 
1.0 
0.0 
1.0 
1.0 
1.0 
0.7381136735037089 
0.0 
0.0 
1.0 
1.0 
0.0 
1.0 
1.0 
0.0 
1.0 
1.0 
0.008996850628404005 
1.0 
1.0 
1.0 
0.0 
1.0 
0.0 
1.0 
0.00015256082635381368 
0.0 
1.0 
1.0 
0.0 
0.7920038147963587 
0.0 
1.0 
0.0 
0.0 
0.0 
0.0 
0.0 
1.0 
0.0 
0.0 
1.0 
1.0 
1.4800942320354292e-5 
0.0 
1.0 
1.0 
1.0 
1.0 
1.0 
1.0 
0.0 
0.004839029878149465 
0.0 
2.601547348916536e-9 
1.0 
1.0 
1.0 
1.0 
1.0 
0.0 
0.0 
1.0 
1.0 
1.0 
0.0 
0.0015612456266470575 
1.0 
1.0 
2.914336478245988e-7 
1.0 
1.0 
1.0 
0.0 
1.0 
0.0 
0.0 
0.0 
0.0 
0.003349295957555632 
4.1712388196557575e-10 
1.0 
1.0 
1.0 
1.0 
1.0 
1.0 
1.0 
0.0 
0.0 
0.0 
1.0 
1.0 
1.0 
0.0 
1.0 
0.0 
1.0 
1.0 
0.0 
1.0 
1.0 
1.0 
0.0 
0.0 
1.0 
1.0 
4.39703149224165e-9 
0.0 
0.0 
0.0010069437069705966 
0.0 
1.0 
1.4580991488570068e-7 
0.0 
0.06163066751971902 
1.0 
1.0 
0.0009289228963089596 
1.0 
1.0 
1.0 
3.4216517860097377e-7 
1.0 
1.0 
1.0 
1.740668396429334e-5 
0.0 
1.0 
1.0 
1.0 
0.0 
4.674363613484509e-10 
1.0 
1.0 
0.0 
1.0 
0.00720929107407152 
1.0 
1.0 
0.0 
1.0 
1.0 
0.0 
0.0 
0.0 
1.0 
1.0 
0.0 
1.0 
0.0 
1.0 
1.0 
0.0 
1.0 
1.0 
0.17960587448629686 
1.0 
1.0 
1.0 
0.0 
0.0 
1.0 
1.0 
0.0 
1.0 
1.0 
0.0 
1.0 
0.0 
1.0 
0.0 
1.7582385379861056e-7 
0.01246993924216348 
1.0 
1.0 
1.0 
1.0 
0.011785001670639603 
1.073344409718519e-10 
1.0 
1.0 
1.0 
0.0 
1.0 
0.0 
1.9631508966871774e-5 
1.0 
1.0 
0.0 
1.0 
1.0 
0.0 
1.0 
0.0 
8.676042361682851e-6 
1.0 
1.0 
1.0 
0.00059872412228574 
1.0 
0.0 
1.0 
0.0 
1.0 
1.0 
1.0 
1.0 
1.0 
1.0 
1.0 
0.0 
0.0 
1.0 
6.484374984818242e-8 
0.0 
0.0 
0.0 
1.0 
1.0 
1.0 
8.300581917116793e-11 
1.0 
0.0 
1.0 
0.0019024956571296382 
0.0 
0.0 
1.0 
1.0 
0.0 
1.0 
1.0 
1.0 
1.0 
1.0 
1.0 
1.0 
0.0 
0.0 
0.0 
1.0 
1.628004105350808e-5 
1.0 
1.0 
0.0 
1.0 
0.0 
0.0 
1.0 
1.0 
1.0 
1.0 
1.0 
1.0 
1.0 
0.0 
1.0 
0.0 
3.432572030760656e-5 
1.0 
1.0 
1.0 
0.0 
0.011145045782607268 
1.0 
1.0 
1.0 
1.0 
1.0 
1.0 
1.0 
0.0 
6.164101124073367e-10 
0.0 
1.0 
1.0 
1.0 
1.0 
1.0 
0.030983281045449965 
1.0 
1.0 
1.0 
1.0 
1.0 
1.0 
1.0 
1.0 
0.0 
3.5060985967822063e-10 
1.0 
0.0 
1.0 
1.2539939569010902e-6 
1.0 
1.0 
1.0 
0.0 
0.00012268008446887144 
1.0 
0.6151421035976713 
1.0 
6.914007872100002e-5 
1.0 
1.0 
1.0 
1.0 
1.0 
1.0 
1.0 
1.0 
0.0 
2.3781807884041023e-8 
1.0 
1.0 
1.0 
0.0 
1.0 
1.0 
1.0 
1.9529543868749334e-7 
0.0 
1.0 
1.0 
1.0 
1.0 
4.789190428780459e-5 
1.0 
1.0 
1.0 
7.163103171667385e-6 
1.0 
0.0 
1.0 
0.0 
0.0 
1.0 
0.0 
0.0 
1.0 
1.0 
0.0 
0.0 
1.0 
0.0 
1.0 
1.0 
1.0 
1.0 
0.0 
0.0 
1.0 
0.0 
1.0 
1.0 
0.0 
8.585563875883743e-6 
1.0 
1.0 
1.0 
1.0 
1.0 
1.0 
0.0 
0.0 
0.0 
1.0 
1.0 
1.0 
1.0 
1.0 
1.0 
1.0 
0.0 
0.0005641331066150712 
0.0 
1.0 
1.0 
1.0 
0.0 
1.0 
3.697287231922563e-9 
1.0 
0.0 
0.0 
1.0121439681925186e-7 
1.0 
0.0 
1.0 
1.0 
1.0 
1.0 
0.0 
1.0 
8.295186039891183e-9 
0.00012006946569102336 
1.0 
0.007500858176784211 
1.0 
1.0 
1.0 
1.0 
1.0 
1.0 
0.0 
0.0 
0.0 
3.5124631731833366e-8 
1.0 
0.0 
0.0 
1.0 
1.0 
1.0 
0.0 
1.0 
1.0 
1.0 
0.0 
1.0 
1.694110462584914e-8 
1.0 
1.0 
1.0 
1.0 
0.0 
1.0 
1.0 
0.0 
0.0 
1.0 
0.0 
0.01128610520250145 
0.0 
0.0 
1.0 
0.0 
1.0 
1.0 
0.0 
0.0 
1.0 
1.0 
0.009786512437477739 
1.0 
0.00043051829334200223 
0.0 
1.0 
1.0 
0.0 
1.0 
1.0 
1.0 
0.0 
8.458370917560254e-10 
1.0 
1.0 
0.0 
0.0 
1.0 
2.695190371953503e-11 
0.0 
0.0 
1.0 
0.0 
0.9377479251265882 
0.0 
1.0 
1.0 
1.0 
1.0 
1.0 
1.0 
0.0 
1.0 
1.0 
1.0 
0.0 
1.0 
0.0 
1.0 
1.0 
1.0 
1.0 
1.0 
0.0 
1.0 
1.0 
1.0 
0.017559419629898425 
0.0 
1.0 
5.405068292317641e-11 
0.0 
1.0 
1.0 
1.0 
0.0 
1.0 
0.0 
0.0 
0.004557541287446503 
1.0 
0.0 
0.01518910913897047 
0.0 
1.0 
0.0 
1.0 
1.0 
0.21317427120961055 
1.0 
1.0 
1.0 
1.0 
0.0 
1.0 
0.0 
1.0 
0.0783684663326017 
1.0 
1.0 
1.0 
1.0 
1.0 
1.0 
1.0 
1.0 
1.6859235428061323e-8 
1.0 
1.0 
0.043346432639586784 
1.4423374817131501e-8 
1.0 
1.0 
1.0 
1.0 
7.221188890096783e-8 
0.0 
1.0 
1.0 
0.0 
1.0 
1.0 
0.28459200010337193 
1.0 
1.0 
0.0 
1.0 
1.0 
1.0 
0.0 
1.0 
0.0 
1.0 
1.0 
0.0 
4.559762920155843e-9 
1.0 
1.0 
0.7975060721316296 
1.0 
1.0 
1.0 
1.0 
1.0 
1.0 
1.0 
1.0 
0.0 
1.0 
1.0 
0.0 
1.0 
1.0 
1.0 
0.00025381714039074985 
0.0 
0.0 
0.0 
1.0 
0.0 
1.0 
1.0 
0.0 
1.0 
1.0 
1.0 
0.0 
0.0 
1.0 
0.0 
1.0 
1.0 
0.0 
0.0 
1.0684294748681227e-7 
0.0 
1.0 
0.0 
1.0 
1.0 
1.0 
1.0 
0.0 
1.0 
1.0 
1.0 
1.0 
1.0 
1.0 
1.0 
0.0 
1.0 
1.0 
1.0 
1.0 
1.0 
0.0 
1.0 
0.3708750711583705 
0.0 
0.0 
1.0 
1.0 
0.0 
0.0 
0.0 
1.0 
1.0 
0.0 
1.0 
0.27606001002628977 
1.0 
1.0 
0.0 
1.0 
0.03238079254999046 
1.0 
1.0 
0.0 
0.0 
1.0 
0.0 
0.0 
1.0 
1.0 
1.0 
0.0 
0.0 
8.764348291305925e-8 
1.0 
1.0 
1.0 
0.0009268649705729693 
0.0 
0.0 
1.0 
1.0 
0.0 
1.0 
9.723029120463955e-8 
0.0 
1.0 
1.0 
0.0 
0.0 
1.0 
0.0 
1.0 
1.0 
1.0 
0.0 
0.0 
0.0 
1.0 
1.0 
1.0 
0.0 
1.0 
1.0 
1.0 
1.0 
1.0 
1.0 
0.0 
1.0 
1.0 
0.0 
1.0 
0.0 
1.0 
1.0 
1.0 
1.0 
1.0 
1.0 
1.0 
0.0 
1.0 
1.0 
1.0 
0.0 
0.0 
1.0 
1.0 
1.0 
1.0 
1.0 
1.0 
1.0 
0.0 
1.0 
1.0 
1.0 
0.031967471448653584 
1.0 
1.0 
1.0 
1.0 
1.0 
1.0 
1.0 
1.0 
7.202547592772966e-9 
0.0 
1.0 
1.0 
1.0 
1.0 
1.0 
0.0 
1.0 
1.0 
0.0 
1.0 
0.004774424293203618 
0.0 
1.0 
0.0 
1.0 
1.0 
1.0 
0.0 
1.0 
2.433339657935164e-5 
0.0 
1.0 
0.0 
1.0 
0.0 
1.0 
1.0 
1.0 
1.0 
1.0 
1.0 
1.0 
0.005234417692402205 
1.0 
1.0 
1.0 
0.0 
0.002210735199842238 
1.0 
1.0 
1.0 
1.0 
1.0 
1.0 
1.0 
1.0 
1.0 
1.6010198744541017e-8 
1.0 
4.5799628769991476e-8 
1.0 
1.0 
0.630951721775391 
0.0 
1.0 
1.0 
1.0 
0.000893482094015965 
5.090804973500603e-10 
1.0 
1.0 
1.0 
1.0 
1.0 
0.0 
1.0 
0.0 
1.0 
1.0 
1.0 
1.0 
1.0 
0.0 
1.0 
1.0 
0.0 
1.0 
1.0 
1.0 
1.0 
1.0 
1.0 
1.0 
1.0 
1.0 
0.0 
1.0 
1.0 
0.012405040411954867 
1.0 
1.0 
0.0 
1.0 
1.0 
1.0 
1.0 
1.0 
1.0 
1.0 
1.0 
0.010522681708275753 
1.0 
1.0 
0.0 
1.0 
1.0 
1.0 
1.0 
1.0 
0.0 
1.0 
1.0 
0.0 
1.0 
1.0 
1.0 
1.0 
0.0 
0.0 
1.0 
1.0 
3.629609681942805e-5 
1.0 
0.0 
0.0012135758093052393 
1.0 
0.0 
1.0 
1.0 
1.0 
1.0 
1.0 
1.0 
1.0 
1.0 
1.0 
0.0 
1.0 
0.0 
0.0 
1.0 
0.0 
1.0 
0.0 
1.0 
7.223265396148593e-7 
0.0 
0.9993330370909445 
1.0 
1.0 
1.0 
1.0 
0.7827220998771764 
0.0 
0.0 
0.0 
1.0 
1.0 
0.0 
0.0 
1.0 
0.0 
1.0 
8.638588580257718e-9 
8.899594177364867e-8 
1.0 
1.0 
1.0 
1.0 
1.0 
1.0 
1.0 
1.0 
1.7297066414092221e-6 
1.0 
1.0 
0.0 
1.0 
1.0 
1.0 
1.0 
1.0 
1.0 
1.0 
1.2515549227944426e-5 
1.0 
1.0 
1.4344690287959458e-5 
1.0 
1.0 
1.0 
1.0 
1.0 
0.0 
0.0 
0.0 
1.0 
4.8865482258926106e-5 
1.0 
8.413825742157701e-5 
0.00018044426948466108 
0.0 
1.0 
1.0 
0.0 
3.023196065522366e-5 
1.0 
1.0 
1.0 
1.0 
0.0 
1.649991266677545e-7 
1.0 
1.0 
1.0 
0.0 
0.0 
1.0 
0.0 
2.9835070421388496e-5 
1.0 
1.0 
1.0 
1.0 
0.0 
0.0 
1.0 
1.0 
1.0 
1.0 
1.0 
0.0 
1.0 
1.0 
1.0 
5.372014198151427e-15 
1.0 
1.0 
0.0 
1.0 
1.0 
0.0 
1.0 
1.0 
1.0 
1.0 
1.0 
0.0 
0.0 
0.0 
1.0 
1.0 
0.0 
1.0 
1.0 
0.0 
1.0 
0.0 
8.04199494020139e-13 
1.0 
1.0 
0.0 
0.0 
1.0 
0.0 
1.0 
1.0 
1.0 
0.003321932431931687 
1.0 
1.0 
1.0 
1.0 
1.0 
0.0 
6.535240614965806e-5 
1.0 
0.0 
0.010664696620694367 
1.0 
1.0 
1.0 
1.7705355535621394e-14 
1.0 
1.0 
0.0 
0.0 
1.0 
1.0 
0.0 
1.0 
1.0 
0.000538864668795863 
1.0 
1.0 
1.0 
0.0 
1.0 
1.0 
1.0 
9.032273323855496e-13 
1.0 
0.00039392564605539727 
0.0 
1.0 
1.0 
1.0 
0.0 
1.0 
1.0 
1.0 
0.0014788228038981749 
1.0 
1.0 
1.0 
1.0 
1.0 
0.0 
1.0 
1.0 
1.0 
1.0 
1.0 
1.0 
1.0 
1.0 
1.0 
1.0 
1.0 
1.0 
1.0 
0.0 
0.0 
1.0 
1.0 
1.0 
1.0 
1.0 
0.0 
1.0 
1.0 
0.0 
1.0 
1.0 
1.0 
1.0 
1.0 
1.0 
1.0 
1.0 
0.0 
1.0 
0.0 
0.0 
1.0 
1.0 
1.0 
0.0 
1.0 
1.0 
1.0 
1.0 
1.0 
1.0 
0.0 
1.0 
1.0 
1.0 
1.0 
1.0 
0.00011097653995845257 
0.0 
1.0 
1.0 
1.0 
1.0 
1.0 
1.0 
1.0 
1.0 
0.0 
0.0 
1.0 
0.0 
1.0 
1.0 
1.0 
1.0 
1.0 
1.0 
1.0 
1.0 
1.0 
1.4604756600764197e-15 
0.0 
0.0 
1.0 
0.0 
1.0 
1.0 
1.0 
1.0 
0.0 
1.0 
1.0 
0.0 
6.583123329088291e-5 
1.0 
1.0 
1.0 
1.0 
1.0 
1.0 
1.0 
1.0 
1.0 
0.0 
1.0 
1.0 
1.0 
1.0 
1.0 
1.0 
1.0 
1.0 
1.0 
0.0 
2.994769971242133e-9 
1.0 
1.0 
1.0 
0.0 
1.0 
7.152938282169771e-10 
1.0 
1.0 
1.0 
0.0 
1.0 
1.805954011445029e-10 
1.0 
0.0 
1.0 
1.0 
1.0 
1.0 
1.0 
1.217542806589479e-8 
0.0 
1.0 
1.0 
1.0 
0.008174673117784014 
0.0 
0.0 
1.0 
1.0 
1.0 
1.0 
1.0 
0.0 
0.0 
0.0008715807627811571 
0.025547547111528245 
1.0 
0.0 
4.421091969777396e-7 
0.0 
1.0 
1.0 
1.0 
1.0 
0.0 
0.0 
1.0 
1.0 
1.0 
1.0 
0.0 
2.1956462507232554e-13 
1.0 
0.0 
1.0 
0.0 
1.0 
3.62523284711291e-12 
0.00019269237680262237 
0.0 
0.0 
1.0 
0.0 
0.0 
1.0 
1.0 
1.0 
0.0 
1.0 
1.0 
0.0 
1.0 
9.880227935698195e-8 
1.0 
1.0 
0.0 
1.0 
1.0 
1.0 
1.0 
1.0 
0.0 
1.0 
1.0 
1.0 
0.0 
1.0 
0.0 
1.0 
1.0 
0.0 
1.0 
1.0 
0.661387862651631 
1.0 
1.0 
0.0 
5.856713883821688e-12 
1.0 
1.0 
1.0 
0.0 
1.0 
1.0 
1.0 
1.0 
1.0 
1.0 
1.0 
1.0 
1.0 
0.0 
1.0 
0.0 
1.0 
1.0 
8.01723208969609e-5 
0.12977196014231518 
1.0 
1.0 
0.0 
0.0 
1.0 
1.0 
1.0 
0.0 
1.0 
1.0 
1.0 
1.0 
1.0 
1.0 
1.0 
1.0 
1.0 
1.0 
1.0 
1.0 
1.0 
0.0 
1.0 
0.0 
1.0 
1.0 
1.0 
0.0 
4.924763851551451e-9 
1.0 
1.0 
1.0 
1.0 
1.0 
1.0 
1.0 
1.0 
1.0 
1.0 
1.0 
0.0 
1.0 
1.0 
1.0 
1.0 
5.5696604212736045e-11 
1.0 
1.0 
0.0 
1.0 
0.0 
0.7620497572023224 
1.0 
1.0 
8.415152512678894e-5 
0.0 
0.0 
1.0 
1.0 
0.0 
0.0 
1.0 
0.0 
0.0 
1.0 
0.0 
1.842827266042809e-5 
0.0007805864199657828 
1.0 
0.0 
3.5261369038688116e-7 
0.0 
1.0 
1.0 
1.4950554581924434e-6 
1.0 
1.0 
0.0 
0.058681912437109365 
0.0 
0.7090361617276556 
0.0 
1.0 
0.0 
1.0 
0.0 
0.08980521408403595 
1.0 
8.7342153102097e-8 
3.004322725121886e-6 
0.0 
1.0 
1.0 
1.0 
1.0 
1.0 
1.0 
0.0 
1.0 
1.0 
1.0 
0.0 
1.0 
0.0038907855690354237 
1.0 
1.0 
1.0 
0.19092252095382256 
1.0 
1.0 
1.0 
1.0 
1.0 
1.0 
2.5930055357574302e-8 
0.0 
1.0928478701281603e-8 
1.0 
0.0 
1.0 
1.0 
0.0 
0.0 
0.0 
1.0 
1.0 
1.0 
0.0 
0.0 
0.12772477045534686 
1.0 
1.0 
1.0 
0.0 
1.0 
1.0 
1.0 
1.0 
0.0 
3.7048164804287527e-10 
0.0 
1.0 
0.0 
1.0 
1.0 
1.0 
1.0 
1.0 
0.0 
1.0 
0.0 
0.0 
0.0 
1.0 
0.0018104121575325182 
0.0 
0.0 
0.0 
1.0 
1.942951075672238e-8 
1.0 
0.0032682398904801905 
0.0 
1.0 
0.0 
0.0 
1.0 
1.0 
1.0 
1.0 
1.0 
0.0 
2.512170271243942e-5 
1.0 
1.0 
1.0 
4.300592994122981e-8 
1.0 
1.0 
0.0 
1.0 
0.0 
1.0 
1.0 
6.303056408664243e-7 
0.0 
0.0 
0.0 
0.0 
7.345710996317142e-5 
1.0 
0.0020626999385878583 
0.0 
1.0 
1.0 
1.0 
1.0 
5.122933784091871e-8 
1.0 
1.0 
1.0 
1.0 
1.0 
1.0 
1.0 
7.65750705010647e-8 
1.0 
1.0 
1.0 
0.0 
0.7415366042475151 
0.0 
8.668293799589382e-9 
1.0 
1.0 
0.0 
3.4435940028513574e-7 
1.0 
0.0 
1.0 
1.0 
0.6346755293435691 
1.0 
1.0 
1.0 
1.0 
1.0 
1.0 
0.0 
1.0 
1.0 
1.0 
1.0 
3.805333266769838e-9 
0.0 
0.004854814373495166 
4.803071458673238e-9 
4.182564099161991e-7 
0.00021553088653581486 
1.468692391389388e-11 
1.1515196759800444e-7 
0.0 
2.8926836226313044e-10 
3.220101970780175e-5 
1.0 
6.093182276415792e-8 
1.0 
0.0 
1.0 
1.0 
2.406608473161807e-7 
1.0 
1.0 
0.0 
1.0 
1.0 
1.0 
1.0 
1.0 
0.0 
0.0 
1.9771289351015323e-6 
1.0 
7.780083512855032e-11 
1.0 
1.0 
1.0 
0.012027570035439607 
3.8140593552068015e-6 
1.0 
0.0 
1.0 
1.0 
1.0 
1.0 
1.0 
1.0 
1.0 
1.0 
1.0 
0.0 
1.0 
1.0 
1.0 
1.0 
1.0 
1.0 
1.0 
1.0 
1.0 
1.0 
0.0015406014709124156 
1.0 
1.0 
1.0 
1.0 
1.0 
1.0 
0.0018663839831076995 
1.0 
0.040114698693069814 
1.0 
0.0 
1.0 
1.0 
1.0400682373666396e-9 
1.0 
1.0 
1.0 
1.0 
9.926825809595013e-7 
1.0 
1.0 
4.900522529583776e-7 
5.080674869604912e-14 
1.0 
1.0 
1.0 
0.0 
1.0 
1.0 
1.0 
1.0 
1.0 
1.846963020061692e-7 
1.0 
1.0 
1.0 
0.0007952259697192015 
1.0 
1.0 
1.0 
1.0 
1.0 
1.0 
1.0 
0.0039933378850868576 
1.0 
1.0 
9.676732754643308e-7 
1.0 
1.0 
1.0 
0.0 
1.0 
0.0746450387732751 
1.0 
1.0 
0.00015287081928341026 
1.0 
1.9123824950300684e-9 
1.0 
1.0 
1.0 
1.0 
0.00045971215700247735 
0.0 
1.0 
1.0 
0.319561939390025 
1.0 
1.0 
6.002585954224208e-7 
0.0 
1.0 
1.0 
1.0 
1.0 
1.0 
3.7101548177119966e-11 
0.0 
1.0 
0.0 
0.0 
1.0 
1.0 
0.0 
1.0 
0.00018535059971609813 
0.0 
1.0 
1.0 
0.0 
1.0 
1.0 
1.0 
0.0 
1.0 
1.0 
0.05625822735738778 
1.0 
0.0 
1.0 
1.0 
1.0 
1.0 
1.0 
0.00533090011082338 
1.0 
0.006526531755280466 
1.0 
1.8828994378198367e-10 
6.102937876890292e-12 
1.0 
1.0 
0.0 
0.6385662775929032 
1.0 
1.0 
0.7319420510316562 
0.0 
1.0 
0.0 
1.0 
0.0 
1.0 
0.0 
1.0 
0.0 
1.0 
1.0 
1.0 
0.0 
0.0 
0.010231628570474844 
1.0 
0.0 
1.0 
1.0 
1.0 
0.0017206914853842186 
0.0 
1.0 
1.0 
1.0 
0.0 
1.0 
0.0 
1.0 
0.0 
1.0 
1.0 
1.0 
1.0 
0.0020003131938049726 
1.0 
1.0 
0.0 
1.0 
0.0 
1.0 
1.0 
0.0017943774068334864 
1.0 
1.0 
0.0 
0.0 
1.0 
0.0 
1.0 
0.0 
1.0 
4.2072537463676883e-8 
0.0 
1.0 
1.0 
0.0 
0.0 
1.0 
1.0 
0.0 
0.0 
3.0608840844880725e-5 
0.0 
1.0 
1.0 
1.0 
1.0 
0.0 
0.0 
1.0 
1.0 
0.0 
0.0 
1.0 
0.0 
1.0 
1.0 
1.0 
1.0 
0.0 
1.0 
0.0 
1.0 
1.0 
1.0 
1.0 
0.0 
0.0 
1.0 
1.0 
1.0 
0.0 
1.0 
1.0 
0.0 
1.0 
0.0 
1.0 
1.0 
3.1631245312314695e-8 
1.0 
1.0 
7.920910127026914e-9 
9.764570999555033e-10 
0.0 
1.0 
0.0 
0.0 
0.0 
0.0 
1.0 
1.0 
1.0 
0.0 
4.2538171116853675e-10 
0.0 
0.0 
0.0 
1.0 
1.0 
1.0 
0.0 
1.0256870549938462e-11 
1.0 
1.0 
1.0 
0.0 
3.144029689490052e-10 
1.0 
1.0 
0.0 
0.0 
1.0 
0.0 
1.0 
0.0 
9.313012277678895e-5 
1.0 
0.0 
0.0 
1.0 
1.0 
6.49081476744336e-12 
7.690497480159006e-10 
1.0 
1.0 
1.0 
0.0 
1.0 
1.0 
1.0 
1.0 
1.0 
1.0 
1.0 
1.0 
0.0 
0.00017234681247506483 
1.0 
0.0 
1.0 
0.011688102477743875 
0.0 
1.0 
3.8679973810282825e-5 
5.418336229114596e-13 
1.0 
1.0 
1.0 
1.0 
1.0 
0.0 
5.194884910652089e-9 
2.2993916318586386e-8 
0.0 
1.0 
8.17552623267605e-5 
0.0002783929495550844 
0.020111024880337385 
0.0 
1.0 
0.00014715851363050132 
0.0 
1.0 
0.0 
0.0 
1.0 
1.0 
1.0 
0.0 
1.0 
1.0 
7.457538373054152e-7 
0.0 
0.0 
0.0 
1.0 
1.0 
0.16967823322569364 
0.0 
1.0 
1.0 
0.0 
1.0 
1.0 
1.0 
0.0 
1.0 
0.0 
0.7469312571436051 
1.0 
1.0 
8.556836301440199e-7 
0.0 
0.0 
1.0 
1.0 
1.0 
5.2478297137147115e-8 
3.320527267556049e-14 
0.0 
1.0 
1.0 
6.518073348551534e-5 
0.0 
1.0 
1.0 
0.0 
1.0 
1.0 
1.0 
1.0 
1.0 
1.0 
1.0 
1.0 
0.0 
0.0 
1.0 
1.0 
5.951519053320693e-12 
1.0 
1.0 
0.0 
0.0 
1.0 
0.0 
0.0 
4.294883006115198e-12 
0.0 
1.0 
1.0 
0.0 
1.0 
0.0 
1.408200395913712e-9 
1.0 
0.0 
1.0 
0.0212085200966073 
1.0 
1.0 
1.149633148600235e-9 
1.0 
0.0 
8.97964020061269e-14 
1.0 
1.0 
1.0 
0.0 
0.0 
1.0 
1.0 
1.0 
1.0 
1.0 
0.0 
1.0 
1.0 
4.2308439590772355e-5 
1.0 
0.0 
1.0 
1.0 
1.0 
0.0 
1.0 
1.0 
0.0 
1.0 
0.0011405124797422396 
1.0 
1.0 
1.0 
0.0 
0.0012138386586573009 
1.0 
1.0 
1.0 
0.0 
0.0 
0.0 
0.0 
1.0 
1.0 
0.0 
1.0 
0.0 
1.0 
1.0 
1.0 
1.0 
1.0 
1.0 
1.1754933525291636e-11 
1.0 
1.0 
0.0 
0.0 
0.0 
1.0 
1.2930001258429976e-9 
1.0 
1.0 
1.0 
1.0 
1.0 
0.0 
1.0 
0.0 
0.0 
1.0 
0.0 
0.0 
1.0 
1.0 
1.0 
1.0 
1.0 
1.0 
1.0 
1.0 
0.0 
1.0 
0.0009130124331599372 
1.0 
0.0 
1.0 
1.0 
1.0 
0.0 
0.0 
1.0 
1.0 
0.0 
1.0 
0.0 
0.0 
1.0 
1.0 
0.0 
1.0 
1.0 
1.0 
1.0 
0.0 
0.0 
0.0 
1.0 
1.0 
0.0 
1.0 
1.0 
1.0 
0.0 
1.0 
1.0 
0.0 
5.289143406519034e-14 
1.0 
0.00016214738700316017 
1.0 
1.382235642902215e-10 
1.0 
5.466038948112888e-5 
1.0 
1.0 
0.0 
0.0 
0.0 
1.0 
1.0 
1.0 
0.0003125417113558387 
2.0511284092328684e-10 
0.0 
1.0 
0.0 
0.0 
0.0 
0.0 
1.2224317186345544e-11 
1.0 
1.0 
1.0 
1.9399342395373433e-7 
1.0 
0.0 
0.0 
6.500095857197398e-9 
1.0 
1.0 
1.0 
1.0 
0.0 
0.0 
0.0 
2.1987342283580406e-9 
1.0 
3.2214301186708224e-5 
1.0 
1.0 
1.0 
1.0 
6.222305083132224e-8 
0.0 
0.0 
0.0 
0.0002568827422649967 
1.0 
1.0 
1.0469901478776245e-9 
0.0 
1.0 
4.036159768031396e-7 
1.0 
1.0225071679625486e-11 
1.0 
1.0 
0.0 
1.0 
1.0 
1.0 
1.0 
1.0 
1.0 
1.0 
0.0 
1.0 
0.0 
0.0 
0.0 
1.0 
0.0 
1.0 
1.0 
1.0 
1.0 
1.0 
1.0 
0.0024389704767711243 
1.0 
1.0 
0.0 
1.0 
0.0 
1.0 
1.0 
1.0 
1.0 
0.0 
0.0 
0.0 
1.0 
0.0 
0.0017880071882965228 
0.0 
0.0 
1.0 
0.0 
0.0 
0.0 
0.0 
1.0 
1.0 
1.0 
1.0 
4.288609292039438e-8 
1.0 
0.0 
0.0 
1.0 
0.0 
1.0 
1.0 
1.0 
1.0 
1.0 
1.0 
0.0 
0.0 
0.0 
0.0 
1.0 
1.0 
1.0 
0.0 
1.0 
0.0 
1.0 
1.0 
2.107478307819148e-8 
1.0 
0.0 
1.0 
0.0 
0.0 
0.0 
0.0 
0.0 
0.0 
1.0 
1.0 
1.0 
0.0 
0.0 
1.0 
1.0 
1.0 
9.546811040718764e-5 
1.0 
0.0003343040071451716 
1.0 
1.0 
0.0 
3.077850686143962e-5 
0.0 
0.0 
2.267747865177288e-9 
0.7811445013466295 
1.0 
1.0 
1.0 
1.0 
0.001144807192700257 
1.0 
1.0 
1.0 
0.0 
0.0 
1.8156835463394673e-9 
0.0 
1.0 
1.0 
1.0 
1.0 
1.0 
0.0 
0.0 
1.0 
1.0 
1.0 
1.0 
0.0 
0.0 
4.500400494883158e-7 
1.0 
0.0 
1.0 
1.0 
6.777716928679002e-12 
0.0 
1.0 
1.0 
1.0 
1.0 
3.5544529130693693e-8 
1.1399110656423764e-7 
0.0 
0.0 
0.0 
1.0 
1.0 
4.945205261855518e-11 
1.0 
0.0 
1.0 
1.0 
0.0 
1.0 
0.0 
1.0 
1.0 
0.0 
1.0 
1.0 
9.155002753494705e-13 
1.0 
1.0 
1.0 
1.0 
0.0 
0.0 
1.0 
0.0 
1.0 
1.0 
0.0 
1.0 
1.0 
1.0 
1.0 
1.0 
1.0 
1.0 
1.0 
1.0 
0.0 
0.0 
0.0 
7.290766675431444e-9 
1.443892095423118e-10 
1.0 
1.0 
1.0 
1.0 
0.0 
0.0 
1.0 
1.0 
1.0 
1.0 
1.5872493772725439e-7 
1.0 
5.4336441773884865e-8 
0.0 
1.0 
1.0 
1.0 
1.0 
1.0 
1.0 
1.0 
0.0019409640116559445 
1.0 
1.0 
1.0 
0.0 
0.0 
1.0 
0.0 
0.0 
1.0481838627941868e-7 
4.9675894700309324e-5 
0.0 
1.0 
1.0 
1.0 
1.0 
1.0 
1.0 
1.0 
1.0 
1.0 
0.47452074038777453 
1.0 
0.0 
1.0 
2.1074877102976678e-10 
1.0 
0.0 
1.0 
0.0 
1.0 
1.0 
1.0 
0.0 
1.0 
0.0 
1.0 
1.0 
1.0 
1.0 
1.0 
1.0 
1.0 
1.0 
0.0 
0.0 
1.0 
0.009996585740507886 
7.354243836225963e-5 
1.0 
1.0 
8.058438121293053e-5 
0.9399527883046663 
1.0 
0.0 
0.0001240231887962231 
0.0 
3.282095557615218e-8 
0.00014560230909821978 
0.0 
1.0 
4.032151187156097e-5 
1.0 
2.0108875635193218e-7 
1.0 
1.0 
1.0 
0.0 
0.0 
3.869949766302709e-7 
1.0 
9.424511518813967e-11 
1.0 
1.0 
1.0 
0.0 
1.0 
0.00018392448766184872 
0.0 
4.6487764515468405e-11 
0.0 
0.0 
1.0 
1.0 
1.0 
1.0 
1.0 
1.0 
0.0 
1.0 
2.8246268237015555e-8 
0.0 
1.0 
1.0 
0.0 
1.0 
0.0 
1.0 
1.0 
1.0 
0.0 
1.0 
1.0 
1.0 
0.0 
0.0 
1.0 
2.3208287781378435e-8 
1.0 
0.0 
1.0 
1.0 
0.0 
0.0 
1.0 
0.0 
0.0 
0.0 
1.918591674268831e-9 
0.0 
2.5897904008265993e-8 
0.0 
0.0 
1.0 
1.5970630163692166e-6 
0.0 
0.0 
1.0 
1.0 
1.0 
0.0 
1.0 
2.321173245962912e-11 
1.0 
2.685707830706688e-5 
1.0 
1.0 
1.0 
1.0 
1.0 
0.0 
0.005425387630183912 
1.0 
1.0 
1.0 
0.0 
1.0 
1.0 
0.0 
1.0 
0.0011398817495845868 
1.2631677187231135e-12 
1.0 
0.0 
1.0 
1.0 
1.0 
3.786996973941337e-11 
1.0 
1.0 
0.0 
2.1135233383356675e-7 
1.0 
4.1610576169379664e-6 
1.0 
1.7637811313723443e-9 
0.0 
2.3459659239622998e-11 
0.0 
3.259034932786951e-6 
1.0 
0.0 
1.0 
1.0 
2.263367956722509e-11 
4.246073074948068e-7 
0.0 
1.0 
1.0 
1.0 
0.0 
1.0 
1.0 
1.0 
1.0 
0.0 
9.663701384553917e-7 
1.0 
1.0 
3.8978333697019214e-5 
1.0 
1.0 
1.0 
1.0 
1.0 
6.410458692472883e-12 
1.0 
1.0 
0.0 
0.0 
0.0 
1.0 
1.0 
1.0 
7.880019757483191e-12 
1.2331535369676559e-11 
1.0 
0.0 
0.0 
0.0 
1.7581693144730435e-8 
0.0 
0.0 
0.0 
0.0 
0.0 
0.0 
8.287370027231373e-7 
1.0 
0.0 
1.616100296032913e-6 
0.0 
0.0 
1.0 
0.0 
1.0 
1.0 
1.0 
1.0 
0.0 
0.0 
0.0 
1.0 
1.0 
0.00042016247701859923 
1.6111340851232807e-10 
6.220689408711741e-12 
1.0 
0.0 
1.0 
2.975465123505994e-13 
1.651764443441262e-7 
0.0 
0.0 
0.0 
1.0 
1.0 
0.0 
0.0 
3.5725736841624744e-7 
2.2772406029874713e-7 
8.271030472662621e-11 
0.02449040286222365 
1.0 
1.0 
0.0 
0.0 
0.0 
1.0 
1.0 
1.0 
0.0 
1.0 
0.001381873334142173 
0.0 
1.576794136088136e-10 
1.0 
1.0 
0.0 
1.0 
0.0 
1.0 
1.0 
1.0 
1.0 
0.0 
0.0 
1.0 
1.0344124850729464e-7 
1.0 
0.0 
1.4931090012174472e-6 
0.0 
1.0 
1.0 
0.0 
0.0 
3.077458183214482e-10 
0.024760205615234298 
2.9385656537647586e-7 
0.0 
1.0 
4.58995806622379e-13 
3.673446519428505e-12 
1.0 
0.0 
0.0 
1.0 
1.0 
1.0 
1.0 
1.0 
1.0 
1.0 
1.265713576406013e-6 
1.0 
1.0 
1.0 
1.0 
0.0 
1.0 
0.0 
1.0 
0.0 
1.0 
0.9999999922515727 
1.0 
7.168941081741511e-7 
0.0 
0.0 
1.0 
1.0 
1.0673837153803757e-8 
1.0 
1.9512359651789436e-11 
1.0 
1.0 
1.0 
1.0 
1.0 
1.0 
1.0 
1.0 
0.0 
1.3936422963218867e-8 
1.0 
0.0 
1.0 
1.0 
0.0 
1.0 
0.0 
1.0 
4.85140345258945e-7 
1.0 
1.0 
1.0 
1.0 
1.0 
1.0 
0.0 
1.0 
0.0 
0.0 
0.0 
1.0 
1.0 
1.0 
1.0 
1.0 
1.0 
0.0 
1.0 
1.0 
0.0 
1.0 
1.0 
0.0 
2.6717267348658926e-10 
1.0 
0.0 
1.0 
1.0 
1.0 
1.0 
1.0 
0.0 
1.0 
1.0 
1.0 
1.0 
0.6375676585884272 
1.0 
6.280382355637647e-13 
1.0 
1.0 
1.0 
1.0 
0.0 
0.0 
1.0 
0.0 
1.0 
1.0 
0.002113570884508935 
1.0 
9.345695515981274e-12 
0.0 
1.0 
1.0 
1.0 
0.07895453271693617 
0.0 
1.0 
1.0 
0.0 
0.0 
1.0 
1.0 
1.0 
1.0 
1.0 
0.0 
1.0 
1.0 
1.281956018795295e-7 
1.0 
0.0 
1.0 
0.0 
1.0 
0.0 
1.0 
1.102773516164473e-14 
1.0 
1.0 
1.0 
1.0 
1.0 
1.0 
6.996960541076245e-11 
1.0 
0.0 
1.0 
0.0 
1.0 
1.0 
1.0 
3.9008076945588795e-7 
0.02507248013234453 
1.0 
1.0 
1.0 
1.0 
1.0 
1.0 
1.0 
0.0 
0.0 
1.0 
1.0 
1.0 
1.0 
0.0 
0.0 
0.0 
0.0 
0.0023812233252127326 
0.0 
6.616529210387207e-13 
9.914383216041924e-12 
9.743921277062143e-6 
1.0 
0.0 
1.0 
0.0 
1.0 
1.0 
0.0 
0.0 
1.5250230528905535e-6 
1.0 
1.0 
1.0 
1.0 
1.0 
0.0 
0.0 
0.0 
1.3032013140046288e-13 
1.0 
1.0 
0.004289767885925669 
1.0 
1.0 
1.0 
1.0 
1.0 
1.0 
7.608201250804513e-8 
0.0 
1.0 
0.0 
0.0027146827093226275 
1.0 
0.0 
0.0 
0.0 
0.0 
1.0 
2.8793634314481825e-11 
1.0 
0.0 
7.032593702840894e-12 
0.0 
0.0 
1.9711606010212303e-5 
1.0 
0.0 
1.0 
1.0 
1.0 
1.0 
0.0 
0.0 
1.6390423677438118e-5 
2.0658082181387142e-7 
1.0 
1.0 
1.0 
1.0 
3.1483572829592594e-7 
1.0 
0.0 
0.0 
1.0 
1.0 
1.0 
0.0 
1.0 
0.0 
0.0 
0.0 
0.0 
6.632654074575324e-12 
1.0 
1.0 
0.0 
0.0 
1.0 
0.0 
1.0 
9.221087281578002e-5 
1.0 
0.0 
0.0 
1.0017406043712942e-8 
1.0 
0.0 
1.0 
0.0 
1.0 
1.0 
0.0 
0.000864479907455407 
0.0 
0.01812676359824155 
1.0 
0.0 
1.0 
1.0 
0.0 
1.0 
0.0 
0.0 
1.0 
1.0 
1.0 
1.0 
0.0 
8.063557366054908e-8 
1.0 
1.0 
0.0 
1.0 
0.0 
1.0 
0.0 
0.0018841215713493733 
1.0 
1.0 
0.0 
0.0 
1.9100654351369098e-8 
0.0 
1.0 
0.0 
0.0 
0.0 
1.0 
1.0 
0.5747330027793 
0.0 
0.0 
1.0 
1.0 
1.0 
1.0 
1.0 
1.0 
0.0 
1.0 
1.0 
0.0 
1.0 
0.0 
0.0 
1.0 
0.0 
0.0 
0.0 
1.0 
0.0 
0.0 
1.0 
1.0 
1.0 
1.0 
1.0 
0.0 
1.0 
1.0 
1.0 
8.319010167279013e-10 
1.0 
0.0 
1.0 
0.00042968732071509586 
1.0 
1.0 
1.0 
1.0 
1.0 
1.0 
1.1152592650748545e-12 
1.0 
3.814712282848875e-10 
1.0 
1.0 
1.0 
0.0 
1.0 
0.0 
1.0 
0.0 
0.0 
0.0 
1.0 
1.0 
1.0 
1.1736321422505343e-9 
0.0 
0.0 
1.0 
1.0 
0.0 
0.0 
0.0 
0.0 
0.0 
0.0 
1.0 
0.0 
1.0 
0.0 
1.0 
0.0 
1.0 
0.0 
0.9843387966839219 
5.735907354756073e-10 
1.0 
0.0 
1.0 
1.0 
1.0 
1.0182006512189134e-9 
1.0 
0.0 
1.0 
2.8160426436431664e-11 
1.0 
1.0 
1.0 
0.0 
0.0 
0.0 
0.0 
0.0 
1.0 
4.372823696502873e-7 
1.0 
0.0 
1.0 
0.0 
1.0 
8.868104896437848e-13 
0.0 
1.0 
3.390347324086066e-7 
1.0 
0.0 
0.0 
0.0 
1.0 
1.0 
0.0 
0.0 
1.0 
1.0 
1.5204156741720028e-7 
1.0 
0.0 
5.4853453877996895e-8 
0.0 
0.0 
1.0 
1.0 
0.0 
0.0 
0.0 
0.0 
0.0 
1.0 
1.0 
1.0 
0.0 
1.0 
0.0 
1.0 
1.0 
1.0 
1.0 
1.0 
0.0 
1.0 
8.127832282712239e-11 
1.0 
1.0 
1.0 
1.0 
1.4826715205427878e-9 
0.0 
1.0 
5.861677938544975e-9 
0.0 
1.0 
1.0 
1.0 
1.0 
0.0 
1.0 
1.0 
0.0 
0.0002127846185504291 
1.0 
7.473758793288518e-12 
1.0 
1.0 
0.0 
1.0 
1.0 
0.0 
1.6945784354788251e-10 
1.0 
1.0 
1.0 
0.0 
0.0 
6.350654840772895e-10 
1.0 
1.0 
1.0 
1.0 
0.0 
0.0 
1.0 
4.635113721014418e-8 
1.0 
1.0 
0.0 
0.0 
1.0 
1.0 
1.0 
1.0 
7.167513020932676e-11 
1.0 
9.010307559100973e-8 
4.877050880095722e-5 
0.0 
1.076331498010368e-9 
0.0 
1.0 
2.750519132970087e-11 
1.0 
1.0 
0.0 
1.0 
0.0 
0.0 
1.0 
5.359592107379241e-12 
1.0 
0.0 
1.0 
0.0 
1.0 
1.0 
0.0 
1.0 
1.0 
1.0 
1.0 
1.0 
1.260435289817354e-8 
0.00013181375489633023 
1.0 
0.0 
0.0 
1.0 
3.936727691361879e-5 
0.0 
1.0 
1.0 
1.0 
0.0 
0.36786114310148377 
0.0 
1.0 
1.0958291989514164e-8 
1.0 
2.152536001339097e-10 
0.0 
0.0 
1.0 
0.0 
1.0 
0.0 
1.0 
1.0 
0.0 
0.5848907057521674 
8.879724039705135e-12 
1.0 
1.0 
1.0 
0.0 
1.0 
0.0 
0.00028931017293194175 
1.0 
9.06529254598562e-8 
1.0 
0.0 
1.0 
1.0 
1.0 
1.0 
0.0 
1.0 
9.571737139245551e-9 
1.0 
0.0 
1.0 
1.0 
1.0 
0.0 
1.0 
1.0 
1.0 
1.0 
1.0 
1.0 
1.0 
1.0 
1.0 
1.0 
1.0 
1.0 
1.0 
0.0 
0.0 
1.0 
1.0 
1.0645976294225931e-11 
1.0 
0.8138745957705547 
0.0 
1.0 
0.0 
1.0 
0.0 
0.0 
1.0 
1.0 
1.0 
0.0 
1.2637270058407943e-9 
1.0 
2.353208413085392e-12 
1.0 
1.0 
1.0 
1.0 
1.0 
1.0 
0.0 
9.498276958516316e-8 
0.0 
1.0 
1.0 
1.0 
1.0 
0.0 
0.0 
2.771819825166814e-8 
1.0 
9.592719834911536e-6 
1.0 
1.0 
1.1744833157376966e-10 
1.0 
1.0 
1.0 
1.3975127395067239e-11 
0.0 
1.0 
1.7793833196304062e-9 
1.0 
1.0 
1.0 
1.0 
0.0 
1.0 
1.0 
1.0 
1.0 
1.0 
1.543380195423758e-5 
1.0 
1.0 
3.114175867162254e-8 
1.0 
1.0 
0.0 
0.0 
1.0 
1.0 
1.0 
1.0 
1.0 
1.0 
1.0 
1.0 
0.0 
1.0 
1.0 
1.0 
4.133749122159736e-8 
0.8126489114243558 
0.0 
1.0 
1.0 
0.0 
3.205490215146187e-12 
0.0 
0.0 
5.25647173242836e-8 
0.0 
5.999293372300112e-11 
1.0 
1.0 
1.7490832334358544e-12 
1.0 
1.0 
0.0 
1.0 
1.0 
0.0 
1.0 
0.0 
1.0 
1.3165758170550276e-12 
1.0 
1.0 
0.0 
1.0 
1.0 
0.0 
0.0 
1.0 
1.0 
1.0 
1.0 
1.0 
1.0 
1.0 
0.0 
4.081775903108774e-9 
0.0 
1.0 
1.0 
0.0 
0.0 
0.0 
1.0 
1.0 
0.0 
1.249185096451215e-9 
3.9716144686745906e-10 
1.0 
2.3479425229840324e-11 
7.574443510462834e-12 
1.0 
1.0 
0.0 
1.0 
0.0 
3.495248473310158e-11 
1.0 
0.0 
1.0 
0.0 
0.0 
1.0 
1.0 
1.0 
1.0 
0.0 
1.0 
2.4927706729095503e-12 
1.0 
1.0 
0.0 
1.0 
1.0 
1.0 
0.0 
1.0 
0.0 
1.0 
1.0 
1.0 
0.0 
1.2541254337462888e-7 
1.0 
0.0 
1.0 
1.0 
1.0 
0.0 
4.266723631164272e-12 
1.0 
1.0 
1.0 
1.0 
1.7969176028833773e-12 
1.0 
0.0 
1.0 
1.0 
1.0 
0.0 
1.0 
1.0 
1.4148233328108302e-12 
1.0 
1.0 
1.0 
0.0 
3.2463346674699493e-12 
1.0 
0.0 
1.0 
1.0 
0.0 
1.0 
1.0 
1.0 
1.0 
0.0 
0.8475170344299856 
1.0 
0.0 
1.0 
4.361517466575237e-12 
0.0 
1.3263831125793987e-12 
0.0 
1.0 
1.0 
4.498259065345363e-13 
0.0 
1.4145956109753147e-9 
1.0 
1.0 
1.0 
1.0 
0.0 
1.0 
0.0 
1.0 
0.0 
1.0 
0.0 
1.0 
0.0 
1.0 
1.0 
1.0 
0.0 
1.0 
0.0 
6.2555914956263965e-12 
0.0 
1.0 
1.0 
1.0 
1.0 
1.0 
0.0 
0.0 
1.0 
1.7357309885818318e-11 
0.0 
0.0 
0.0 
0.0 
1.0 
1.0 
1.0 
1.0 
0.0 
1.0 
0.0 
1.3625336483509128e-7 
0.0 
1.0 
1.0 
1.0 
1.0 
0.53738955117475 
0.0 
1.0 
1.0 
1.0 
6.8820580649952856e-12 
0.0 
0.0 
0.0 
1.0 
1.0 
1.0 
1.0 
1.0 
1.0 
1.0 
0.0 
0.0 
0.0 
0.0 
2.2101269934584015e-12 
0.0 
1.0 
1.0 
1.0 
1.0 
0.0 
0.0 
0.0 
1.0 
1.0 
1.0 
1.0 
1.0 
0.0 
1.0 
1.0 
0.0 
1.0 
1.0 
0.0 
8.627757893420266e-5 
0.0 
1.0 
2.7328865239009604e-5 
1.0 
0.0 
1.0 
0.0 
0.0 
0.0 
1.0 
1.0 
1.0 
0.0 
0.0 
1.0 
0.0 
1.0 
1.0 
1.0 
0.0 
1.0 
0.0 
0.0 
1.0 
1.0 
1.0 
1.0 
1.0 
0.0 
1.0 
0.0 
0.0 
0.0 
0.0 
0.0 
1.0 
0.0 
1.0 
0.0 
0.0 
1.0 
0.0 
1.0 
1.0 
1.0632850578175276e-11 
3.2382274855915754e-7 
0.0 
1.0 
1.530742654132024e-11 
1.0 
1.0 
0.0 
4.382625641178184e-10 
1.0 
1.0 
1.0 
1.630464272157926e-10 
1.0 
1.0 
1.0 
0.0 
0.0 
1.0 
0.0 
0.0 
1.0 
1.0 
1.0 
1.0 
1.0 
8.267130933084639e-12 
1.0 
1.0 
3.589219424010821e-11 
1.0 
1.0 
1.0 
1.0 
1.0 
1.0 
0.001149805350397186 
0.0 
0.0 
1.0 
0.0010688383593065519 
0.0 
0.0 
0.0 
1.0 
1.2697439748622798e-12 
0.0 
1.0 
1.0 
1.0 
1.0 
0.0015204470159165633 
9.741302786022352e-8 
1.0 
1.0 
1.0 
1.0 
1.0 
1.0 
1.0 
1.0 
1.0 
0.0 
1.0 
1.0 
2.0468542811448823e-11 
1.0 
1.0 
0.0 
0.0 
0.0 
0.0 
0.0 
1.4951827139585722e-11 
1.0 
1.0 
0.0 
0.0 
0.0 
0.0 
0.0 
0.0 
0.0 
0.0 
1.0 
1.0 
1.0078031107070045e-9 
1.0 
0.0 
0.0 
0.0 
7.359167127014245e-6 
1.0 
1.0 
9.715871862392058e-9 
0.0 
0.0 
1.0 
0.0 
0.0 
0.019907112379763503 
1.0 
0.0 
1.0 
1.0 
0.9420278327723174 
1.0 
1.0 
1.0 
0.0 
4.115072345393824e-9 
0.6995756112256061 
1.0 
0.008175260210741678 
1.0 
0.0 
1.0 
1.0 
1.0 
1.0 
7.886983466143212e-12 
1.0 
2.3724946452966143e-13 
1.0 
1.0 
1.0 
1.0 
0.0 
0.0 
0.0 
1.0 
0.0 
1.0 
1.0 
0.0 
5.516936320519417e-12 
0.0 
1.0 
1.2291369271741496e-6 
0.0 
0.0 
1.0 
0.0 
1.0 
1.0 
1.0 
5.368450105178522e-10 
0.0 
1.0 
0.0 
1.0 
1.0 
1.0 
6.329126987665101e-9 
0.0 
1.0 
1.0 
0.004603276151407827 
7.321763332480158e-9 
1.0 
0.0 
0.005488366479562063 
1.0 
1.0 
3.260208733250645e-8 
0.0 
1.0 
1.0 
1.0 
0.0 
1.0 
0.0 
1.0 
2.693943489950574e-9 
1.0 
0.0 
9.572222114034102e-12 
1.0 
1.0 
0.0 
1.0 
1.0 
1.0 
1.0 
0.0 
1.0 
1.0 
0.0 
1.0 
1.0 
1.0 
1.0 
1.0 
0.0 
2.43702690268958e-10 
0.0 
1.0 
0.0 
1.0 
1.0 
3.6552806250450736e-8 
1.0 
0.0 
1.0 
0.0 
1.0 
1.5026283669173473e-6 
1.0 
0.0 
0.0 
0.0 
1.0 
1.0 
1.0 
1.0 
0.0 
1.0 
1.0 
0.0 
1.0 
1.0 
1.0 
0.0 
1.0 
1.0 
1.0 
4.413165019400066e-10 
1.0 
0.0 
0.0 
1.3206232879260468e-10 
1.0 
0.0 
1.0 
1.0 
1.0 
1.361161505738184e-10 
1.0 
0.0 
0.0 
1.0 
0.0 
1.0 
1.0 
1.0 
0.0 
4.943963289246209e-10 
0.0 
0.0 
0.0 
1.0 
1.0 
4.1499396754253836e-11 
1.0604166983786325e-9 
0.0 
1.0 
1.0 
0.0 
0.0 
3.1142320693861233e-6 
1.0 
0.0 
1.0 
1.0 
0.0 
0.0 
1.0 
1.8011117344083817e-12 
0.0 
1.0 
1.0 
1.0 
1.0 
0.0 
1.0 
1.2474179075040117e-8 
0.0 
0.0 
1.0 
1.0 
1.0 
1.252718267742965e-5 
1.0 
0.0 
1.0 
1.0 
1.0 
0.0 
3.7174087153201304e-10 
0.0 
1.0 
1.0 
0.0 
0.0 
1.0 
0.0 
1.0 
1.0 
4.1975228017933765e-11 
1.0 
0.0 
1.0 
7.816070636217448e-8 
1.0 
1.0 
1.0 
1.0 
1.0 
0.0 
1.0 
0.0 
1.0 
0.0 
0.0 
0.0 
1.0 
6.843247441762808e-11 
1.0 
1.8512125062999418e-10 
1.0 
5.187338185617947e-11 
0.0 
1.0 
6.32353491615619e-6 
0.0 
1.0 
1.0 
1.0 
2.2537017049717732e-10 
1.0 
5.132057728282943e-8 
1.0 
0.0 
0.002650114295551321 
0.0 
1.0 
1.0 
1.0 
1.0 
1.0 
1.0 
1.0 
1.0 
1.0 
0.0 
0.0 
1.2784958980434176e-10 
9.351704327445549e-11 
0.0 
0.0 
0.0 
1.0 
1.0 
0.0 
0.0 
1.0 
0.0 
1.0 
1.0 
1.1535364574709771e-11 
1.0 
0.0 
0.0 
1.0 
0.0 
1.0 
6.879194011008643e-10 
0.0 
1.0 
1.0 
1.0 
1.0 
1.0 
0.0 
0.0 
0.0 
1.0 
1.0 
1.0 
0.0 
0.0 
7.358084034507571e-8 
1.0 
1.591552291173147e-10 
0.0 
1.0 
0.0 
1.0 
1.0 
1.0 
0.0 
0.0 
0.0 
1.0 
1.0 
9.913766597729989e-11 
2.832981802891012e-10 
1.0 
4.1103833195114356e-11 
1.0 
3.329887425569044e-12 
0.0 
1.657612234259272e-7 
0.0 
1.0 
0.0 
1.0 
1.0 
1.5102411413826354e-11 
1.0 
1.0 
1.0 
1.0 
1.0 
0.0 
1.0 
1.0 
0.0013257749469380862 
1.0 
0.0 
1.0 
1.0 
1.0 
3.611376184529309e-10 
1.0 
1.0 
0.0 
0.0 
1.0 
1.0 
0.0 
1.0 
1.0 
0.0 
4.82877815785803e-10 
1.0 
1.0 
0.0 
0.0 
0.0 
1.0 
0.0 
1.0 
0.0 
1.0 
1.0 
1.0 
0.0 
1.0 
1.0 
1.0 
1.0 
1.0 
1.0 
0.0 
1.0 
1.0 
1.0 
1.0 
1.0 
3.4894437317022253e-7 
1.0 
0.0007801724131751837 
1.0 
1.0 
1.0 
0.0 
0.0004189524036580397 
1.0 
1.0 
1.0 
1.0 
1.0 
1.0 
0.00021539076317725429 
1.0 
1.0 
0.00010642704998010641 
1.0674233752994762e-5 
1.0 
1.0 
1.0 
1.0 
0.0 
1.0 
1.0 
0.0 
0.0 
0.0 
1.0 
1.0 
1.0 
7.21807025430093e-7 
1.0 
1.0 
1.0 
1.0 
1.0 
1.0 
0.0 
1.0 
0.0 
1.0 
4.47590095687354e-9 
1.0 
0.0 
0.0 
1.0 
1.0 
1.0 
0.0 
2.956226236034404e-10 
0.0 
1.0 
1.0 
1.0 
1.0 
1.043113048842212e-9 
1.0 
1.0 
0.0 
1.0 
1.0 
1.0 
0.0 
1.0 
2.1343910279468446e-11 
0.0 
1.0 
1.0 
0.0 
0.0 
0.0009979448401179472 
0.0 
1.0 
1.0 
0.0 
0.0 
1.0 
0.0 
1.0 
1.0 
0.00011901714109056725 
0.0 
1.0 
1.0 
1.0 
4.3811548418444146e-10 
1.0 
1.0 
1.0 
1.041545279989733e-5 
1.0 
0.0 
1.0 
0.0 
0.0 
1.0 
1.0 
1.0 
0.0 
1.0 
0.0 
3.7132283383898617e-6 
1.0 
7.710317433133632e-9 
0.0 
1.0 
0.0 
1.0 
0.00028515005586625164 
0.6517496685320439 
0.0 
0.0002617757053776533 
1.0 
1.0 
0.0 
1.0 
5.931895383299971e-6 
1.0 
0.0 
0.0 
1.0 
1.0 
0.0 
1.0 
1.0 
1.0 
6.484712286212164e-6 
1.0 
3.041296818047658e-10 
1.0 
0.0 
0.0 
0.0 
1.0 
4.80643921450561e-9 
1.0 
0.0 
1.8244451062754594e-9 
1.0 
1.0 
1.0 
1.0 
0.0 
1.0 
1.0 
1.0 
0.0 
1.0 
1.0 
6.215690664638804e-9 
7.806993003607151e-13 
1.240958668321653e-10 
0.0 
0.0 
1.0 
1.0 
3.1942601044237055e-8 
2.5208949255796563e-8 
0.0 
1.0 
1.0 
2.956138678955818e-6 
1.0 
1.0 
1.0 
1.0 
1.0 
1.0 
1.6512090818503135e-9 
1.0 
1.0 
1.0 
0.0 
1.0 
0.0 
1.0 
1.0 
1.0 
1.0 
1.0 
0.0 
0.0 
1.0 
7.41872474546616e-10 
0.0 
1.0 
1.0 
0.0 
1.0 
1.3286692071100853e-11 
0.0 
1.0 
0.0 
0.0 
1.0 
0.0 
1.0 
1.0 
0.0 
1.300011595412604e-6 
1.901232882545973e-10 
1.0 
1.0 
1.6153091240158012e-8 
1.0 
1.0 
1.0 
0.0 
6.3246779777469745e-6 
1.0 
0.0 
1.0 
1.0 
1.0 
1.0 
0.0 
9.754992557713032e-5 
1.0 
5.3274894498541674e-8 
1.0 
0.0 
1.0087437468119587e-11 
1.0 
1.168920848428359e-5 
1.0 
1.0 
0.0 
1.0 
1.0 
1.0 
4.881041947295402e-10 
0.0 
1.0 
1.0 
1.0 
1.0 
0.0 
1.0 
1.0 
1.0 
0.0 
1.0 
1.0 
0.0 
0.0 
0.0 
1.111539502062885e-6 
0.0 
1.0 
1.5066921586979672e-7 
1.0 
4.085438800120717e-6 
4.365869020942435e-5 
4.629110757643692e-13 
1.0 
0.0 
4.976346146106201e-9 
0.0 
1.0 
1.2256097166817995e-6 
1.0 
1.0 
1.0 
2.2556006892248237e-10 
0.0 
1.0 
1.0 
0.0 
1.0 
1.0 
1.0 
0.0 
2.880531224015991e-8 
0.0 
0.0 
1.0 
1.984774742389894e-5 
1.125713195960076e-10 
0.0 
1.876762860652252e-5 
1.0 
1.0 
1.0 
2.0414416242515826e-6 
1.0 
0.0 
1.0 
0.0 
0.0024801065896495732 
1.0 
0.0 
0.0 
1.0 
1.0 
1.0 
1.0 
0.0 
0.0 
5.5855801084999866e-12 
1.0 
0.0 
1.0 
1.0 
0.0 
1.0 
7.037156751680089e-10 
0.0 
0.0 
0.0 
0.0 
0.0 
1.0 
0.0 
0.003790415475782473 
1.1577120179297159e-5 
0.0 
1.0 
1.0 
3.255886074868954e-5 
1.0 
1.0 
0.0 
1.0 
0.0 
1.0 
0.0 
4.8897698678326896e-8 
0.0 
1.0 
0.0 
7.552070277285182e-8 
1.0 
2.3866939856147208e-5 
1.0 
9.070054751945555e-11 
1.0 
0.0004457679904787388 
0.0 
1.0 
0.0 
0.0 
1.0 
1.0 
1.0 
1.0 
3.2249251812110404e-6 
1.0 
1.0 
5.110996048281914e-6 
0.0 
1.0 
1.0 
2.497875977690318e-9 
1.0 
1.0 
0.0 
1.7993926163365145e-7 
4.86465610373169e-10 
4.672584551610164e-8 
1.0 
0.0 
1.0 
1.0 
1.4162595854458322e-7 
1.0 
1.0 
0.0 
9.796991945019728e-12 
1.0 
1.0 
1.0310933387487766e-8 
1.0 
0.0 
1.0 
1.0 
1.0 
1.0 
1.0 
1.0 
1.0 
1.0 
1.0 
1.0 
1.0 
1.0 
0.0 
4.292446823791733e-5 
1.0 
1.0 
1.0 
1.0 
1.0 
0.0 
0.0 
1.0 
0.0 
0.0 
1.0 
1.0 
1.0 
1.0 
0.0 
0.0003430306681224199 
1.0 
1.0 
1.8327882099617142e-6 
1.0 
1.0 
1.0 
1.0 
1.0 
1.0 
1.0 
0.0001142059781235468 
1.0 
0.0 
1.0 
1.0 
1.7098982144739417e-9 
0.0 
1.0 
1.0 
0.0 
1.0 
1.0 
1.150664010811795e-6 
1.0 
1.0 
1.0 
1.0 
1.0 
9.371725265290331e-9 
1.0 
0.0 
1.0 
1.0 
1.0 
1.0 
1.0 
0.0 
0.0 
1.0 
0.0 
1.0 
2.396193083788558e-8 
1.0 
0.0 
3.090642155988732e-11 
0.0 
0.0 
1.0 
3.1695331527263593e-9 
1.0 
0.0 
1.0 
0.0 
0.00047329175463906183 
0.00017763130278179384 
1.0 
1.0 
0.0 
1.0 
1.0 
0.0 
4.650503563673631e-9 
0.0 
1.0 
0.0017201832035920357 
0.0 
1.0 
1.0 
0.0 
0.00020900205483092278 
0.0 
1.0 
1.0 
1.0 
1.0 
0.0 
0.0 
1.0 
0.0 
0.0 
1.0 
1.0 
1.0 
1.0 
0.0 
1.0 
4.825217633499606e-9 
1.0 
1.0 
1.0 
1.0 
0.0 
1.0 
0.0 
0.0 
1.0 
1.0 
1.0 
1.0 
1.0 
1.0 
1.0 
0.0 
1.0 
0.0 
0.0 
0.0 
0.0001498854088159893 
1.0 
0.0 
1.0 
1.0 
0.0 
9.337773608009297e-12 
1.0 
1.0 
5.392350409142983e-7 
1.0 
1.0 
0.0009826498099065096 
1.0 
1.039694280895936e-5 
2.2381777589104536e-9 
1.0 
9.902953519613458e-8 
1.0 
1.0 
0.0 
0.0 
1.0 
1.0 
1.0 
1.0 
0.18681056155170123 
1.0 
0.0 
1.0 
2.0817142484044e-7 
3.789205765534016e-9 
0.0 
2.235545721440877e-9 
0.0 
0.0 
4.3432217933693097e-7 
1.0 
1.0 
0.0 
6.540901757423751e-5 
0.0 
8.940844252619966e-7 
1.0 
0.0 
1.0 
0.014053191830050792 
1.0 
1.0 
1.0 
1.0 
7.44042109872632e-10 
0.0 
1.0 
1.0 
0.0 
1.0 
5.947281792245907e-10 
0.0 
3.640086833141883e-11 
1.0 
0.0 
0.0 
1.0 
1.0 
0.0 
4.29810198777804e-9 
1.0 
2.748842616339357e-9 
1.0 
1.0 
0.0 
1.0 
0.0 
1.0 
1.0 
1.0 
1.0 
0.0 
1.0 
3.296764942454193e-12 
0.0010835874316914222 
3.7254286946538455e-6 
1.0 
0.0 
1.0 
1.0 
1.0 
1.0 
1.0 
4.872604449273663e-5 
3.621803268919095e-5 
1.0 
1.0 
0.0 
1.0 
0.0 
1.0 
0.0 
0.0 
0.0 
0.0 
1.0 
1.0 
1.0 
1.0 
1.0 
1.0 
1.0 
1.0 
8.238999858292064e-10 
1.0 
1.0 
0.0 
2.4059804178407996e-6 
1.0 
0.0 
1.0 
1.3855104297197725e-6 
0.0 
0.0 
0.0 
0.0 
1.0 
1.0 
1.0 
0.007116503790730723 
0.0 
0.0 
6.692798234864603e-7 
1.0 
0.0 
1.0 
1.0 
3.744737099885888e-9 
1.0 
1.0 
1.0 
1.0 
1.0 
1.0 
3.5140377662829244e-6 
1.0 
1.0 
1.0 
1.0 
0.0 
0.0 
0.0 
1.0 
1.0 
1.0 
1.0 
0.0 
0.0 
1.0 
0.0 
1.1520250781846485e-9 
1.0 
1.0 
1.0 
0.00034271419959891307 
1.0 
1.0 
1.0 
0.0 
1.0 
0.0 
0.0 
1.0 
1.0 
3.196200080861721e-9 
1.0 
1.0 
1.0 
1.0 
1.0 
1.0 
2.1705900869080886e-6 
1.0 
0.0 
1.0 
1.0 
0.0 
1.6304412857018657e-11 
1.0 
1.0 
0.0 
1.0 
0.0 
0.0 
1.0 
8.08041130185692e-9 
1.0 
0.0 
1.0 
1.0 
1.0 
0.0 
1.0 
0.0 
1.0 
1.0 
1.0 
1.0 
1.0 
1.0 
0.0 
2.9846544543401495e-9 
1.0 
1.0 
1.0 
1.0 
1.0 
0.0 
1.0 
1.0 
1.0 
1.0 
1.0 
1.3028157663411756e-12 
0.0 
1.0 
0.0 
0.0 
1.0 
1.0 
7.785146740025546e-12 
1.0 
0.0 
0.0 
0.0 
1.0 
1.0 
1.0 
1.0 
0.0 
0.0 
2.97900451243552e-6 
1.0 
3.5367881795851254e-9 
0.0 
1.0 
1.0 
0.0 
0.0 
0.0 
0.0 
2.060143741489022e-6 
1.0 
0.0 
1.0 
1.0 
1.0 
1.5986640364148848e-7 
1.8038008839787036e-10 
1.0 
1.0 
1.0 
1.0 
1.0 
2.278286213342684e-7 
1.0 
0.0 
1.0 
1.0 
1.0 
1.0 
0.0 
0.02314498231109533 
0.0 
1.0 
0.0 
1.0 
2.182542326963419e-8 
1.0 
1.0 
1.0 
0.002924290936691987 
1.0 
1.0 
1.0 
0.0 
1.0 
1.0 
0.0 
2.674799110477806e-6 
0.0023017999643362287 
0.0 
1.0 
1.0 
1.0 
3.918457472441547e-12 
1.0 
1.0 
1.8356820178014728e-9 
1.0 
1.0 
7.649566934132898e-8 
0.0 
0.0 
0.0 
1.0 
1.0 
1.0 
1.0 
1.0 
1.0 
1.0 
1.0 
3.841949376333021e-8 
0.0005891061777305608 
1.0 
0.0 
0.0 
0.0013536481818064053 
9.457641438497793e-10 
1.0 
1.0 
0.0 
0.0 
1.0 
0.0 
1.0 
1.0 
0.0 
2.15502027586353e-6 
0.0 
1.5484138905329902e-11 
1.2105200256873696e-9 
1.0 
1.0 
0.0 
1.0 
1.0 
1.726354184302253e-8 
1.0 
1.0 
0.0 
0.0 
1.0 
1.0 
5.036175463451097e-12 
1.0 
1.0 
1.0 
1.0 
0.0 
0.0 
1.0 
1.0 
4.308714007634851e-7 
1.0 
1.0 
1.0 
1.0 
1.0 
1.0 
1.0 
1.0 
1.0 
1.0 
1.0 
1.8696767247068363e-12 
0.0 
1.0 
0.0 
1.0 
2.2288039422107992e-11 
1.0 
1.907166201994006e-8 
1.0 
1.0 
1.0 
0.0 
1.0 
1.0 
1.0 
1.0 
1.0 
1.0 
0.0 
1.0 
7.440727128180394e-6 
1.0 
1.0 
1.0 
0.0 
1.0 
0.0 
1.0 
1.0 
1.1863388162547536e-9 
1.0 
1.0 
1.0 
1.0 
1.0 
0.0005783338132885792 
0.0 
1.0 
0.000473534756474235 
0.00027571205983935554 
3.213709078551278e-8 
0.0 
1.3926486420287845e-11 
1.0 
0.0020760826191625168 
1.0 
7.452242475465007e-5 
2.45802509764083e-6 
0.0 
0.00014536979165822762 
1.0 
0.0012146234029932624 
0.0 
1.0 
1.0 
1.236661389690534e-9 
3.036633395767184e-6 
0.8379966365736871 
0.0 
1.0 
1.0 
1.0 
0.0 
1.8383042269416144e-11 
0.0006836400145615137 
1.0 
1.0 
1.0 
1.0 
0.0 
1.0 
0.0 
3.0969499904007127e-9 
1.0 
1.0 
0.0 
0.000804225973059956 
0.0 
1.0 
1.0 
1.0 
0.00035649603539013563 
0.0 
0.0 
1.0 
1.0 
1.9735145544510783e-9 
1.0 
1.0 
1.0 
0.00017948405375888275 
1.0 
1.0 
1.0 
0.0 
1.0 
1.0 
1.0 
1.0 
1.0 
1.0 
1.0 
1.0 
0.0 
1.0 
1.0 
0.0 
1.0 
8.503409483635534e-13 
0.0 
0.0 
2.0912402550092006e-8 
1.0 
1.0 
1.0 
1.0 
1.0 
0.0 
1.0 
2.3775832712463005e-9 
1.0 
1.0 
1.0 
3.262532902493454e-8 
1.0 
1.0 
0.0 
1.0 
1.0 
8.448968402547799e-11 
1.0 
1.0 
1.0 
0.0 
1.0 
1.0 
0.00024191860919556236 
1.688889699350698e-8 
1.0 
1.0 
1.0 
0.0 
1.0 
1.0 
0.0 
0.0 
1.0 
0.0 
1.0 
0.0 
1.0 
1.0 
1.9745224415011907e-8 
5.654850000596815e-10 
1.0 
1.0 
1.0 
1.0 
1.0 
1.0 
0.0 
1.0 
1.3887814280059606e-8 
1.0 
0.0 
1.5172875682285948e-12 
1.0 
1.0 
1.0 
1.0 
1.0 
0.0 
1.0 
0.0 
1.0 
1.0 
0.0 
1.0 
1.0 
3.4966233228255e-6 
5.5789750415980675e-5 
1.0 
4.2835303984834956e-7 
0.0 
6.9445457699345676e-12 
1.0 
1.0 
1.0 
1.6659173943579294e-12 
0.0 
0.0 
1.0 
1.0 
0.0 
0.0 
1.0 
1.0 
1.0 
0.0 
1.0 
1.5908353992267233e-9 
1.0 
1.0 
1.0 
4.920864342967536e-6 
1.0 
1.0 
1.0 
7.45852163408168e-7 
1.0 
0.0 
1.0 
1.3528418562598676e-9 
1.0 
2.7601715098802214e-5 
9.432140699341571e-7 
1.578409677271737e-8 
1.0 
0.0 
0.0 
1.0 
0.0005912493661705001 
1.0 
1.0 
1.0 
1.0 
3.4157994048132183e-12 
0.0 
1.0 
1.0 
1.0 
1.0 
1.0 
0.0 
1.0 
1.0 
0.0 
1.0 
1.0 
1.0 
1.0 
1.0 
0.0 
1.0 
1.0 
1.0 
1.0 
0.0 
0.0 
1.1147915470909708e-5 
1.0 
0.00018549285445653975 
1.0809126172791995e-9 
1.0 
1.0 
1.0 
1.0 
0.0 
6.117033458158615e-6 
0.0001701618448452269 
1.908112757093355e-5 
1.0 
0.0010890463972648985 
1.0 
1.0 
0.0 
1.0 
1.0 
0.0 
0.0 
9.353519621730372e-6 
1.0 
0.0 
1.0 
1.0 
1.6115147857198136e-7 
0.0 
0.0 
1.0 
7.9468876856025e-6 
1.0 
1.0 
1.0 
1.0 
1.0 
1.7595129147216156e-12 
1.0 
1.0 
0.0 
1.0 
0.0 
1.0 
1.0 
1.0 
1.0 
1.0 
1.0 
1.0 
0.0 
0.0 
1.0 
1.0 
0.00012227654227950707 
1.0 
1.0 
1.0 
1.0 
1.0 
0.0 
1.934984645262548e-5 
1.0 
1.0 
1.0 
0.0 
0.0 
1.0 
1.0 
1.0 
1.0 
1.0 
7.64711563548785e-8 
0.0 
1.0 
1.0 
0.0 
1.0 
1.0 
1.0 
0.0 
0.01818094671297539 
1.0 
1.0 
1.0 
1.0 
0.0 
1.0 
0.0 
1.4638658138151581e-5 
1.0 
0.0 
1.0 
1.652442330046427e-9 
1.0 
0.0 
1.0 
2.1960183536798913e-8 
0.0 
0.00017244155750060743 
1.0 
1.0 
1.0 
1.0 
0.0013748874749759002 
1.0 
1.0 
1.0 
1.0 
1.0 
0.0 
0.0 
0.0 
1.0 
0.0 
1.0 
1.0 
1.0 
1.34539607848639e-7 
1.0 
0.0 
1.0 
1.0 
0.0 
1.0 
3.923151740207069e-11 
0.0 
0.0 
0.0 
1.0 
1.0 
1.0 
0.0 
1.0 
0.0 
1.0 
1.0 
1.0 
1.0 
8.99792682636762e-11 
1.0 
1.0 
1.0 
1.748706557109815e-5 
0.0 
1.0 
0.0 
1.0 
0.0 
1.0 
1.0 
1.0 
0.0 
1.0 
8.705456936170982e-5 
1.0 
5.477746869333545e-5 
7.994259376191232e-5 
1.0 
6.225096904119035e-11 
0.0 
0.001381058462379339 
1.0 
1.0 
0.0 
1.0 
1.0 
1.0 
0.0 
1.0 
0.0 
1.0 
1.0 
1.0 
1.0 
1.0 
1.0 
1.0 
0.0 
1.0 
1.0 
1.0 
1.0 
1.0 
1.0 
2.442795915918863e-12 
0.0 
1.0 
0.0 
1.0 
1.0 
0.0 
0.0 
1.0 
0.0 
0.0 
0.0 
9.776293489871796e-5 
0.0 
1.0 
1.0 
0.0 
2.0190927322505825e-9 
1.0 
1.0 
1.0 
1.0 
1.0 
1.0 
1.0 
1.0 
0.0 
1.0 
1.0 
0.0 
0.0 
1.0583746519460654e-5 
1.0 
1.0 
1.0 
1.0 
1.6648756458780768e-5 
1.0 
1.0 
1.0 
1.0 
1.0 
0.0 
1.0 
1.0 
1.0 
0.0 
1.0 
1.0 
1.0 
1.0 
1.0 
1.0 
1.0 
0.0 
1.0 
1.0 
1.6694767382792974e-5 
1.0 
1.0 
0.0 
1.0 
0.0 
1.0 
2.040778722177357e-5 
1.0 
0.0 
0.0002397507119223664 
1.0 
1.0 
1.0 
0.0 
0.0 
1.0 
1.0 
0.0 
0.0 
1.0 
3.38317516418437e-5 
1.0 
1.0 
0.0 
1.0 
1.0 
1.0 
1.0 
0.0 
0.0 
1.0 
0.0 
1.0 
1.6401587438423856e-6 
1.0 
1.0 
0.0 
1.0 
1.0 
1.0 
1.0 
1.0 
0.0 
1.0 
1.0 
5.1578260358493444e-8 
1.0 
1.0 
1.0 
2.5365547567266806e-5 
1.0 
1.0 
0.00021899363680251017 
2.3918508524847703e-5 
1.0 
0.0 
1.0 
1.0 
1.0525195381135701e-7 
1.477014150911351e-7 
1.0 
9.693578693916216e-5 
0.0 
1.0 
0.0 
8.053106993691168e-9 
1.0 
1.0 
1.0 
1.0 
0.0 
1.0 
1.0 
0.0 
1.0 
0.0 
1.289188972602529e-7 
1.0 
1.0 
0.00020951084949379377 
0.0 
1.0 
0.0 
1.0 
1.0 
1.0 
0.0 
0.0033027967843268498 
1.0 
0.0 
0.0 
1.0 
0.0002649473677770419 
0.0 
7.227819936195802e-6 
1.0 
6.906341908244965e-5 
0.0 
3.65924816600756e-8 
1.0 
1.0 
1.0 
1.0 
1.0 
0.0001974389105890358 
1.0 
3.786315610629274e-10 
0.0 
3.5034575783237675e-11 
0.0 
6.687796043237244e-6 
0.00020872106200560395 
1.0 
1.0 
1.0 
0.00025997949765572644 
1.0 
1.0 
0.004228651421201643 
7.678162588788553e-9 
0.0 
8.90229226010201e-6 
0.0 
1.0 
0.9717798095519179 
1.6956422752050542e-11 
1.0 
1.0 
1.0 
1.0 
1.0 
0.0 
1.0 
1.0 
0.0 
1.0 
1.0 
0.0 
4.626316673673719e-12 
1.0 
1.0 
0.0 
2.853328178562008e-7 
1.0 
0.0 
1.0 
0.0005386681096074489 
1.0 
0.0 
1.0 
0.7424071118844764 
0.0 
9.761985229001595e-7 
0.0 
1.0 
1.0 
1.0 
1.0 
0.0 
1.0 
1.0 
0.0 
0.0 
1.0 
1.0 
0.0 
1.0 
1.0 
2.1866199917500632e-8 
5.5379617140309504e-5 
1.0 
1.0 
0.0 
1.0 
1.0 
1.403064975765056e-5 
1.0 
0.000289216243807794 
0.00019395256645833326 
0.0018095562838675704 
1.0 
1.0 
1.0 
1.0 
0.0 
0.0 
1.0 
0.9155426289039594 
1.0 
0.0 
1.0 
1.0 
6.931662473095802e-9 
1.0262048903143244e-9 
7.417669464494034e-6 
1.0 
1.0 
0.0 
1.0 
1.0 
7.786884543911791e-9 
0.5420093975334118 
0.0 
0.0 
1.0 
5.472120181255373e-6 
0.0 
2.3170064763513284e-8 
0.0 
1.0 
6.078362122416748e-6 
1.0 
0.0 
1.0 
1.0 
1.0 
1.0 
1.0 
1.0 
1.0 
0.0 
0.0 
1.0 
1.0 
1.7180336218797554e-9 
1.0 
0.0 
0.0 
0.0 
0.0 
1.0 
1.0 
1.0 
0.0 
0.0 
1.0 
4.175762542673116e-8 
2.1129317742494066e-9 
1.0 
1.0 
0.0006594748105427228 
1.0 
1.0 
0.0 
0.0 
3.315705740307132e-6 
0.0 
2.441340892597535e-7 
1.0 
0.0 
1.0 
1.0 
0.0 
1.0 
1.0 
0.0 
1.0 
0.00013193866371572055 
1.0 
1.0 
0.0 
1.0 
0.0 
0.0 
1.0 
0.0 
0.0 
0.0 
0.0 
1.0 
0.0018722535357192022 
1.0 
0.0 
1.0 
7.746425315287913e-9 
0.0 
0.0 
1.0 
1.0 
0.00010338546667862058 
3.202702727819923e-9 
1.0 
0.0 
1.0136265429211528e-8 
8.002960064660814e-7 
1.0 
1.0 
1.0 
1.0 
0.0011197898906428066 
1.2530813595049359e-8 
1.482576760250224e-11 
1.0 
0.00025092602848055966 
0.0 
0.0 
0.0 
1.0245603971409733e-6 
0.0 
1.0 
7.799496393717948e-10 
1.0 
0.0 
1.0 
0.0005254121020006908 
0.0 
1.0 
0.00037238183928354167 
1.0 
0.00045829693122500414 
7.36549650563481e-8 
1.0 
0.0 
1.0 
1.0 
0.0 
1.0 
1.0 
1.0 
1.0 
1.0 
0.0 
1.0 
2.2818364983091626e-5 
1.0 
0.0002780597274579718 
1.0 
1.0 
1.0 
1.0 
1.0 
4.7508964729970693e-7 
3.072314896822282e-5 
7.164177534864224e-10 
1.0 
5.423646941265398e-6 
1.0 
1.0 
1.0 
1.0 
1.0068556323174208e-8 
1.0 
1.3522861705798931e-6 
1.0 
1.0 
0.00057833880032785 
1.0 
1.0 
1.0 
1.0 
3.616956854208717e-5 
0.0 
0.0 
0.0 
0.0 
4.721372097439284e-10 
1.0 
1.0 
0.0 
1.0 
1.0 
0.0017635522890174812 
1.8094365582364982e-5 
5.6448415672190145e-9 
0.0 
3.0192030558633964e-5 
1.0 
0.0 
1.0 
0.0 
1.0 
1.0 
1.0 
1.0 
1.0 
1.0 
0.0 
0.0 
1.0 
0.0 
0.0 
1.0 
1.0 
1.0 
0.0 
0.0 
1.0 
1.0 
0.0 
1.0 
0.9977899545956949 
1.0 
0.0 
1.0 
1.0 
1.0 
0.0 
1.0 
1.580888396603102e-6 
1.0 
1.0 
1.0 
1.0 
1.0 
1.0 
0.0 
0.0 
0.0 
2.017223979334907e-11 
1.0 
0.00021510124510481195 
1.0 
1.0 
1.0 
1.0 
0.017119966462291233 
1.0 
1.0 
0.0 
1.0 
1.0 
0.0 
1.0 
1.0 
0.0017995879638829316 
1.0 
1.0 
0.0 
1.0 
6.475593286600826e-8 
0.0 
1.0 
1.0 
0.0 
1.0 
1.0 
0.0 
1.0 
1.0 
0.0 
1.0 
1.0 
1.0 
7.419189543001649e-5 
0.0054626945692133454 
1.0 
1.0 
1.0 
1.0 
1.0 
0.0 
0.0 
9.227143336918356e-7 
8.175524315997003e-10 
7.472413435802675e-5 
1.0 
1.0 
1.0 
0.0 
1.0 
1.0 
0.0 
0.0 
1.0 
8.62455559608237e-5 
1.0 
1.0 
0.0 
0.0 
0.0 
1.0 
6.178739453470084e-5 
1.0 
0.0 
0.00657416827104967 
1.0 
1.0 
1.0 
3.2349384955796543e-9 
0.0 
1.0 
1.0 
1.0 
0.0 
1.0 
1.0 
1.0 
1.0 
0.0 
0.0 
1.0 
0.0 
1.0 
1.0 
1.0 
1.0 
5.574517616579525e-10 
1.6969244893420587e-8 
1.0 
1.0 
1.0 
2.754219746104516e-10 
1.0 
9.053695880642159e-5 
1.0 
1.0 
1.7705086712357024e-6 
0.0 
1.0 
8.14798455793922e-9 
0.8858370525192749 
0.0 
1.0 
1.0 
1.0 
1.0 
1.0 
0.0 
0.0 
1.0 
0.0003739361839637675 
1.0 
0.0 
1.0 
0.0 
0.0 
1.0 
1.0 
1.0 
1.0 
1.0 
1.860638838013772e-8 
1.0 
1.0 
0.0 
1.0 
1.0 
1.0 
1.0 
0.0 
1.0 
1.0 
1.0 
1.0 
0.0 
0.0 
1.0 
0.0 
1.0 
1.0 
1.0 
1.0 
1.0 
6.086253384406364e-6 
1.0 
1.0 
0.0 
0.00012689998794082814 
1.5011826875034549e-5 
1.0 
1.0 
1.0 
0.0 
1.0 
1.0 
0.0 
1.0 
1.0 
1.0 
0.0004845821350832116 
0.0 
0.0 
1.0 
1.0 
1.0 
0.00010878794146992943 
1.0 
1.0 
1.0 
1.0 
1.0 
0.0 
1.0 
0.0 
1.0 
1.0 
0.0 
1.0 
1.0 
1.0 
1.0 
1.0 
0.0 
1.0 
1.0 
1.0 
1.0 
0.0 
0.0 
1.0 
1.0 
1.0 
1.0 
1.0 
1.0 
0.0 
1.0 
0.0 
1.0 
1.0 
1.028115774103998e-10 
1.0 
0.0 
0.0 
0.0 
1.0 
3.7427715404454316e-11 
0.0 
0.0 
1.0 
1.0 
1.0 
1.0 
0.0 
1.0 
0.0 
1.0 
1.0 
1.0 
1.0 
1.0 
1.0 
2.2850343282789164e-5 
1.0 
1.0 
0.0 
1.0 
1.0 
1.0 
1.0 
0.0057041622092235695 
1.0 
0.0 
1.0 
0.0 
1.0 
1.0 
0.0 
1.0 
1.0 
1.0 
1.0 
1.0 
1.0 
1.0 
1.0 
0.0005445948008760231 
1.0 
1.0 
1.0 
1.0 
0.0 
2.4636932634889625e-12 
1.0 
1.0 
1.0 
0.0 
1.0 
0.0 
1.0 
1.0 
1.0 
0.0013220892149328118 
0.0 
1.0 
1.0 
0.0 
1.0 
1.0 
1.0 
1.0 
1.0 
1.0 
0.020277243942876742 
0.0 
0.0 
1.0 
0.0 
0.0 
0.0 
1.0 
1.0 
1.0 
1.0 
1.0 
0.0 
0.0 
0.0 
1.0 
1.0 
1.0 
0.0 
0.0 
1.0 
1.0 
1.0 
1.0 
0.0 
1.0 
1.075506123185066e-8 
0.0 
0.0 
0.0 
0.0 
0.0 
1.0 
1.0 
0.0 
1.0 
1.0 
1.0 
1.0 
1.0 
1.0 
0.0 
1.0 
9.253443634925868e-10 
0.0 
1.0 
0.0 
1.0 
0.0 
1.0 
1.0 
1.0 
0.0 
0.0 
0.0 
1.0 
0.34012662927371073 
0.0 
1.0 
1.0 
1.0 
1.0 
1.0 
3.901456554647658e-5 
0.0 
1.0 
1.0 
1.0 
0.0 
0.0 
1.0 
1.0 
0.0 
1.0 
0.0 
1.0 
0.0 
0.0 
0.0 
1.0 
0.0 
0.0 
0.0 
0.0 
1.0 
1.0 
1.0 
1.0 
4.793604253812178e-5 
1.0 
1.0 
1.0 
1.0 
1.0 
4.095007044885464e-5 
1.9786458226896428e-6 
1.0 
1.0 
1.0 
1.0 
1.0 
1.0 
0.0 
1.0 
1.0 
0.0 
1.0 
0.0 
1.0 
1.0 
1.9011697193047759e-7 
1.0 
1.0 
1.0 
1.0 
1.0 
4.220461219961211e-6 
0.0 
0.0 
0.0 
1.0 
1.0 
0.0 
1.0 
1.0 
1.0 
0.0 
1.0 
1.0 
0.0 
1.0 
1.0 
1.0 
1.0 
1.0 
0.0 
0.0 
0.0 
1.0 
1.0 
5.065696043892158e-13 
1.0 
0.0 
1.0 
4.6981531251350924e-5 
1.0 
0.0 
1.0 
1.0 
1.0 
1.0 
0.0 
0.0 
1.0 
1.0 
9.727745481827497e-6 
0.0 
1.0 
0.0 
2.199050132424534e-5 
0.0 
1.0 
0.0 
1.0 
1.0 
1.0 
0.0 
1.0 
1.0 
1.0 
0.0 
0.0 
1.0 
0.0 
1.0 
1.0 
1.0 
1.0 
0.0 
1.0 
0.0 
0.0 
1.0 
4.0007254198103355e-10 
1.0 
1.0 
1.0 
0.0 
1.0 
1.0 
0.0 
1.0 
0.0 
1.0 
1.0 
1.0 
0.0 
2.0454067624340783e-5 
1.0 
0.0 
0.0 
0.0 
0.0 
1.0 
0.0 
1.0 
1.0 
0.0 
1.0 
0.0 
0.0 
0.0 
0.0 
0.0 
0.0 
0.0 
0.0 
1.0 
0.0 
1.0 
0.0 
1.0 
0.0 
1.0 
0.0 
1.0 
0.0 
0.0 
1.0 
0.0 
1.0 
1.0 
0.0 
1.0 
1.0 
0.0 
1.0 
1.0 
0.0 
1.0 
0.0 
1.0 
1.0 
1.0 
0.0 
1.0 
0.0 
1.0 
1.0 
0.0 
0.0 
0.0 
1.0 
0.0 
1.0 
1.0 
0.0 
1.0 
4.995018347419674e-5 
1.0 
1.0 
1.0 
0.0 
1.0 
0.0 
1.0 
0.0 
0.0 
1.0 
0.0 
0.0 
0.1980296007597361 
1.0 
0.00047830051219375277 
0.0 
1.0 
1.0 
1.0 
1.0 
1.0 
0.00039736689735790306 
8.081468685070591e-5 
0.0 
3.8570607316166746e-8 
0.0 
1.0 
1.0 
1.0 
0.0 
2.9164113345147796e-10 
0.0 
1.0 
0.0 
0.0 
1.0 
1.0 
1.0 
1.0 
1.0 
1.0 
1.0 
0.0 
1.0 
0.0 
0.0 
1.0 
0.0 
1.0 
1.0 
1.0 
0.0 
0.0 
0.0 
1.0 
1.0 
0.0 
1.0 
1.0 
1.0 
1.0 
1.0 
0.0 
0.0 
1.9963302713689638e-8 
1.0 
1.0 
1.0 
0.0 
0.0 
1.1614161098147854e-5 
1.0 
1.0 
1.0 
0.0 
1.0 
0.0 
1.0 
1.0 
0.0 
0.0 
1.0 
1.0 
1.0 
1.0 
1.0 
0.0 
1.0 
1.0 
1.0 
1.0 
1.0 
1.0 
1.0 
1.0 
1.0 
0.00012416215828684507 
0.0 
1.0 
0.0 
1.0 
1.0 
1.0 
0.0 
1.0 
1.0 
1.0 
1.0 
0.0 
0.0 
1.0 
1.0 
1.0 
1.0 
1.0 
0.0 
0.0 
0.00012497458655179406 
1.0 
0.0 
1.0 
1.0 
1.0 
1.0 
0.0 
1.0 
0.0 
0.0 
1.0 
0.0 
1.0 
1.0 
1.0 
1.0 
1.0 
1.0 
1.0 
4.6147311821359035e-10 
0.0 
0.0 
1.0 
0.0 
0.0 
1.0 
1.0 
0.0 
2.936834684805715e-7 
1.0 
1.0 
1.0 
1.0 
1.0 
0.0 
0.0 
0.0 
1.0 
0.0 
1.0 
1.0 
1.0 
1.0 
1.0 
7.039349379299738e-9 
1.0 
1.0 
0.0001804371197922771 
1.0 
1.0 
0.0 
1.0 
3.5287283664890033e-13 
0.0 
0.0 
1.0 
0.0 
1.0 
0.0 
1.0 
1.0 
1.0 
1.0 
1.0 
1.0 
0.0 
0.0 
0.0 
0.00024697251534004064 
1.0 
0.0 
1.0 
1.0 
0.0 
1.0 
1.0 
0.0 
0.0 
1.0 
0.00012474270665458823 
0.0 
1.0 
1.0 
1.0 
0.0 
0.0 
0.0 
0.0 
1.0 
1.0 
1.0 
1.0 
0.0 
1.0 
1.0 
0.0 
1.0 
0.00014860116919468473 
1.0 
1.0 
0.0 
1.0 
0.0 
1.0 
0.0 
1.0 
1.0 
4.7143541684468526e-5 
0.0 
1.0 
0.001633750516801258 
1.4083258657936641e-5 
1.0 
0.0 
1.0 
0.0 
1.0 
0.838401835439126 
1.0 
1.0 
1.0 
1.0 
1.6588364588359308e-9 
1.0 
1.0 
0.0 
0.0 
0.0007032783373253845 
1.0 
0.0 
1.0 
1.0 
1.0 
0.0 
1.0 
1.0 
2.6824273939675176e-9 
1.0 
1.0 
0.0 
0.0 
0.00018355562211621877 
1.0 
1.0 
1.0 
0.00036803478235578215 
0.0 
1.0 
0.0 
1.0 
0.0 
1.0 
1.0 
0.0 
1.0 
0.0 
0.0 
1.0 
1.0 
1.0 
0.0 
1.0 
1.0 
1.0 
0.0 
1.0 
1.0 
1.0 
1.0 
0.0 
0.0 
1.0 
0.0 
1.0 
1.0 
0.00019552997921745046 
0.00017285841332459554 
0.0 
0.0 
0.0 
1.0 
1.0 
0.0 
0.0 
1.0 
0.0 
1.0 
0.0 
1.0 
0.0009480480687510867 
0.0 
3.403831633307163e-9 
0.0 
1.0 
1.0 
1.0 
0.0 
0.0 
1.0 
1.0 
1.0 
0.0 
1.0 
1.0 
0.0 
1.0 
0.0 
7.25717535428992e-8 
1.0 
0.0 
0.0 
0.0 
1.0 
0.0 
1.0 
1.0 
0.00013946450883225208 
0.0 
1.0 
1.0 
1.0 
0.0 
1.0 
0.0 
1.0 
1.0 
1.0 
0.0 
1.0 
0.0 
0.0 
1.0 
1.5036335338296924e-10 
1.0 
1.0 
0.0006471968955252761 
0.999997825707552 
1.0 
1.0 
0.0003291815783323047 
1.0 
1.0 
0.0 
1.0 
0.0 
4.916855753231965e-10 
1.0 
8.70184735632902e-7 
1.0 
1.0 
1.0 
1.0 
1.0 
1.0 
0.0 
1.44528932494076e-9 
1.0 
0.0 
1.0 
1.0 
1.0 
0.0 
0.0 
1.0 
1.0 
0.000802814728667609 
2.3142890973981928e-10 
1.0 
1.0 
0.0 
1.0 
0.0 
0.0 
1.0 
1.0 
1.0 
9.544622909205303e-8 
0.0 
1.0 
5.3949015117021995e-5 
1.0 
0.0011573829656490538 
1.0 
1.0 
1.0 
0.0 
1.0 
0.0 
1.0 
1.0 
1.0 
1.0 
1.0 
0.0007393718678427552 
1.0 
0.0 
1.0 
1.0 
1.0 
3.1751278967550536e-10 
0.0 
1.0 
1.0 
1.0 
2.2830553988528586e-10 
0.0 
1.0 
1.0 
1.0 
1.0 
1.0 
1.0 
7.461644144730023e-14 
1.0 
0.0 
1.0 
1.0 
0.0 
1.0 
1.0 
1.0 
1.0 
0.0 
7.820614695565848e-10 
1.0 
1.0 
1.0 
0.8262144040081633 
1.0 
0.9721062945579034 
1.0 
0.0 
1.0 
1.0 
0.002318832141443391 
1.0 
1.0 
4.59183735537756e-8 
1.0 
0.0 
0.0 
0.0 
1.0 
1.0 
0.0 
1.0 
1.0 
1.0 
0.0 
1.0 
0.0 
0.0 
1.0 
0.0026689657178539336 
1.0 
0.0 
1.0 
1.0 
1.0 
0.0 
1.0 
0.000936036479569926 
0.0 
1.0 
1.0 
0.0 
0.0 
1.0 
0.0 
0.0 
1.0 
0.9266468679734178 
1.0 
0.0 
1.0 
0.0 
1.658516961045215e-9 
1.0 
0.0 
1.0 
0.0 
0.0 
0.0 
1.0 
1.0 
0.0 
1.0 
4.00341435301833e-9 
1.0 
0.0003051592647073803 
1.0 
1.0 
1.0 
0.0 
1.0 
1.0 
1.0 
0.0 
0.004402901196496709 
0.0 
0.0 
1.0 
1.0 
1.0 
1.0 
1.0 
0.0 
1.0 
0.00130115024822721 
1.0 
0.0 
1.0 
0.0 
1.0 
0.0018843777088003106 
1.0 
1.0 
1.0 
1.0 
1.0 
1.0 
0.0 
0.0 
1.0 
0.0 
0.0 
0.0 
1.0 
1.0 
1.0 
1.0 
7.979738860119564e-10 
1.0 
1.0 
1.0 
0.0 
1.0 
0.0 
1.0 
1.0 
0.0 
9.528162443493258e-10 
0.0 
1.0 
1.0 
0.0 
0.0 
1.0 
1.0 
0.0 
0.0 
0.0 
0.0 
1.0 
0.0 
0.0033675453004015977 
0.0 
1.4961668621277534e-10 
1.0 
0.0 
1.0 
0.0 
7.103853431223481e-10 
1.0 
1.0 
1.0 
2.0624392550438913e-11 
1.0 
1.0 
1.0719233761253828e-11 
0.0 
1.0 
1.0 
1.0 
0.0 
1.0 
2.8784193367103693e-9 
0.0 
0.0 
0.0003335748994001685 
1.0 
1.0 
1.0 
0.0 
1.0 
0.0 
1.0 
1.0 
1.0 
1.0 
0.0 
1.0 
4.067351234039281e-9 
1.0 
0.0 
1.0 
3.5260533160968335e-8 
1.0 
1.0 
0.0 
0.0005973520963433641 
1.0 
1.0 
1.0 
1.0 
1.0 
0.0 
0.0 
1.0660238425136561e-10 
1.0 
1.0 
1.0 
1.0 
0.0 
0.0 
1.0 
1.0 
1.0 
1.0 
1.0 
1.0 
1.0 
2.8505502377088924e-11 
2.005980157650388e-9 
0.0 
1.0 
0.0 
0.0 
1.0 
1.0 
1.0 
3.9912629260421486e-7 
1.0 
8.035618078456853e-11 
1.0 
8.240271029938368e-11 
0.0 
1.0 
1.0 
0.0 
1.0 
1.0 
0.0 
1.0 
2.3043281448717545e-10 
1.0 
1.0 
4.7581396022546556e-11 
1.9423221034874695e-7 
1.0 
1.0 
1.0 
1.0 
1.0 
1.0 
1.0 
0.0 
0.0 
0.0 
1.4649101621354795e-7 
0.0 
1.0 
1.0 
1.0 
1.0 
1.0 
1.0 
1.0 
1.811371851919097e-11 
1.0 
1.0 
1.0 
1.0 
1.0 
1.0 
0.0 
1.0 
1.0 
1.0 
0.0 
0.030865844161974746 
1.0 
0.0 
1.0 
1.0 
3.894758926234047e-10 
1.0 
0.0006927824852263487 
1.475423642348118e-7 
0.0 
1.0 
1.0 
1.0 
1.0 
1.0 
7.684404189424447e-8 
1.0 
1.0 
1.0 
4.3291501900057234e-8 
1.0 
1.0 
1.0 
1.0 
1.0 
1.0 
1.0 
1.0 
4.571985397156938e-7 
1.069438036994586e-5 
1.0 
1.0 
1.0 
1.0 
1.0 
1.0 
1.0 
1.0 
0.0 
0.0 
1.722994507659631e-10 
0.0 
0.0 
0.0 
1.0 
1.0 
1.0 
1.0 
1.0 
1.9394902949327873e-7 
1.0 
2.7779332706120578e-5 
1.0 
1.0 
1.0 
1.0 
1.0 
1.0 
1.0 
1.0 
0.0 
0.0 
0.0028824510666778593 
0.0 
1.0 
1.0 
0.0 
0.0 
0.0 
1.0 
1.0 
1.0 
1.0 
0.0 
1.0 
1.0 
0.0 
1.0 
1.899687484300797e-5 
0.0 
3.852541592563939e-11 
0.6398316198064288 
1.0 
1.0 
1.0 
1.0 
1.0 
0.0 
1.7556555501500056e-7 
1.0 
0.0 
1.0 
1.0 
1.0 
0.0 
8.083394244994611e-12 
1.0 
1.0 
3.251605463337869e-8 
1.0 
1.0 
1.0 
1.0 
1.0 
0.0 
1.0 
1.0 
0.0 
1.0 
1.0 
1.0 
0.0 
1.0 
1.0 
1.0 
0.0 
1.0 
1.0 
1.0 
1.0 
0.0 
0.0 
1.0 
1.0 
1.0 
9.945452610923039e-6 
1.0 
1.0 
0.010686847462870127 
1.0 
1.0 
1.0 
1.0 
1.0 
1.0 
0.0 
1.0 
1.0 
1.0 
1.0 
0.0 
1.0 
0.9667338798369807 
1.0 
1.0 
5.7805278305820255e-6 
0.2821676291899112 
1.0 
1.0 
1.0 
1.0 
1.0 
1.0 
1.0 
1.0 
1.0 
1.0 
1.0 
1.0 
1.0 
0.8999058966597988 
0.0 
1.0 
1.0 
1.0 
0.004848844752775493 
1.0 
1.0 
1.0 
0.0 
1.0 
1.0 
0.0 
1.0 
1.0 
0.007103218902305424 
8.372051391174344e-10 
1.0 
1.0 
1.0 
1.0 
0.0 
1.0 
1.0 
1.0 
6.621966724349214e-7 
0.0 
8.129486913479935e-11 
1.0 
1.948449093379007e-10 
1.0 
1.0 
1.0 
1.0 
1.0 
1.0 
0.0 
1.0 
1.0 
0.0 
0.0 
1.0 
1.0 
1.0 
1.0 
1.0 
1.0 
0.0 
1.0 
0.0 
1.0 
3.3113531693405563e-9 
1.0 
1.0 
1.0 
1.0 
1.0 
1.0 
1.0 
0.0 
3.925235636751503e-11 
1.0 
1.0 
3.2732471865526263e-7 
1.0 
0.0 
1.0 
1.0 
1.0 
1.0 
1.0 
0.0 
1.0 
0.0 
0.005377421343990108 
8.260398647196624e-7 
1.0 
1.0 
1.0 
1.0 
2.37829736983524e-9 
1.1180645876149417e-8 
1.0 
0.0 
1.0 
0.0 
1.0 
1.0 
1.0 
0.0 
0.0 
1.0 
0.0 
1.0 
1.0 
1.0 
1.0 
1.0 
1.0 
1.0 
1.0 
1.0 
1.0 
0.0 
1.0 
1.0 
1.0 
0.0 
1.0 
1.0 
1.0 
1.0 
1.0 
1.0 
6.309809522730462e-6 
1.0 
1.0 
1.0 
1.0 
1.0 
1.0 
1.0 
1.0 
1.0 
1.0 
1.0 
2.0668545898768743e-6 
0.0004980358382569441 
1.0 
1.0 
0.0 
1.0 
0.0 
3.520961328995901e-7 
1.807044297593915e-11 
1.0 
2.7370044150293834e-7 
1.0 
1.0 
1.0 
1.0 
0.0 
0.0 
0.0 
1.0 
1.0 
5.000939210272433e-11 
0.0 
1.0 
1.0 
1.0 
1.0 
0.0 
0.0 
1.0 
0.0 
0.0 
0.0 
0.0 
1.0 
0.0 
1.0 
0.0 
1.0 
1.0 
1.0 
0.0 
1.0 
1.0 
1.0 
0.0 
0.0 
1.0 
0.0 
1.0 
1.0 
0.0 
1.0 
0.0 
1.0 
5.121097483100628e-8 
1.0 
1.0 
1.0 
1.0 
1.0 
1.0 
1.0 
1.0 
0.0 
0.0 
0.0 
0.0 
8.45771746609824e-12 
1.0 
1.1985805438551218e-6 
0.0 
1.2780929225805868e-7 
1.0 
1.0 
1.0 
0.0 
1.0 
1.0 
0.0 
1.0 
1.0 
1.445391570035481e-10 
1.8319408744028096e-11 
0.0 
2.448187890880035e-7 
1.0 
1.0 
4.271890606724698e-8 
1.0 
1.066119012402401e-11 
1.0 
0.0 
1.0 
1.0 
1.0 
1.0 
0.0 
1.0 
1.0 
0.0 
3.2361727282417776e-8 
7.428586066121991e-8 
0.0 
1.0 
0.0 
1.0 
0.0 
6.61687219389852e-7 
1.0 
0.0 
1.0 
1.0 
1.0 
0.0010150086609132492 
1.0 
0.0 
1.0 
1.0 
1.0 
1.0 
1.0 
1.5175991040141832e-6 
1.0 
1.0 
0.0 
1.0 
0.0012277845637076901 
4.103462915108622e-12 
1.0 
1.0 
1.0 
0.0 
1.0 
0.0 
1.0 
1.0 
1.0 
0.0 
1.0 
0.0036304543849538014 
1.0 
1.0 
0.0 
1.0 
1.0 
0.0 
5.791548460732118e-7 
4.722406871342081e-12 
1.0 
1.0 
0.0 
0.0 
0.0 
0.0 
0.00149081513115991 
0.0 
0.0 
1.0 
3.1078850151940474e-7 
1.0 
0.0 
0.5380396515969394 
1.0 
1.0 
1.0 
1.0 
1.0 
1.0 
1.0 
1.0 
0.0 
0.0 
1.0 
1.0 
1.0 
1.0 
1.0 
1.0 
1.0 
1.0 
1.0 
0.0 
0.0 
1.0 
0.000499683089173843 
1.0 
1.0 
1.0 
1.0 
1.0 
1.0 
1.0 
1.0 
1.0 
1.0 
1.0 
1.0 
0.0 
1.0 
0.0003326358318974862 
1.0 
0.0019502400502940376 
1.0 
1.0 
0.0 
1.0 
1.0 
1.0 
0.0 
0.0 
1.0 
1.0 
3.655923760598883e-11 
1.0 
1.0 
1.0 
1.8743874320073435e-7 
1.0 
1.0 
1.0 
1.0 
0.0 
0.29868959686771634 
4.3366927309100903e-7 
0.0 
0.0 
0.07023598527456966 
0.0 
1.0 
0.0 
0.0 
1.0 
1.0 
1.0 
0.00031410095228790195 
1.0 
1.0 
1.0 
1.0 
3.4016674616746504e-7 
1.0 
1.0 
0.0 
0.0 
1.0 
0.0 
1.0 
1.0 
0.0 
1.0 
0.00044850680032496433 
0.0 
4.940802896027874e-12 
1.0 
2.2641597839126344e-11 
0.0 
1.0 
6.119536399419085e-9 
0.0 
0.0 
0.0 
1.0 
1.0 
0.6688497053839382 
1.0 
1.0 
3.4423978825288644e-7 
1.0 
1.0 
0.06102387669590921 
1.0 
1.0 
1.0 
1.0 
0.0 
1.0 
1.0 
3.0554001237056923e-12 
1.0 
0.0 
1.0 
0.0 
0.0 
0.0 
0.0 
3.5903867285820593e-12 
8.244826637051539e-7 
0.0 
0.0 
1.0 
0.0014156531655951687 
1.0 
0.0 
0.0037152582226051304 
0.0 
1.0 
0.0 
3.7627857756127444e-6 
1.0 
0.0 
0.0 
3.295118787534342e-6 
0.0 
1.0 
3.2905447402525785e-9 
1.0 
1.0 
1.0 
1.0 
0.00019693395539387192 
1.5918441110085626e-6 
0.0018231942946013904 
7.280905047381708e-7 
1.0 
1.0 
0.0026605861505346255 
0.0 
1.0 
1.0 
1.0 
1.0 
0.0 
0.9266529378600757 
0.0 
1.0 
1.0 
0.0 
3.0058164894091443e-7 
1.0 
1.0 
0.0 
1.0 
1.0 
0.0002847108927283244 
2.997557552510304e-9 
0.0 
1.0 
1.0 
1.0 
2.6902384738658946e-5 
1.2173235293007833e-10 
1.0 
1.0 
0.010533519939005306 
1.0 
1.0 
1.0 
1.0 
1.0 
1.0 
1.0 
0.0 
1.0 
0.0 
0.0 
0.0 
1.0 
1.0 
0.0 
1.0 
0.7442365955493997 
1.0 
1.0 
1.0 
1.0 
0.0 
1.0 
0.00015203811727241014 
0.0 
1.0 
1.0 
1.0 
1.0 
1.0 
1.0 
1.0 
1.0 
0.0 
1.0 
1.0 
0.0005131185005819522 
0.0 
0.0 
0.0 
1.0 
1.0 
1.0 
1.0 
1.0 
2.0210648235686805e-12 
1.0 
1.0 
1.0 
1.0 
0.0 
1.0 
0.0 
0.0 
1.0 
1.0 
1.0 
1.0 
1.0 
1.0 
1.0 
0.0 
1.0 
1.0 
1.5078293060295109e-5 
1.0 
1.0 
1.0 
1.0 
1.0 
1.0 
1.0 
5.937306696876856e-8 
1.0 
1.0 
2.751253478636866e-8 
0.0 
1.0 
1.0 
1.0 
1.0 
0.0 
0.0 
1.0 
1.0 
1.0 
1.0 
4.845748589158462e-7 
1.0 
0.0 
1.0 
1.0 
1.0 
1.0 
0.0004000387523929574 
1.0 
0.0 
0.0002012743681599088 
0.0002997467090110774 
1.0 
1.0 
1.0 
0.0 
1.0 
1.0 
0.0 
1.0 
0.0002534970152961339 
0.0 
1.0 
0.0 
1.0 
1.0 
1.5260895431158847e-6 
0.0 
1.0 
0.0 
0.0 
0.0 
1.0 
1.0 
1.0 
0.0 
0.003357467243655715 
0.0 
1.0 
1.0 
1.0 
1.0 
1.0 
0.0 
0.0 
1.4473272898386934e-8 
0.0 
1.0 
1.0 
1.0 
1.0 
1.0 
1.0 
1.0 
1.0 
1.0 
0.0 
1.0 
1.6315131672058872e-6 
1.0 
0.0 
1.0 
0.0 
1.8818194351871301e-6 
1.0 
1.0 
1.0 
1.0 
1.0 
1.7476105945601968e-7 
1.0 
0.0 
1.0 
1.0 
0.00306173106593785 
1.0 
1.0 
0.0 
1.0 
0.0 
1.0 
1.7623399417234788e-6 
0.00011783788253199451 
1.0 
0.0 
1.0 
1.0 
0.000669712948951298 
1.0 
1.0 
0.0 
1.0 
0.0 
8.720476164218854e-7 
1.0 
0.0 
1.0 
1.0 
0.0 
1.0 
0.0003302927427654928 
1.0 
1.0 
1.0 
0.0 
1.0 
1.0 
1.0 
1.0 
1.0 
0.0 
1.0 
0.0 
0.0 
1.0 
1.0 
1.0 
1.0 
1.0 
1.0 
0.0 
0.7329864209482028 
1.0 
0.0 
3.035982578932204e-10 
1.0 
0.0 
1.0 
1.0 
1.0 
0.0 
0.0 
1.0 
0.0156638092941802 
0.00028322231221608607 
1.0 
0.14945974568361867 
1.0 
0.0 
0.0 
3.703095828105574e-7 
1.0 
1.0 
0.0 
0.0 
1.0 
1.0 
0.0 
0.0 
0.0 
0.0 
1.0 
0.0 
1.0 
1.0 
0.0 
0.00035249735260328127 
0.0 
1.0 
0.0 
1.0 
1.0 
0.0013985080592988064 
1.0 
0.0016765217013763115 
1.0 
1.0 
1.0 
0.0 
1.0 
0.0 
1.0 
1.0 
1.0 
1.0 
3.472259313176053e-5 
0.0 
0.0 
0.0005460406044568846 
1.0 
0.00332359441199611 
0.0009686936353937377 
0.0 
1.0 
0.0 
0.0 
1.0 
1.0 
0.0 
0.0 
1.0 
0.0 
0.0 
0.0 
0.005023634639502187 
1.3905206663527334e-6 
1.0 
0.0 
1.0 
1.0 
1.0 
1.0 
1.0 
0.0 
1.0 
0.0 
0.0011121665242065668 
1.0 
1.0 
1.0 
0.0 
0.0004647742094639504 
1.0 
1.0 
0.0007479053038486543 
0.0 
1.0 
1.0 
1.0 
0.0 
1.0 
0.0 
1.0 
1.0 
1.0 
1.0 
1.0 
1.0 
0.0 
0.0 
0.005299318235725331 
0.829626539629188 
0.00038141294967539483 
0.000702674249192932 
1.0 
0.0 
1.0 
0.0003399662062354238 
1.0 
1.0 
1.0 
8.901975684980589e-5 
1.0 
1.0 
1.0 
1.0 
4.1699706183822007e-7 
0.0 
0.0 
1.0 
0.0 
0.0 
0.0 
1.0 
1.0 
1.0 
1.0 
0.0 
3.59466056442693e-9 
1.0 
1.0 
1.0 
0.0 
1.430815295282574e-6 
1.0 
1.0 
0.0 
1.0 
1.0 
1.0 
1.0 
0.02050931591925195 
1.0 
1.0 
1.0 
0.0017309878026253059 
1.0 
0.0 
0.0 
1.0 
0.0 
0.0 
9.510390649761693e-5 
1.0 
0.0 
0.006860471442185044 
1.0 
1.0 
0.0 
1.0 
1.0 
3.0041811045585552e-5 
1.0 
1.0 
0.0 
1.0 
1.0 
0.0 
1.0 
0.00015770680704633083 
1.994509714526917e-6 
0.0 
0.0 
1.0 
0.0 
0.0 
0.007059453336173974 
1.0 
1.0 
1.0 
3.8219839567531905e-5 
1.0 
1.0 
0.0 
0.0 
0.0 
1.0 
0.0 
1.0 
1.0 
1.0 
1.0 
1.0 
1.0 
0.0 
0.0 
1.0 
1.0 
1.0 
1.0 
1.0 
0.0 
1.0 
1.0 
1.0 
1.0 
1.0 
1.0 
0.0 
1.0 
1.0 
5.42304974695414e-8 
1.0 
1.0 
1.0 
1.0 
0.027218256566540935 
1.0 
0.0 
1.0 
1.0 
1.0 
1.0 
1.0 
1.0 
0.0008049843879422353 
0.0 
0.0 
1.0 
1.0 
1.0 
1.0 
0.0 
1.0 
1.0 
0.871258386010283 
0.0 
1.0 
0.0 
1.0 
0.0 
1.0 
1.0 
0.0 
0.0 
0.0 
1.0 
0.0 
1.0 
1.0 
1.0 
9.641953154863332e-13 
0.5747817755965943 
0.0 
1.0 
1.0 
1.0 
1.0 
1.0 
0.0 
1.0 
0.0 
1.0 
1.0 
1.0 
3.3006533880493474e-7 
0.0 
1.0 
0.0 
0.0 
0.0 
9.527915880300747e-13 
1.0 
1.0 
1.0 
1.0 
1.0 
0.0 
1.0 
0.0 
1.0 
4.136363447502577e-12 
1.0 
0.8717519944326612 
1.0 
1.0 
0.0 
1.0 
1.0 
1.0 
1.0 
1.0 
1.0 
0.0 
1.0 
1.0 
0.7645373395025223 
1.0 
1.0 
0.0 
1.0 
1.0 
0.0 
1.0 
1.0 
1.0 
1.0 
1.0 
1.0 
1.0 
0.0 
1.0 
6.4178221002657285e-6 
1.0 
0.0 
1.0 
0.0 
1.0 
0.0 
1.0 
0.0 
1.0 
1.0 
1.0 
0.0 
1.0 
1.0 
0.0036284512508997302 
1.0 
0.0 
0.0 
0.0 
1.0 
0.0 
0.0 
1.0 
0.0 
1.0 
1.0 
0.0 
1.0 
0.0 
2.1449216689917267e-6 
0.0 
1.0 
0.08120791569538882 
0.0 
0.014711729551084735 
1.0 
0.0 
1.0 
0.0 
0.0 
0.0 
0.0 
1.0 
0.0 
1.0 
1.0 
0.0 
0.011949092241719902 
1.0 
1.0 
0.0 
1.6400994760862385e-6 
0.0 
0.0 
0.0 
1.0 
1.0 
1.0 
0.0 
1.0 
1.0 
0.0 
0.0 
0.0 
1.0 
3.7643546466116386e-6 
1.0 
1.0 
1.0 
0.0 
0.0 
0.0 
0.0 
1.0 
0.0 
1.0 
1.0 
1.0 
1.0 
1.0 
1.0 
1.0 
0.0 
0.0 
0.0 
0.0 
1.0 
0.0027913124195358702 
0.0 
0.0 
0.0 
1.0 
1.0 
1.0 
1.0 
1.0 
1.0 
0.0 
0.0 
1.0 
1.0 
1.0 
0.0006277821719745005 
1.0 
1.0 
0.0 
1.0 
0.0 
0.0 
1.0 
0.011184283505490169 
0.003952493836759055 
1.0 
1.0 
1.0 
1.0 
1.0 
0.0 
1.0 
1.0 
0.0 
0.0 
1.0 
1.0 
0.0 
0.0 
0.0 
0.0 
0.0022809878572236644 
1.0 
1.0 
0.0 
1.0 
1.0 
1.0 
1.0 
1.0 
1.0 
0.4598535474816821 
0.0010394075554435067 
0.0 
0.00011511300222769643 
0.0003424627111293462 
0.0 
1.0 
1.0 
1.0 
1.0 
1.0 
1.0 
0.0 
1.0 
1.0 
0.0 
1.0 
0.0 
1.0 
0.0 
3.856035264174541e-5 
1.0 
1.0 
1.0 
7.72058168679564e-7 
1.0 
1.0 
1.0 
1.0 
0.0 
1.0 
1.0 
0.0 
1.0 
1.0 
1.0 
9.269820918234855e-5 
1.0 
1.0 
1.0 
1.0 
1.0 
1.810881554178346e-10 
1.0 
2.879226609913142e-10 
1.0 
1.0 
1.0 
0.0 
0.0005712731399042948 
1.0 
1.0 
1.0 
0.0 
1.0 
1.0 
0.00042624347868246403 
1.0 
6.064277586960456e-5 
0.0 
0.0 
1.0 
0.0 
1.0 
0.0 
0.0 
0.0 
1.0 
1.0 
9.008115556390822e-5 
0.0 
0.0 
0.0 
0.0 
1.0 
1.0 
0.0 
7.654299950824325e-5 
0.0 
1.0 
1.90637677383889e-7 
0.0 
4.551699064934604e-5 
1.0 
0.0 
1.0 
0.0 
1.0 
7.861960197143257e-5 
1.0 
0.0 
0.08341494823202127 
1.0 
1.0 
1.0 
1.0 
3.2381348166101107e-10 
1.1562622595934438e-10 
1.0 
1.0 
0.0 
5.23251721059471e-5 
0.0 
5.571847648549129e-11 
1.0 
1.0 
5.214061494252234e-7 
0.0 
9.682651644729647e-9 
1.0 
1.0 
1.0 
1.0 
1.4864808522348076e-6 
1.0 
3.6385141439958017e-9 
1.0 
0.0 
1.0 
0.0 
0.00019953750230196498 
1.1083792548362533e-8 
2.794853144973939e-5 
1.0 
3.9856340954614123e-5 
0.0 
0.002998652522359022 
3.31820217307825e-8 
0.0 
4.119264289022153e-9 
1.0 
0.0007918874765845845 
1.0 
0.0 
1.0 
0.0 
8.994121041659501e-5 
1.0 
0.0002839349650025588 
1.707240441611862e-10 
0.0 
1.0 
1.0 
0.00796741911137101 
0.0 
0.0 
1.0 
0.0 
7.326109452103885e-6 
4.14368041203346e-11 
1.0 
7.713404781122672e-7 
1.0 
1.0 
1.0 
0.0 
1.0 
0.0 
1.0 
1.0 
1.0 
1.0 
1.0 
1.0 
1.0 
1.0 
0.0 
1.0 
1.0 
1.0 
0.8759996958088703 
1.0 
1.0 
2.61294785863758e-5 
1.0 
1.0 
0.0 
1.0 
1.0 
1.5535725570993908e-5 
0.0 
1.0 
1.0 
0.0 
1.2088522496878353e-5 
0.0 
1.0 
0.0 
1.0 
1.0 
4.220058308087741e-6 
0.0 
1.0 
1.0 
0.0 
1.0 
0.0 
0.0 
1.0 
1.2965869489888906e-10 
1.0 
0.0 
0.0 
1.0 
1.0 
0.028420510890209708 
1.0 
1.0 
1.0 
5.4594286487789525e-12 
1.0 
0.0 
1.2592162615986735e-6 
0.0 
0.0 
0.0 
1.0 
1.0 
0.0 
0.0 
1.0 
0.0 
0.0 
4.3027937337567215e-10 
0.0 
1.0 
1.0 
0.0 
1.0 
1.0 
0.0 
0.0 
1.0 
1.0 
1.0 
2.574615301198163e-6 
0.0 
1.0 
0.0 
0.0 
0.0 
1.0 
1.0 
4.7546307883030637e-7 
1.0 
1.0 
0.0 
0.0 
0.029034686161850377 
1.0 
0.0 
1.0 
1.0 
1.0 
0.0 
6.365016739135051e-7 
0.0 
1.0 
0.8721029983733406 
1.0 
1.0 
0.0 
0.0 
3.2622200011309676e-9 
5.089668304086582e-10 
0.0 
1.0 
1.0 
1.0 
1.0 
1.0 
0.0 
1.0 
1.0 
0.0 
1.0 
0.0 
4.775834691944991e-5 
0.0 
0.5802462588629892 
1.0 
1.0 
0.0 
1.0 
0.0 
2.155843297864609e-11 
1.0 
4.7477645337249425e-5 
2.6364962199283343e-11 
0.0 
1.0 
0.0 
1.0 
1.0 
0.0 
1.0 
6.92374167932431e-11 
1.0 
1.0 
1.0 
1.0 
1.0 
1.0 
1.0 
1.0 
1.0 
1.0 
1.0 
2.314451306546025e-5 
0.0 
1.0 
1.656857258793768e-6 
0.0 
1.0 
0.0 
0.0 
1.0 
0.0 
1.0 
0.0 
1.0 
0.0 
1.0 
1.0 
1.0 
1.0 
1.0 
1.0 
0.0 
1.0 
0.0 
0.0 
1.0 
1.0 
1.1203439784788169e-8 
1.0 
0.0 
1.0 
6.083705673833893e-11 
1.0 
1.0 
1.0 
1.0 
0.0 
0.0 
0.0 
0.048293178762729455 
0.0 
1.0 
0.0 
7.290953564522951e-8 
1.0 
0.0 
0.6947645700877612 
0.0 
2.37986682524634e-13 
0.0 
1.0 
0.0 
1.0 
0.0 
1.692476507743833e-13 
1.0 
1.0 
0.00012434520004497125 
0.0 
0.0 
0.0 
6.0787428353240966e-5 
1.0 
0.0 
1.0 
1.0 
0.0 
1.0 
1.0 
0.0 
0.0 
1.0 
0.0 
0.0006432287422974283 
0.0012499681004203736 
0.00030278355488757696 
1.0 
0.00012231982161911938 
1.0 
1.0 
1.0 
0.0 
0.0 
1.0 
1.0 
2.4110281945525466e-6 
0.0 
1.0 
1.0 
1.0 
0.0 
0.004049216274552695 
1.0 
1.0 
1.0 
0.0 
0.0 
0.0 
1.0 
0.0 
1.0 
1.0 
1.0 
0.0 
1.0 
1.0 
1.0 
0.0 
1.0 
1.0 
1.0 
1.0 
1.0 
8.114462947092164e-14 
1.0 
1.0 
1.0 
1.0 
0.0 
1.0 
1.0 
0.0 
1.0 
1.0 
0.0 
1.0 
1.0 
1.0 
0.0 
1.0 
1.0 
1.0 
1.0 
1.521027354823365e-12 
1.0 
0.0 
1.0 
0.0 
1.0 
0.0 
0.0 
9.986498152854769e-6 
0.0 
1.0 
1.0 
1.0 
0.0 
9.909780325051661e-5 
1.0 
1.0 
0.0 
0.0 
0.0 
1.0 
0.0 
4.0900323141338685e-12 
1.0 
5.847261538448609e-12 
1.0 
1.0 
1.0 
0.0 
1.0 
0.0 
0.0 
1.0 
1.0 
0.0 
1.0 
1.0 
1.0 
2.896637100462032e-10 
1.0 
1.0 
0.0 
1.0 
0.0 
0.0 
0.0 
0.0 
1.0 
0.0 
1.0 
1.0 
1.0 
1.0 
1.0 
1.0 
1.0 
1.0 
0.0 
0.0 
0.0 
1.0 
0.0 
0.0 
1.0 
1.0 
1.0 
3.6428299842012104e-5 
1.0 
0.0 
1.0 
1.0 
1.0 
6.254076784861901e-13 
0.0 
1.0 
0.0 
0.0 
0.0 
1.0 
1.0 
1.0 
1.0 
1.0 
1.0 
0.0 
1.0 
0.0 
1.0 
1.0 
1.0 
4.251034264540358e-11 
1.0 
0.0 
0.0 
0.0 
0.0 
1.0 
1.0 
1.0 
1.0 
0.0 
0.0 
1.0 
1.0 
0.0 
0.0 
3.989209875603398e-12 
2.5425125854977346e-10 
1.0 
1.0 
1.0 
1.0 
0.0 
0.0 
0.00035712374536044284 
1.0 
1.0 
0.0 
0.0 
1.0 
1.0 
0.0 
7.358292893355253e-7 
1.0 
0.0 
1.0 
0.0 
1.0 
1.0 
1.0 
4.114642898222338e-9 
0.0 
0.0 
1.687216329681924e-6 
8.665857428708922e-9 
0.0 
1.0 
4.472785915313785e-6 
0.0 
0.0 
1.0 
6.095988893651215e-6 
6.485880721996892e-8 
1.0 
1.0 
1.0 
4.6595442968410674e-5 
0.0 
1.0 
1.0 
0.0001344879362669779 
1.0 
1.0 
1.0 
0.0 
0.0015647591737715848 
1.0706733088875041e-10 
1.0 
8.404855711822757e-6 
0.0 
0.0 
4.226775304884271e-6 
1.0 
0.0 
0.0 
2.210199233242521e-6 
3.161877329792076e-7 
0.0 
1.0 
1.0 
5.130893760849967e-6 
1.0 
1.0 
1.0 
2.6130434315202065e-6 
1.0 
1.0 
7.939147303132522e-10 
1.0 
1.0 
1.0 
0.0 
1.914648416601428e-12 
1.0 
1.0 
1.0 
1.0 
1.0 
0.0 
1.0 
1.0 
0.0 
1.0 
1.580019662884765e-5 
0.0 
1.3945761830583997e-5 
1.790447156454513e-5 
1.0 
1.0 
0.0 
1.0 
3.546340636890938e-6 
0.0 
1.0 
1.0 
1.0 
1.0 
1.0 
1.1512836114079375e-10 
1.783369246542549e-11 
1.0 
1.0 
1.0 
1.0 
1.0 
6.14964500555323e-8 
1.0 
6.855950555830877e-7 
1.0 
4.186885376716536e-12 
1.0 
5.269405544617073e-7 
1.0 
1.0 
3.70780747445803e-6 
1.0 
1.2274153998625572e-11 
2.263776358540315e-6 
1.0 
1.0 
0.0 
1.0 
0.0 
2.0106261103358955e-6 
1.2242205990424308e-6 
1.0 
1.0 
1.0 
5.85939571879289e-7 
0.0 
1.0 
1.0 
1.0 
1.0 
3.3097554403208203e-6 
1.0 
1.0 
1.0 
1.0 
0.0 
1.0 
2.7896287267263487e-6 
1.0 
1.0 
1.0 
1.0 
0.0 
1.0 
0.0 
3.7215530040831594e-6 
0.0 
1.0 
0.02463069718937326 
1.0 
1.0 
1.0 
0.0 
1.0 
2.041562909831846e-13 
1.0 
1.0 
1.0 
1.0 
0.9512475432904733 
0.0 
1.0 
1.0 
1.0 
1.0 
7.378930803977012e-13 
1.0 
0.0031468789136180927 
1.0 
1.0 
3.0208930931010865e-12 
7.2675499692230735e-6 
0.0 
1.0 
5.023578927672568e-13 
0.0 
0.0 
1.0 
0.0 
1.0 
1.0 
1.0 
1.0 
1.0 
0.0 
0.0 
1.0 
1.0 
0.0 
1.6410599129583286e-11 
0.0 
1.0 
1.0 
1.0 
0.0 
1.0 
1.0 
0.0 
1.0 
1.0 
1.8541288365112673e-5 
1.0 
1.0 
1.0 
1.0 
1.0 
0.0 
0.0 
1.0 
1.0 
0.0 
2.4092359213065054e-5 
1.0 
1.0 
0.0 
0.0 
2.0423270652308464e-5 
1.0 
1.0 
5.247366049116199e-13 
1.0 
1.0 
1.0 
1.0 
1.0 
1.0 
1.0 
1.0 
1.0 
1.0 
0.1876056836416293 
1.0 
1.0 
1.0 
1.0 
0.0 
1.0 
0.0006245035196454459 
0.0 
1.0 
1.0 
1.0 
1.0 
0.0 
1.0 
0.0 
1.0 
2.9820767095078754e-11 
1.0 
6.60398104653553e-5 
0.0 
0.6101334572413948 
1.0 
9.086869590822402e-8 
0.0 
1.0 
1.0 
2.2071289037063678e-11 
0.0 
1.0 
1.0 
1.0 
4.564190503958987e-12 
2.6380518049663865e-13 
0.0 
1.0 
1.0 
1.0 
0.0 
1.0 
1.0 
1.0 
1.0 
1.0 
0.0 
0.08168481631933677 
3.8012946252787993e-5 
1.7265493641095017e-7 
1.0 
1.0 
1.0 
7.984080274176134e-5 
1.0 
1.0 
1.0 
1.0 
0.0 
1.0 
0.0 
1.0 
0.0 
1.0 
1.0 
0.0 
0.0 
1.0 
0.6056326640011516 
0.0004937152466128789 
1.0 
0.0 
0.0 
0.0 
0.0 
0.0 
1.1111561893033926e-9 
0.0 
7.741352080528606e-11 
1.0 
2.059635384229961e-12 
0.0006351792956992579 
1.834485894878329e-12 
3.0451734853052812e-5 
0.0008752136592184206 
1.0 
1.0 
1.0 
0.0 
1.0 
0.0 
1.0 
1.0 
8.655093474316338e-7 
0.0 
1.0 
1.0 
0.0 
1.0 
0.0 
1.0 
1.0 
0.00028019309542715037 
0.0 
1.0 
1.0 
1.0 
0.9778638391815648 
0.0 
1.0 
1.0 
1.0 
1.0 
1.0 
1.0 
1.0 
1.0 
1.0 
1.0 
1.0 
0.0 
1.0 
1.0 
1.0 
1.0 
1.0 
1.0 
1.0 
1.0 
0.0 
0.0 
0.0 
1.0 
4.450838617682915e-6 
0.0 
9.181508327668243e-14 
1.0 
0.0 
1.0 
1.0 
0.0 
1.0 
1.198145573801337e-12 
8.840465984268537e-13 
1.0 
1.0 
0.0 
0.0 
0.0 
1.0 
1.0 
0.00012815359044002737 
0.0 
0.0 
1.0 
1.0 
0.0 
1.0 
1.0 
1.0 
0.0 
0.0 
0.0 
1.0 
3.4810497568967527e-12 
1.0 
1.0 
1.0 
6.065180693238679e-12 
1.0 
0.0 
0.0 
1.0 
1.0 
0.0 
0.0 
1.0 
0.0 
1.0 
0.0 
0.0 
1.0 
0.0 
1.0 
3.4477806252257416e-12 
1.0 
0.0 
0.0 
1.0 
1.0 
1.0 
0.0 
1.0 
1.0 
1.0 
0.0 
0.0 
0.0 
1.0 
1.0 
1.0 
1.0 
0.0 
1.0 
1.0 
7.723634113144504e-13 
1.0 
1.0 
1.0 
1.0 
1.0 
0.0 
1.0 
1.0 
1.0 
1.0 
0.0 
1.0 
1.0 
0.0 
1.0 
1.0 
1.0 
0.0 
0.0 
0.0 
1.0 
1.0 
0.0 
0.0 
0.0 
0.0 
1.0 
1.0 
1.0 
0.0 
1.0 
0.0 
1.0 
1.0 
0.0 
3.804363009305849e-11 
0.0 
1.0 
1.0 
0.0 
1.0 
0.0 
6.161304042144651e-12 
0.0 
1.0 
1.0 
1.0 
0.0 
0.0 
0.0 
0.0 
1.0 
0.0 
4.230969215075059e-11 
0.0 
1.360646305256068e-12 
0.0 
0.0 
0.0 
0.0 
1.9283727164907444e-11 
0.0 
1.0 
0.0 
1.0 
0.0 
1.0 
1.0 
0.0 
0.0 
0.0 
0.03426577230257721 
2.94743434644347e-11 
1.0 
1.0 
0.0 
1.0 
0.0 
1.0 
0.0 
1.0 
1.0 
1.0 
5.867693644522301e-5 
0.0007788072111901025 
0.13452085000606256 
0.0 
0.0 
0.0 
0.0 
1.0 
0.25799718697568885 
0.0 
0.0 
0.0 
0.0 
0.0 
1.0 
0.0 
0.0 
1.932345950926731e-11 
0.0 
0.0 
0.0 
0.0 
