-85.0 -85.0 29.56033810805842 
-85.0 -80.0 43.54424906569416 
-85.0 -75.0 28.548535558443508 
-85.0 -70.0 23.13724966384094 
-85.0 -65.0 18.96446861201296 
-85.0 -60.00000000000001 16.246470186067643 
-85.0 -55.00000000000001 14.423210459748889 
-85.0 -50.0 13.098441047235992 
-85.0 -45.0 12.126557978582273 
-85.0 -40.0 11.435797740816573 
-85.0 -34.99999999999999 10.91058596527368 
-85.0 -30.000000000000004 10.488769010044773 
-85.0 -25.0 10.16520139581198 
-85.0 -20.0 9.937216774878715 
-85.0 -14.999999999999996 9.788531772869138 
-85.0 -10.000000000000004 9.700034745413133 
-85.0 -5.000000000000002 9.658212091812347 
-85.0 0.0 9.656214761661795 
-85.0 5.000000000000002 9.69231202864924 
-85.0 10.000000000000004 9.769096889538257 
-85.0 15.000000000000007 9.894343029787633 
-85.0 20.000000000000007 10.082647641036347 
-85.0 24.999999999999993 10.354461929590203 
-85.0 29.999999999999993 10.72758901137913 
-85.0 34.99999999999999 11.206051364591687 
-85.0 40.0 11.79636329952122 
-85.0 45.0 12.563938967709559 
-85.0 50.0 13.630289595994498 
-85.0 55.00000000000001 15.07173520807605 
-85.0 60.00000000000001 17.04055375788328 
-85.0 65.00000000000001 19.95124691465697 
-85.0 69.99999999999999 24.391434928248003 
-85.0 75.0 30.13044279751023 
-85.0 80.0 45.97916098376463 
-85.0 85.0 31.21783959917587 
-80.0 -85.0 51.967394900727435 
-80.0 -80.0 77.54156300988892 
-80.0 -75.0 51.856852113853286 
-80.0 -70.0 43.06984383729811 
-80.0 -65.0 36.24761055584823 
-80.0 -60.00000000000001 31.874629360528445 
-80.0 -55.00000000000001 29.003207235718587 
-80.0 -50.0 26.945981990550354 
-80.0 -45.0 25.471782520882847 
-80.0 -40.0 24.475151688238327 
-80.0 -34.99999999999999 23.736870090901252 
-80.0 -30.000000000000004 23.13667452990076 
-80.0 -25.0 22.67505612757006 
-80.0 -20.0 22.35903687637207 
-80.0 -14.999999999999996 22.164587248277318 
-80.0 -10.000000000000004 22.05889836585543 
-80.0 -5.000000000000002 22.018879350760052 
-80.0 0.0 22.03350335158936 
-80.0 5.000000000000002 22.10021902361988 
-80.0 10.000000000000004 22.22308845945312 
-80.0 15.000000000000007 22.414754121725036 
-80.0 20.000000000000007 22.700205634763268 
-80.0 24.999999999999993 23.114594490361295 
-80.0 29.999999999999993 23.68447230001546 
-80.0 34.99999999999999 24.404645793165177 
-80.0 40.0 25.276113544948952 
-80.0 45.0 26.424332207472094 
-80.0 50.0 28.078621254678158 
-80.0 55.00000000000001 30.35030703979643 
-80.0 60.00000000000001 33.47973506025902 
-80.0 65.00000000000001 38.18524537834884 
-80.0 69.99999999999999 45.46092759586837 
-80.0 75.0 54.789274925259086 
-80.0 80.0 81.94917323088015 
-80.0 85.0 54.91962984807081 
-75.0 -85.0 44.80452408020461 
-75.0 -80.0 69.15876124469177 
-75.0 -75.0 48.76615070431978 
-75.0 -70.0 43.26502609710035 
-75.0 -65.0 39.103440089324366 
-75.0 -60.00000000000001 36.870860005887145 
-75.0 -55.00000000000001 35.76048704139236 
-75.0 -50.0 35.13655183974178 
-75.0 -45.0 34.839345176695595 
-75.0 -40.0 34.83897831425625 
-75.0 -34.99999999999999 34.90821332641424 
-75.0 -30.000000000000004 34.92210654898243 
-75.0 -25.0 34.92199774165306 
-75.0 -20.0 34.957844641301065 
-75.0 -14.999999999999996 35.02657378075357 
-75.0 -10.000000000000004 35.103087203256635 
-75.0 -5.000000000000002 35.169263558876175 
-75.0 0.0 35.218317319642416 
-75.0 5.000000000000002 35.24932192745042 
-75.0 10.000000000000004 35.26423351076073 
-75.0 15.000000000000007 35.27093826244103 
-75.0 20.000000000000007 35.288867181406324 
-75.0 24.999999999999993 35.34474534419507 
-75.0 29.999999999999993 35.44327630016926 
-75.0 34.99999999999999 35.53525416212471 
-75.0 40.0 35.57953084337133 
-75.0 45.0 35.704347762484815 
-75.0 50.0 36.14407500467116 
-75.0 55.00000000000001 36.931043457728094 
-75.0 60.00000000000001 38.2296003344699 
-75.0 65.00000000000001 40.6976144594735 
-75.0 69.99999999999999 45.174449275776595 
-75.0 75.0 51.04038455777306 
-75.0 80.0 72.49108699406962 
-75.0 85.0 46.99739750350189 
-70.0 -85.0 35.72531901713016 
-70.0 -80.0 57.45906034193514 
-70.0 -75.0 43.01904479434643 
-70.0 -70.0 40.85120313889701 
-70.0 -65.0 39.44531434789081 
-70.0 -60.00000000000001 39.41952037870528 
-70.0 -55.00000000000001 40.1146486574564 
-70.0 -50.0 40.957614014229236 
-70.0 -45.0 41.854000279304344 
-70.0 -40.0 42.84522295186226 
-70.0 -34.99999999999999 43.710791997218244 
-70.0 -30.000000000000004 44.33083136441666 
-70.0 -25.0 44.78583175410914 
-70.0 -20.0 45.165593799046015 
-70.0 -14.999999999999996 45.48787957975636 
-70.0 -10.000000000000004 45.73639908565089 
-70.0 -5.000000000000002 45.89861946650676 
-70.0 0.0 45.97201944270058 
-70.0 5.000000000000002 45.95719525066165 
-70.0 10.000000000000004 45.85400570453982 
-70.0 15.000000000000007 45.66546131316138 
-70.0 20.000000000000007 45.40469888684487 
-70.0 24.999999999999993 45.088780750608656 
-70.0 29.999999999999993 44.7006312951579 
-70.0 34.99999999999999 44.15040730498078 
-70.0 40.0 43.3570767744161 
-70.0 45.0 42.441993948827935 
-70.0 50.0 41.629457945801995 
-70.0 55.00000000000001 40.87827167679437 
-70.0 60.00000000000001 40.284275162182084 
-70.0 65.00000000000001 40.43276885540333 
-70.0 69.99999999999999 42.00042321982444 
-70.0 75.0 44.349241321603564 
-70.0 80.0 59.35950020513895 
-70.0 85.0 36.95399570591869 
-65.0 -85.0 32.87491385528658 
-65.0 -80.0 54.648168501894 
-65.0 -75.0 42.78051019653412 
-65.0 -70.0 42.54216689080075 
-65.0 -65.0 42.79174572147768 
-65.0 -60.00000000000001 44.20191319796271 
-65.0 -55.00000000000001 46.14330973183538 
-65.0 -50.0 48.028202823974 
-65.0 -45.0 49.79160218467436 
-65.0 -40.0 51.52273068104325 
-65.0 -34.99999999999999 52.98763406774079 
-65.0 -30.000000000000004 54.06054152443824 
-65.0 -25.0 54.85452433510539 
-65.0 -20.0 55.49300885401229 
-65.0 -14.999999999999996 56.008931330710745 
-65.0 -10.000000000000004 56.39041492377938 
-65.0 -5.000000000000002 56.627481663062994 
-65.0 0.0 56.72011715631516 
-65.0 5.000000000000002 56.66992733617603 
-65.0 10.000000000000004 56.475408329645234 
-65.0 15.000000000000007 56.136689221235564 
-65.0 20.000000000000007 55.66392028932427 
-65.0 24.999999999999993 55.069231180048305 
-65.0 29.999999999999993 54.319822940689285 
-65.0 34.99999999999999 53.291835523887045 
-65.0 40.0 51.87136826477116 
-65.0 45.0 50.18468998423285 
-65.0 50.0 48.46768195698946 
-65.0 55.00000000000001 46.630429959794576 
-65.0 60.00000000000001 44.73796852644225 
-65.0 65.00000000000001 43.38474260898536 
-65.0 69.99999999999999 43.20922845996815 
-65.0 75.0 43.526582093222736 
-65.0 80.0 55.68193978205495 
-65.0 85.0 33.5290705535293 
-60.00000000000001 -85.0 32.05954188828958 
-60.00000000000001 -80.0 54.493715066740364 
-60.00000000000001 -75.0 43.893066387739225 
-60.00000000000001 -70.0 44.874566990250024 
-60.00000000000001 -65.0 46.19731120098791 
-60.00000000000001 -60.00000000000001 48.58403736982047 
-60.00000000000001 -55.00000000000001 51.40134849599059 
-60.00000000000001 -50.0 54.030859416919526 
-60.00000000000001 -45.0 56.42202114397506 
-60.00000000000001 -40.0 58.69631817127734 
-60.00000000000001 -34.99999999999999 60.603523408484946 
-60.00000000000001 -30.000000000000004 62.010095929604056 
-60.00000000000001 -25.0 63.05371422657595 
-60.00000000000001 -20.0 63.88350612380662 
-60.00000000000001 -14.999999999999996 64.54337837366127 
-60.00000000000001 -10.000000000000004 65.02402641309139 
-60.00000000000001 -5.000000000000002 65.31685502995043 
-60.00000000000001 0.0 65.42348407257315 
-60.00000000000001 5.000000000000002 65.34622367228336 
-60.00000000000001 10.000000000000004 65.08263635323739 
-60.00000000000001 15.000000000000007 64.63097351630392 
-60.00000000000001 20.000000000000007 63.99972049572728 
-60.00000000000001 24.999999999999993 63.19809451045505 
-60.00000000000001 29.999999999999993 62.18198160530025 
-60.00000000000001 34.99999999999999 60.80162616794787 
-60.00000000000001 40.0 58.9184353094477 
-60.00000000000001 45.0 56.665865987245034 
-60.00000000000001 50.0 54.29487963192243 
-60.00000000000001 55.00000000000001 51.68295415123964 
-60.00000000000001 60.00000000000001 48.88008127023994 
-60.00000000000001 65.00000000000001 46.507897629169726 
-60.00000000000001 69.99999999999999 45.20366788089922 
-60.00000000000001 75.0 44.23840762497951 
-60.00000000000001 80.0 54.94438024713573 
-60.00000000000001 85.0 32.33254584370219 
-55.00000000000001 -85.0 31.994728907172306 
-55.00000000000001 -80.0 55.173831476003954 
-55.00000000000001 -75.0 45.23874806647814 
-55.00000000000001 -70.0 47.02634284932856 
-55.00000000000001 -65.0 49.070186014675215 
-55.00000000000001 -60.00000000000001 52.134778499865064 
-55.00000000000001 -55.00000000000001 55.57390077781741 
-55.00000000000001 -50.0 58.73889929659987 
-55.00000000000001 -45.0 61.58648880202561 
-55.00000000000001 -40.0 64.25991886673995 
-55.00000000000001 -34.99999999999999 66.49387956087664 
-55.00000000000001 -30.000000000000004 68.1472859294818 
-55.00000000000001 -25.0 69.37579854136479 
-55.00000000000001 -20.0 70.34763237032908 
-55.00000000000001 -14.999999999999996 71.11462702384769 
-55.00000000000001 -10.000000000000004 71.6691035486919 
-55.00000000000001 -5.000000000000002 72.00330026691839 
-55.00000000000001 0.0 72.1199662042877 
-55.00000000000001 5.000000000000002 72.02191998085533 
-55.00000000000001 10.000000000000004 71.70606659829811 
-55.00000000000001 15.000000000000007 71.16936949594174 
-55.00000000000001 20.000000000000007 70.41929380862061 
-55.00000000000001 24.999999999999993 69.46320382843975 
-55.00000000000001 29.999999999999993 68.24883194757467 
-55.00000000000001 34.99999999999999 66.60724828440739 
-55.00000000000001 40.0 64.38189057510623 
-55.00000000000001 45.0 61.71339665563777 
-55.00000000000001 50.0 58.8670091768677 
-55.00000000000001 55.00000000000001 55.698352568851504 
-55.00000000000001 60.00000000000001 52.249910899502176 
-55.00000000000001 65.00000000000001 49.17125933420101 
-55.00000000000001 69.99999999999999 47.108974202015936 
-55.00000000000001 75.0 45.29689424228079 
-55.00000000000001 80.0 55.21319947539912 
-55.00000000000001 85.0 32.001982824849776 
-50.0 -85.0 32.31851383241281 
-50.0 -80.0 56.26185830356747 
-50.0 -75.0 46.658929272951184 
-50.0 -70.0 49.0085556749562 
-50.0 -65.0 51.562046592502156 
-50.0 -60.00000000000001 55.12098361500588 
-50.0 -55.00000000000001 59.023262030084716 
-50.0 -50.0 62.59206625990246 
-50.0 -45.0 65.78774985971461 
-50.0 -40.0 68.7690726851703 
-50.0 -34.99999999999999 71.25671899840212 
-50.0 -30.000000000000004 73.10228935432738 
-50.0 -25.0 74.47511024625905 
-50.0 -20.0 75.55817710993958 
-50.0 -14.999999999999996 76.40929833590315 
-50.0 -10.000000000000004 77.02182357590625 
-50.0 -5.000000000000002 77.3884863399954 
-50.0 0.0 77.5128505092338 
-50.0 5.000000000000002 77.39812156686607 
-50.0 10.000000000000004 77.0407220968646 
-50.0 15.000000000000007 76.43669787048091 
-50.0 20.000000000000007 75.59289473486854 
-50.0 24.999999999999993 74.51549395324123 
-50.0 29.999999999999993 73.14611531761955 
-50.0 34.99999999999999 71.30102053700521 
-50.0 40.0 68.81003989055789 
-50.0 45.0 65.82088719444948 
-50.0 50.0 62.61224157524173 
-50.0 55.00000000000001 59.024243871403286 
-50.0 60.00000000000001 55.09565878035833 
-50.0 65.00000000000001 51.50255617677237 
-50.0 69.99999999999999 48.90490394546419 
-50.0 75.0 46.50304404399003 
-50.0 80.0 55.99861637448991 
-50.0 85.0 32.132064024245146 
-45.0 -85.0 32.96790316183741 
-45.0 -80.0 57.76003354484751 
-45.0 -75.0 48.26461946640467 
-45.0 -70.0 51.03935872171065 
-45.0 -65.0 53.98434498962137 
-45.0 -60.00000000000001 57.938033825425656 
-45.0 -55.00000000000001 62.218857311298486 
-45.0 -50.0 66.12142978749517 
-45.0 -45.0 69.60788074056045 
-45.0 -40.0 72.84953531786287 
-45.0 -34.99999999999999 75.55307502971618 
-45.0 -30.000000000000004 77.562548041277 
-45.0 -25.0 79.05882059711071 
-45.0 -20.0 80.23753786564794 
-45.0 -14.999999999999996 81.1613791350941 
-45.0 -10.000000000000004 81.82427227763023 
-45.0 -5.000000000000002 82.21917108247459 
-45.0 0.0 82.35024760045921 
-45.0 5.000000000000002 82.22102283535361 
-45.0 10.000000000000004 81.82754387595219 
-45.0 15.000000000000007 81.16518243449309 
-45.0 20.000000000000007 80.24048065265127 
-45.0 24.999999999999993 79.05893365349782 
-45.0 29.999999999999993 77.55719405542553 
-45.0 34.99999999999999 75.53887898287853 
-45.0 40.0 72.82235832082971 
-45.0 45.0 69.56272956074183 
-45.0 50.0 66.05224073347384 
-45.0 55.00000000000001 62.118541902367504 
-45.0 60.00000000000001 57.79861211161346 
-45.0 65.00000000000001 53.795809664758075 
-45.0 69.99999999999999 50.78766414012481 
-45.0 75.0 47.94054272780721 
-45.0 80.0 57.261404472746804 
-45.0 85.0 32.63189359673124 
-40.0 -85.0 33.624848210018214 
-40.0 -80.0 59.172852977831575 
-40.0 -75.0 49.702497725698954 
-40.0 -70.0 52.8022946332505 
-40.0 -65.0 56.04913428923697 
-40.0 -60.00000000000001 60.31295678075909 
-40.0 -55.00000000000001 64.89428480708027 
-40.0 -50.0 69.0630904613048 
-40.0 -45.0 72.7826414962112 
-40.0 -40.0 76.23434256169723 
-40.0 -34.99999999999999 79.11287341298573 
-40.0 -30.000000000000004 81.2556607054407 
-40.0 -25.0 82.85275786697146 
-40.0 -20.0 84.10993528576948 
-40.0 -14.999999999999996 85.09361915308625 
-40.0 -10.000000000000004 85.79800430684982 
-40.0 -5.000000000000002 86.21608435000728 
-40.0 0.0 86.35245547353286 
-40.0 5.000000000000002 86.21088004344446 
-40.0 10.000000000000004 85.78713270383093 
-40.0 15.000000000000007 85.07612489963125 
-40.0 20.000000000000007 84.08430768663833 
-40.0 24.999999999999993 82.8168371862956 
-40.0 29.999999999999993 81.20655938235873 
-40.0 34.99999999999999 79.04699815080845 
-40.0 40.0 76.14743291320676 
-40.0 45.0 72.66946076057125 
-40.0 50.0 68.91698560589948 
-40.0 55.00000000000001 64.70767991989923 
-40.0 60.00000000000001 60.07741121680285 
-40.0 65.00000000000001 55.75314149748539 
-40.0 69.99999999999999 52.428792237549935 
-40.0 75.0 49.24165307511202 
-40.0 80.0 58.48480551954349 
-40.0 85.0 33.16938552519841 
-34.99999999999999 -85.0 34.12346546775354 
-34.99999999999999 -80.0 60.23945128204409 
-34.99999999999999 -75.0 50.78412416914865 
-34.99999999999999 -70.0 54.12623059278783 
-34.99999999999999 -65.0 57.598741165962934 
-34.99999999999999 -60.00000000000001 62.09477406169568 
-34.99999999999999 -55.00000000000001 66.90108694459431 
-34.99999999999999 -50.0 71.26914110239024 
-34.99999999999999 -45.0 75.1632300721303 
-34.99999999999999 -40.0 78.77250470408745 
-34.99999999999999 -34.99999999999999 81.78272816812648 
-34.99999999999999 -30.000000000000004 84.02630543153056 
-34.99999999999999 -25.0 85.70002419894901 
-34.99999999999999 -20.0 87.01706026087568 
-34.99999999999999 -14.999999999999996 88.04647140266376 
-34.99999999999999 -10.000000000000004 88.78250508233323 
-34.99999999999999 -5.000000000000002 89.21807952806584 
-34.99999999999999 0.0 89.35804994882517 
-34.99999999999999 5.000000000000002 89.20634610140134 
-34.99999999999999 10.000000000000004 88.75856922002777 
-34.99999999999999 15.000000000000007 88.00936132175498 
-34.99999999999999 20.000000000000007 86.96522506029204 
-34.99999999999999 24.999999999999993 85.63122215608378 
-34.99999999999999 29.999999999999993 83.93753790625915 
-34.99999999999999 34.99999999999999 81.67034561540957 
-34.99999999999999 40.0 78.6323017473422 
-34.99999999999999 45.0 74.98993860565554 
-34.99999999999999 50.0 71.05579619319377 
-34.99999999999999 55.00000000000001 66.63991967129681 
-34.99999999999999 60.00000000000001 61.7771978462624 
-34.99999999999999 65.00000000000001 57.212242515152056 
-34.99999999999999 69.99999999999999 53.651511023865204 
-34.99999999999999 75.0 50.211124235469384 
-34.99999999999999 80.0 59.39788786487069 
-34.99999999999999 85.0 33.57200277513362 
-30.000000000000004 -85.0 34.567475952373535 
-30.000000000000004 -80.0 61.161242467421864 
-30.000000000000004 -75.0 51.69717439670861 
-30.000000000000004 -70.0 55.2279116543619 
-30.000000000000004 -65.0 58.87752930989079 
-30.000000000000004 -60.00000000000001 63.55770630372017 
-30.000000000000004 -55.00000000000001 68.54300803496257 
-30.000000000000004 -50.0 73.0694019801971 
-30.000000000000004 -45.0 77.10207253779384 
-30.000000000000004 -40.0 80.83664327854814 
-30.000000000000004 -34.99999999999999 83.95174636495548 
-30.000000000000004 -30.000000000000004 86.27573457712579 
-30.000000000000004 -25.0 88.01077839541716 
-30.000000000000004 -20.0 89.37590810330664 
-30.000000000000004 -14.999999999999996 90.44214855118152 
-30.000000000000004 -10.000000000000004 91.20364499723094 
-30.000000000000004 -5.000000000000002 91.65314887275795 
-30.000000000000004 0.0 91.79566489914889 
-30.000000000000004 5.000000000000002 91.63524449373224 
-30.000000000000004 10.000000000000004 91.16738064661321 
-30.000000000000004 15.000000000000007 90.38657523431259 
-30.000000000000004 20.000000000000007 89.29949472847308 
-30.000000000000004 24.999999999999993 87.91128366410028 
-30.000000000000004 29.999999999999993 86.15015341536783 
-30.000000000000004 34.99999999999999 83.79649375645094 
-30.000000000000004 40.0 80.64769894606299 
-30.000000000000004 45.0 76.87428974211674 
-30.000000000000004 50.0 72.79569961686207 
-30.000000000000004 55.00000000000001 68.2156267373365 
-30.000000000000004 60.00000000000001 63.16812379038724 
-30.000000000000004 65.00000000000001 58.412554459859386 
-30.000000000000004 69.99999999999999 54.666535107190185 
-30.000000000000004 75.0 51.029348494010286 
-30.000000000000004 80.0 60.19133487568565 
-30.000000000000004 85.0 33.93640590970647 
-25.0 -85.0 35.01297744734351 
-25.0 -80.0 62.05059216704292 
-25.0 -75.0 52.5491377191255 
-25.0 -70.0 56.23354319256055 
-25.0 -65.0 60.02916743898299 
-25.0 -60.00000000000001 64.86400724770327 
-25.0 -55.00000000000001 70.00070860800513 
-25.0 -50.0 74.66098607491386 
-25.0 -45.0 78.81071909087383 
-25.0 -40.0 82.65127483020294 
-25.0 -34.99999999999999 85.8550756414939 
-25.0 -30.000000000000004 88.2469600575908 
-25.0 -25.0 90.03378577599015 
-25.0 -20.0 91.43961414013535 
-25.0 -14.999999999999996 92.53707640718285 
-25.0 -10.000000000000004 93.32012650423535 
-25.0 -5.000000000000002 93.78129511470547 
-25.0 0.0 93.9256749941288 
-25.0 5.000000000000002 93.7574153229225 
-25.0 10.000000000000004 93.27194038278813 
-25.0 15.000000000000007 92.46368916182234 
-25.0 20.000000000000007 91.33956213770975 
-25.0 24.999999999999993 89.90489280404702 
-25.0 29.999999999999993 88.0862959834657 
-25.0 34.99999999999999 85.65921389401691 
-25.0 40.0 82.41648138907586 
-25.0 45.0 78.53208435642452 
-25.0 50.0 74.33145580109479 
-25.0 55.00000000000001 69.61267885704082 
-25.0 60.00000000000001 64.40916766388894 
-25.0 65.00000000000001 59.49387334886014 
-25.0 69.99999999999999 55.59542756349195 
-25.0 75.0 51.79831845302031 
-25.0 80.0 60.969543177269394 
-25.0 85.0 34.31350441949256 
-20.0 -85.0 35.40886774721139 
-20.0 -80.0 62.82599252560725 
-20.0 -75.0 53.279435955093206 
-20.0 -70.0 57.0857466806356 
-20.0 -65.0 60.99819850026386 
-20.0 -60.00000000000001 65.95824183360206 
-20.0 -55.00000000000001 71.21797745640312 
-20.0 -50.0 75.98693690015182 
-20.0 -45.0 80.23152968991477 
-20.0 -40.0 84.1579422866731 
-20.0 -34.99999999999999 87.43350293330658 
-20.0 -30.000000000000004 89.8801858506656 
-20.0 -25.0 91.70873725674666 
-20.0 -20.0 93.14734561686701 
-20.0 -14.999999999999996 94.26991531064293 
-20.0 -10.000000000000004 95.07018896965644 
-20.0 -5.000000000000002 95.54047551820526 
-20.0 0.0 95.68591962513274 
-20.0 5.000000000000002 95.51075053313257 
-20.0 10.000000000000004 95.01035546157924 
-20.0 15.000000000000007 94.17916067751612 
-20.0 20.000000000000007 93.02431606121814 
-20.0 24.999999999999993 91.55137899746876 
-20.0 29.999999999999993 89.68571581864106 
-20.0 34.99999999999999 87.19873670096936 
-20.0 40.0 83.87952295918335 
-20.0 45.0 79.90488795076061 
-20.0 50.0 75.60517043095251 
-20.0 55.00000000000001 70.77376553697482 
-20.0 60.00000000000001 65.44361455099904 
-20.0 65.00000000000001 60.399246051861226 
-20.0 69.99999999999999 56.37903666491482 
-20.0 75.0 52.45537703400818 
-20.0 80.0 61.64801117014179 
-20.0 85.0 34.650252643956605 
-14.999999999999996 -85.0 35.70699578021642 
-14.999999999999996 -80.0 63.40791082634402 
-14.999999999999996 -75.0 53.82602269634755 
-14.999999999999996 -70.0 57.72266727442306 
-14.999999999999996 -65.0 61.72200403106796 
-14.999999999999996 -60.00000000000001 66.77532132764352 
-14.999999999999996 -55.00000000000001 72.12664017449436 
-14.999999999999996 -50.0 76.9762995324758 
-14.999999999999996 -45.0 81.29111510643577 
-14.999999999999996 -40.0 85.28093398514173 
-14.999999999999996 -34.99999999999999 88.60935886935351 
-14.999999999999996 -30.000000000000004 91.09628214712531 
-14.999999999999996 -25.0 92.95536556069989 
-14.999999999999996 -20.0 94.41786107647812 
-14.999999999999996 -14.999999999999996 95.5585978977853 
-14.999999999999996 -10.000000000000004 96.37113810625081 
-14.999999999999996 -5.000000000000002 96.84760912575867 
-14.999999999999996 0.0 96.99318802649434 
-14.999999999999996 5.000000000000002 96.81216920248902 
-14.999999999999996 10.000000000000004 96.2999300347889 
-14.999999999999996 15.000000000000007 95.45091601984124 
-14.999999999999996 20.000000000000007 94.27249899953216 
-14.999999999999996 24.999999999999993 92.77044294407705 
-14.999999999999996 29.999999999999993 90.86922730365531 
-14.999999999999996 34.99999999999999 88.33730418298589 
-14.999999999999996 40.0 84.96098076208902 
-14.999999999999996 45.0 80.91912680230928 
-14.999999999999996 50.0 76.545638551246 
-14.999999999999996 55.00000000000001 71.63038433653516 
-14.999999999999996 60.00000000000001 66.20595709703043 
-14.999999999999996 65.00000000000001 61.0655265814522 
-14.999999999999996 69.99999999999999 56.95484293232076 
-14.999999999999996 75.0 52.93765948569851 
-14.999999999999996 80.0 62.145982149306555 
-14.999999999999996 85.0 34.8976845106582 
-10.000000000000004 -85.0 35.90329888210906 
-10.000000000000004 -80.0 63.793001222006694 
-10.000000000000004 -75.0 54.18957266457765 
-10.000000000000004 -70.0 58.14799766255753 
-10.000000000000004 -65.0 62.20671379687731 
-10.000000000000004 -60.00000000000001 67.32347196357829 
-10.000000000000004 -55.00000000000001 72.73682710545192 
-10.000000000000004 -50.0 77.64092891779521 
-10.000000000000004 -45.0 82.00289432565488 
-10.000000000000004 -40.0 86.03508654795694 
-10.000000000000004 -34.99999999999999 89.39866336745943 
-10.000000000000004 -30.000000000000004 91.91216435321907 
-10.000000000000004 -25.0 93.79123457215744 
-10.000000000000004 -20.0 95.26919014234933 
-10.000000000000004 -14.999999999999996 96.4214797147727 
-10.000000000000004 -10.000000000000004 97.24154203462206 
-10.000000000000004 -5.000000000000002 97.72138361662269 
-10.000000000000004 0.0 97.86620888680407 
-10.000000000000004 5.000000000000002 97.68036720450174 
-10.000000000000004 10.000000000000004 97.15924642962716 
-10.000000000000004 15.000000000000007 96.29732659957092 
-10.000000000000004 20.000000000000007 95.10215158889108 
-10.000000000000004 24.999999999999993 93.5796460276875 
-10.000000000000004 29.999999999999993 91.65371901050476 
-10.000000000000004 34.99999999999999 89.0908722675326 
-10.000000000000004 40.0 85.67557592568741 
-10.000000000000004 45.0 81.58803711193136 
-10.000000000000004 50.0 77.1644471393417 
-10.000000000000004 55.00000000000001 72.19229374278605 
-10.000000000000004 60.00000000000001 66.70392679221811 
-10.000000000000004 65.00000000000001 61.498202140164075 
-10.000000000000004 69.99999999999999 57.325712254006554 
-10.000000000000004 75.0 53.2448090992273 
-10.000000000000004 80.0 62.45855894059952 
-10.000000000000004 85.0 35.05070425467877 
-5.000000000000002 -85.0 36.01455948821726 
-5.000000000000002 -80.0 64.01360770336657 
-5.000000000000002 -75.0 54.399870099397155 
-5.000000000000002 -70.0 58.395662296164794 
-5.000000000000002 -65.0 62.49006302295086 
-5.000000000000002 -60.00000000000001 67.64456727829912 
-5.000000000000002 -55.00000000000001 73.09455353534864 
-5.000000000000002 -50.0 78.03056358037995 
-5.000000000000002 -45.0 82.4199208565869 
-5.000000000000002 -40.0 86.47649960814664 
-5.000000000000002 -34.99999999999999 89.86006270310037 
-5.000000000000002 -30.000000000000004 92.38839634992055 
-5.000000000000002 -25.0 94.27833769371173 
-5.000000000000002 -20.0 95.76443108133671 
-5.000000000000002 -14.999999999999996 96.92250356201762 
-5.000000000000002 -10.000000000000004 97.74593802580765 
-5.000000000000002 -5.000000000000002 98.22668720481283 
-5.000000000000002 0.0 98.36998857682532 
-5.000000000000002 5.000000000000002 98.18024096632959 
-5.000000000000002 10.000000000000004 97.65285599483106 
-5.000000000000002 15.000000000000007 96.78235046588212 
-5.000000000000002 20.000000000000007 95.57638148386954 
-5.000000000000002 24.999999999999993 94.04097579606238 
-5.000000000000002 29.999999999999993 92.09972197676422 
-5.000000000000002 34.99999999999999 89.51801346300267 
-5.000000000000002 40.0 86.07927778296191 
-5.000000000000002 45.0 81.96446837075253 
-5.000000000000002 50.0 77.51103756883649 
-5.000000000000002 55.00000000000001 72.50509855983276 
-5.000000000000002 60.00000000000001 66.97885311201777 
-5.000000000000002 65.00000000000001 61.73430434933995 
-5.000000000000002 69.99999999999999 57.52466843069387 
-5.000000000000002 75.0 53.40549363239498 
-5.000000000000002 80.0 62.61641827268581 
-5.000000000000002 85.0 35.12499102981118 
0.0 -85.0 36.05515864527405 
0.0 -80.0 64.09677942552727 
0.0 -75.0 54.48127886720881 
0.0 -70.0 58.4930046987998 
0.0 -65.0 62.602197572982185 
0.0 -60.00000000000001 67.77187196629941 
0.0 -55.00000000000001 73.23622367796179 
0.0 -50.0 78.18441724119579 
0.0 -45.0 82.58389749415018 
0.0 -40.0 86.64916315039709 
0.0 -34.99999999999999 90.03946013441791 
0.0 -30.000000000000004 92.5723246095939 
0.0 -25.0 94.46510487760993 
0.0 -20.0 95.95286150675629 
0.0 -14.999999999999996 97.11160385507198 
0.0 -10.000000000000004 97.93472933208554 
0.0 -5.000000000000002 98.41420501295201 
0.0 0.0 98.55531284751615 
0.0 5.000000000000002 98.36249824249192 
0.0 10.000000000000004 97.83120500135077 
0.0 15.000000000000007 96.95598097143494 
0.0 20.000000000000007 95.74453451510128 
0.0 24.999999999999993 94.20293094782149 
0.0 29.999999999999993 92.25464107985188 
0.0 34.99999999999999 89.6646661276864 
0.0 40.0 86.21607348035597 
0.0 45.0 82.0900669084352 
0.0 50.0 77.6244966442413 
0.0 55.00000000000001 72.60498827773839 
0.0 60.00000000000001 67.0636813467767 
0.0 65.00000000000001 61.80353562269376 
0.0 69.99999999999999 57.57846150955586 
0.0 75.0 53.44332120666132 
0.0 80.0 62.6454642206204 
0.0 85.0 35.13416334445981 
5.000000000000002 -85.0 36.02979091046544 
5.000000000000002 -80.0 64.05144753429508 
5.000000000000002 -75.0 54.44193890431786 
5.000000000000002 -70.0 58.44924718811794 
5.000000000000002 -65.0 62.553354890496635 
5.000000000000002 -60.00000000000001 67.71673608881707 
5.000000000000002 -55.00000000000001 73.17429811410295 
5.000000000000002 -50.0 78.11594062812013 
5.000000000000002 -45.0 82.50915048457853 
5.000000000000002 -40.0 86.5682078461288 
5.000000000000002 -34.99999999999999 89.95266268738455 
5.000000000000002 -30.000000000000004 92.48027235757213 
5.000000000000002 -25.0 94.36825349297486 
5.000000000000002 -20.0 95.85151319628076 
5.000000000000002 -14.999999999999996 97.00606188568018 
5.000000000000002 -10.000000000000004 97.82538204391398 
5.000000000000002 -5.000000000000002 98.30152270130944 
5.000000000000002 0.0 98.43982286365113 
5.000000000000002 5.000000000000002 98.24477181230937 
5.000000000000002 10.000000000000004 97.71185164727171 
5.000000000000002 15.000000000000007 96.83563229321115 
5.000000000000002 20.000000000000007 95.6238099587355 
5.000000000000002 24.999999999999993 94.08242300675317 
5.000000000000002 29.999999999999993 92.13501059812192 
5.000000000000002 34.99999999999999 89.54685343591264 
5.000000000000002 40.0 86.10130134031118 
5.000000000000002 45.0 81.97934418638842 
5.000000000000002 50.0 77.51842437846373 
5.000000000000002 55.00000000000001 72.50452294711828 
5.000000000000002 60.00000000000001 66.9697983172809 
5.000000000000002 65.00000000000001 61.716096603578706 
5.000000000000002 69.99999999999999 57.49619286519835 
5.000000000000002 75.0 53.36622141107055 
5.000000000000002 80.0 62.554258971673505 
5.000000000000002 85.0 35.08265293712404 
10.000000000000004 -85.0 35.9328240453128 
10.000000000000004 -80.0 63.867329575758816 
10.000000000000004 -75.0 54.27286534445832 
10.000000000000004 -70.0 58.25453974423413 
10.000000000000004 -65.0 62.33285231965426 
10.000000000000004 -60.00000000000001 67.46750611178096 
10.000000000000004 -55.00000000000001 72.89612986791462 
10.000000000000004 -50.0 77.81159908712978 
10.000000000000004 -45.0 82.18136243487521 
10.000000000000004 -40.0 86.2185991329523 
10.000000000000004 -34.99999999999999 89.58404379185346 
10.000000000000004 -30.000000000000004 92.09617894969918 
10.000000000000004 -25.0 93.97140925423038 
10.000000000000004 -20.0 95.44377687914996 
10.000000000000004 -14.999999999999996 96.5890969520612 
10.000000000000004 -10.000000000000004 97.40100630977366 
10.000000000000004 -5.000000000000002 97.8717024999411 
10.000000000000004 0.0 98.00659119594911 
10.000000000000004 5.000000000000002 97.81020065746128 
10.000000000000004 10.000000000000004 97.27805749971476 
10.000000000000004 15.000000000000007 96.40474572652153 
10.000000000000004 20.000000000000007 95.19788523640332 
10.000000000000004 24.999999999999993 93.66342167220414 
10.000000000000004 29.999999999999993 91.72516221907185 
10.000000000000004 34.99999999999999 89.14937843054399 
10.000000000000004 40.0 85.72038056717433 
10.000000000000004 45.0 81.61844796075438 
10.000000000000004 50.0 77.1797520095283 
10.000000000000004 55.00000000000001 72.19151118850014 
10.000000000000004 60.00000000000001 66.68598616645836 
10.000000000000004 65.00000000000001 61.46171773077497 
10.000000000000004 69.99999999999999 57.268407903466255 
10.000000000000004 75.0 53.16558803005578 
10.000000000000004 80.0 62.33298073167249 
10.000000000000004 85.0 34.965095076335906 
15.000000000000007 -85.0 35.748869567685254 
15.000000000000007 -80.0 63.515919756365385 
15.000000000000007 -75.0 53.948778218591 
15.000000000000007 -70.0 57.880852134715084 
15.000000000000007 -65.0 61.91005026604764 
15.000000000000007 -60.00000000000001 66.99057332995041 
15.000000000000007 -55.00000000000001 72.36509439221999 
15.000000000000007 -50.0 77.23206701030615 
15.000000000000007 -45.0 81.55881701055372 
15.000000000000007 -40.0 85.55642602903727 
15.000000000000007 -34.99999999999999 88.88786875186884 
15.000000000000007 -30.000000000000004 91.37295379595169 
15.000000000000007 -25.0 93.22648374070518 
15.000000000000007 -20.0 94.68080098267825 
15.000000000000007 -14.999999999999996 95.8112837803246 
15.000000000000007 -10.000000000000004 96.61178859219905 
15.000000000000007 -5.000000000000002 97.0747254371343 
15.000000000000007 0.0 97.20556867790359 
15.000000000000007 5.000000000000002 97.00887596080503 
15.000000000000007 10.000000000000004 96.48022722389688 
15.000000000000007 15.000000000000007 95.6142181479669 
15.000000000000007 20.000000000000007 94.41832907632855 
15.000000000000007 24.999999999999993 92.89834987585645 
15.000000000000007 29.999999999999993 90.97859930587144 
15.000000000000007 34.99999999999999 88.42717221468526 
15.000000000000007 40.0 85.03012460526794 
15.000000000000007 45.0 80.96643276728538 
15.000000000000007 50.0 76.56996293920693 
15.000000000000007 55.00000000000001 71.6301667797058 
15.000000000000007 60.00000000000001 66.17949680044904 
15.000000000000007 65.00000000000001 61.01064742551725 
15.000000000000007 69.99999999999999 56.86801210216275 
15.000000000000007 75.0 52.81713103617835 
15.000000000000007 80.0 61.95443969376136 
15.000000000000007 85.0 34.76691317433979 
20.000000000000007 -85.0 35.460000547489685 
20.000000000000007 -80.0 62.96322250726411 
20.000000000000007 -75.0 53.438858769779365 
20.000000000000007 -70.0 57.293490028780155 
20.000000000000007 -65.0 61.24666671091848 
20.000000000000007 -60.00000000000001 66.24369112395307 
20.000000000000007 -55.00000000000001 71.53494690988282 
20.000000000000007 -50.0 76.32750178558842 
20.000000000000007 -45.0 80.5884695552722 
20.000000000000007 -40.0 84.52570312691562 
20.000000000000007 -34.99999999999999 87.80570642844205 
20.000000000000007 -30.000000000000004 90.25034545664754 
20.000000000000007 -25.0 92.07189050474986 
20.000000000000007 -20.0 93.49998671513735 
20.000000000000007 -14.999999999999996 94.60926944636351 
20.000000000000007 -10.000000000000004 95.39386869620112 
20.000000000000007 -5.000000000000002 95.84646275872527 
20.000000000000007 0.0 95.97258407574353 
20.000000000000007 5.000000000000002 95.77680327375299 
20.000000000000007 10.000000000000004 95.25476709992715 
20.000000000000007 15.000000000000007 94.4010911392732 
20.000000000000007 20.000000000000007 93.22305943719431 
20.000000000000007 24.999999999999993 91.72625320794783 
20.000000000000007 29.999999999999993 89.83580954128813 
20.000000000000007 34.99999999999999 87.32263918083109 
20.000000000000007 40.0 83.97546652432537 
20.000000000000007 45.0 79.97124340641692 
20.000000000000007 50.0 75.64026815098697 
20.000000000000007 55.00000000000001 70.77535523907575 
20.000000000000007 60.00000000000001 65.4092452943666 
20.000000000000007 65.00000000000001 60.325827492074055 
20.000000000000007 69.99999999999999 56.26162862474371 
20.000000000000007 75.0 52.291454129815925 
20.000000000000007 80.0 61.38656340010179 
20.000000000000007 85.0 34.471380067107425 
24.999999999999993 -85.0 35.06894353476786 
24.999999999999993 -80.0 62.21071946454829 
24.999999999999993 -75.0 52.741339035182925 
24.999999999999993 -70.0 56.488038018066746 
24.999999999999993 -65.0 60.336161886309846 
24.999999999999993 -60.00000000000001 65.21847224036841 
24.999999999999993 -55.00000000000001 70.39560256898694 
24.999999999999993 -50.0 75.08626965410205 
24.999999999999993 -45.0 79.25727459401678 
24.999999999999993 -40.0 83.11210375554356 
24.999999999999993 -34.99999999999999 86.32217028743602 
24.999999999999993 -30.000000000000004 88.71218332287978 
24.999999999999993 -25.0 90.49091251894473 
24.999999999999993 -20.0 91.88424662694358 
24.999999999999993 -14.999999999999996 92.96572996417648 
24.999999999999993 -10.000000000000004 93.72979288328247 
24.999999999999993 -5.000000000000002 94.16941617027437 
24.999999999999993 0.0 94.2901637195509 
24.999999999999993 5.000000000000002 94.09659613086166 
24.999999999999993 10.000000000000004 93.58444512092504 
24.999999999999993 15.000000000000007 92.74836860469297 
24.999999999999993 20.000000000000007 91.59541764913233 
24.999999999999993 24.999999999999993 90.13093791052255 
24.999999999999993 29.999999999999993 88.28123249262718 
24.999999999999993 34.99999999999999 85.82108013261625 
24.999999999999993 40.0 82.54283205688905 
24.999999999999993 45.0 78.62064106278889 
24.999999999999993 50.0 74.37988840460714 
24.999999999999993 55.00000000000001 69.61788759523301 
24.999999999999993 60.00000000000001 64.36777765494249 
24.999999999999993 65.00000000000001 59.40169915016256 
24.999999999999993 69.99999999999999 55.445899623134224 
24.999999999999993 75.0 51.58793817234656 
24.999999999999993 80.0 60.632402670276846 
24.999999999999993 85.0 34.08221161029774 
29.999999999999993 -85.0 34.6222129283935 
29.999999999999993 -80.0 61.33583601779018 
29.999999999999993 -75.0 51.91724097763988 
29.999999999999993 -70.0 55.52594785456358 
29.999999999999993 -65.0 59.24127527044168 
29.999999999999993 -60.00000000000001 63.98055536855003 
29.999999999999993 -55.00000000000001 69.01614276970089 
29.999999999999993 -50.0 73.5805262566218 
29.999999999999993 -45.0 77.64006402953787 
29.999999999999993 -40.0 81.39298667942536 
29.999999999999993 -34.99999999999999 84.51674530377225 
29.999999999999993 -30.000000000000004 86.8395465652167 
29.999999999999993 -25.0 88.56587323567081 
29.999999999999993 -20.0 89.9169658009154 
29.999999999999993 -14.999999999999996 90.96494775906955 
29.999999999999993 -10.000000000000004 91.7045265377431 
29.999999999999993 -5.000000000000002 92.12897816496589 
29.999999999999993 0.0 92.24385423990002 
29.999999999999993 5.000000000000002 92.05367848191365 
29.999999999999993 10.000000000000004 91.55428841262001 
29.999999999999993 15.000000000000007 90.74042268797879 
29.999999999999993 20.000000000000007 89.61890314153602 
29.999999999999993 24.999999999999993 88.19486215784505 
29.999999999999993 29.999999999999993 86.39609732923955 
29.999999999999993 34.99999999999999 84.00213930197022 
29.999999999999993 40.0 80.80974181753304 
29.999999999999993 45.0 76.98961605063208 
29.999999999999993 50.0 72.86113010809461 
29.999999999999993 55.00000000000001 68.2269857068389 
29.999999999999993 60.00000000000001 63.12086337998882 
29.999999999999993 65.00000000000001 58.30113062401896 
29.999999999999993 69.99999999999999 54.48241956011092 
29.999999999999993 75.0 50.76778253013233 
29.999999999999993 80.0 59.769676182021875 
29.999999999999993 85.0 33.646139339946565 
34.99999999999999 -85.0 34.16857309833175 
34.99999999999999 -80.0 60.41714803765939 
34.99999999999999 -75.0 51.02581835272545 
34.99999999999999 -70.0 54.46423387606561 
34.99999999999999 -65.0 58.01790837389091 
34.99999999999999 -60.00000000000001 62.58648409838672 
34.99999999999999 -55.00000000000001 67.45443869650282 
34.99999999999999 -50.0 71.86933664872187 
34.99999999999999 -45.0 75.79694973752942 
34.99999999999999 -40.0 79.42958119285795 
34.99999999999999 -34.99999999999999 82.45165582333463 
34.99999999999999 -30.000000000000004 84.69542210533737 
34.99999999999999 -25.0 86.36040609029808 
34.99999999999999 -20.0 87.66240151785333 
34.99999999999999 -14.999999999999996 88.67175998711382 
34.99999999999999 -10.000000000000004 89.38337540951629 
34.99999999999999 -5.000000000000002 89.79075959377238 
34.99999999999999 0.0 89.89938305357629 
34.99999999999999 5.000000000000002 89.71369906152404 
34.99999999999999 10.000000000000004 89.22967806112723 
34.99999999999999 15.000000000000007 88.44220252775584 
34.99999999999999 20.000000000000007 87.35792078681406 
34.99999999999999 24.999999999999993 85.98184153720275 
34.99999999999999 29.999999999999993 84.24360675412265 
34.99999999999999 34.99999999999999 81.92828950651482 
34.99999999999999 40.0 78.83770550704861 
34.99999999999999 45.0 75.13859376259163 
34.99999999999999 50.0 71.14341006707333 
34.99999999999999 55.00000000000001 66.6609188398166 
34.99999999999999 60.00000000000001 61.725503550654466 
34.99999999999999 65.00000000000001 57.0805659265086 
34.99999999999999 69.99999999999999 53.428873244060554 
34.99999999999999 75.0 49.89107781113046 
34.99999999999999 80.0 58.87825100242023 
34.99999999999999 85.0 33.212813078073786 
40.0 -85.0 33.64813335512891 
40.0 -80.0 59.33706036953643 
40.0 -75.0 49.956587592380025 
40.0 -70.0 53.174801306135436 
40.0 -65.0 56.52142987019105 
40.0 -60.00000000000001 60.87377627723639 
40.0 -55.00000000000001 65.53020152729384 
40.0 -50.0 69.75645628398162 
40.0 -45.0 73.51766466679344 
40.0 -40.0 76.9990087672347 
40.0 -34.99999999999999 79.89369516017793 
40.0 -30.000000000000004 82.03899397677867 
40.0 -25.0 83.62815879727633 
40.0 -20.0 84.87002053864803 
40.0 -14.999999999999996 85.83250873867657 
40.0 -10.000000000000004 86.51054855884789 
40.0 -5.000000000000002 86.89779027362758 
40.0 0.0 86.99950541857773 
40.0 5.000000000000002 86.82001943968646 
40.0 10.000000000000004 86.3554853986545 
40.0 15.000000000000007 85.60104087548511 
40.0 20.000000000000007 84.56325428199615 
40.0 24.999999999999993 83.24716614159398 
40.0 29.999999999999993 81.58491294492435 
40.0 34.99999999999999 79.36861604092094 
40.0 40.0 76.4064546049869 
40.0 45.0 72.86023657991318 
40.0 50.0 69.03375206754521 
40.0 55.00000000000001 64.74302574239259 
40.0 60.00000000000001 60.023229803761076 
40.0 65.00000000000001 55.59985359175869 
40.0 69.99999999999999 52.16226664159432 
40.0 75.0 48.85312662035217 
40.0 80.0 57.84865548307002 
40.0 85.0 32.72752723072507 
45.0 -85.0 32.951249285592475 
45.0 -80.0 57.88560933879513 
45.0 -75.0 48.51650863192376 
45.0 -70.0 51.43689058716875 
45.0 -65.0 54.504584230419546 
45.0 -60.00000000000001 58.56617175158492 
45.0 -55.00000000000001 62.93832706836451 
45.0 -50.0 66.91127291391044 
45.0 -45.0 70.44947492881579 
45.0 -40.0 73.72876328961719 
45.0 -34.99999999999999 76.4542511427564 
45.0 -30.000000000000004 78.46984796442914 
45.0 -25.0 79.960124061671 
45.0 -20.0 81.12426900352293 
45.0 -14.999999999999996 82.0266930209702 
45.0 -10.000000000000004 82.6621384215309 
45.0 -5.000000000000002 83.0242717172791 
45.0 0.0 83.11798972906708 
45.0 5.000000000000002 82.94740119124192 
45.0 10.000000000000004 82.50892100322999 
45.0 15.000000000000007 81.79810953591503 
45.0 20.000000000000007 80.82157382360518 
45.0 24.999999999999993 79.58460265332566 
45.0 29.999999999999993 78.02292593750668 
45.0 34.99999999999999 75.9383773281625 
45.0 40.0 73.14788869018402 
45.0 45.0 69.80675120024468 
45.0 50.0 66.2070480128911 
45.0 55.00000000000001 62.17429776459402 
45.0 60.00000000000001 57.74450486009591 
45.0 65.00000000000001 53.61920855219419 
45.0 69.99999999999999 50.47029730305266 
45.0 75.0 47.47041631619395 
45.0 80.0 56.48420457141912 
45.0 85.0 32.08906260099808 
50.0 -85.0 32.23408537409734 
50.0 -80.0 56.310832438129175 
50.0 -75.0 46.88734992587604 
50.0 -70.0 49.41829019990639 
50.0 -65.0 52.12446429861547 
50.0 -60.00000000000001 55.81626743930406 
50.0 -55.00000000000001 59.83067278000519 
50.0 -50.0 63.4865242666686 
50.0 -45.0 66.74715811089156 
50.0 -40.0 69.77674155865307 
50.0 -34.99999999999999 72.29435101640406 
50.0 -30.000000000000004 74.15149606869548 
50.0 -25.0 75.52179290231648 
50.0 -20.0 76.59234499112848 
50.0 -14.999999999999996 77.42295775178025 
50.0 -10.000000000000004 78.00788852440425 
50.0 -5.000000000000002 78.34063798635405 
50.0 0.0 78.42553743997053 
50.0 5.000000000000002 78.2663909602806 
50.0 10.000000000000004 77.85995619690459 
50.0 15.000000000000007 77.20240185628779 
50.0 20.000000000000007 76.30055520061755 
50.0 24.999999999999993 75.16026166127575 
50.0 29.999999999999993 73.72193609113607 
50.0 34.99999999999999 71.79955830025044 
50.0 40.0 69.22106549253469 
50.0 45.0 66.13431245162933 
50.0 50.0 62.81771943022622 
50.0 55.00000000000001 59.10862437427156 
50.0 60.00000000000001 55.044384004167135 
50.0 65.00000000000001 51.29873673219231 
50.0 69.99999999999999 48.52452256819395 
50.0 75.0 45.92938452572831 
50.0 80.0 55.03999554689557 
50.0 85.0 31.458324100184754 
55.00000000000001 -85.0 31.795729430406613 
55.00000000000001 -80.0 55.08348007829446 
55.00000000000001 -75.0 45.409881762214624 
55.00000000000001 -70.0 47.42960949924435 
55.00000000000001 -65.0 49.66871471815963 
55.00000000000001 -60.00000000000001 52.90114174799227 
55.00000000000001 -55.00000000000001 56.48130955392842 
55.00000000000001 -50.0 59.75662630676908 
55.00000000000001 -45.0 62.68773600370723 
55.00000000000001 -40.0 65.42452047959355 
55.00000000000001 -34.99999999999999 67.700107067531 
55.00000000000001 -30.000000000000004 69.37342051452292 
55.00000000000001 -25.0 70.60516040322447 
55.00000000000001 -20.0 71.56837275341552 
55.00000000000001 -14.999999999999996 72.31724114444094 
55.00000000000001 -10.000000000000004 72.84511575076111 
55.00000000000001 -5.000000000000002 73.14506721434515 
55.00000000000001 0.0 73.22065711711984 
55.00000000000001 5.000000000000002 73.07530351655947 
55.00000000000001 10.000000000000004 72.70618834540245 
55.00000000000001 15.000000000000007 72.11029507289473 
55.00000000000001 20.000000000000007 71.29494312506948 
55.00000000000001 24.999999999999993 70.26697247886055 
55.00000000000001 29.999999999999993 68.97251645413908 
55.00000000000001 34.99999999999999 67.23967146365557 
55.00000000000001 40.0 64.90933421959883 
55.00000000000001 45.0 62.12216824332649 
55.00000000000001 50.0 59.14297754171729 
55.00000000000001 55.00000000000001 55.823582537643 
55.00000000000001 60.00000000000001 52.20434024858312 
55.00000000000001 65.00000000000001 48.93164266749963 
55.00000000000001 69.99999999999999 46.642701675896966 
55.00000000000001 75.0 44.57986832681546 
55.00000000000001 80.0 54.00073987916325 
55.00000000000001 85.0 31.143886005375528 
60.00000000000001 -85.0 31.663502921644444 
60.00000000000001 -80.0 54.15132730676541 
60.00000000000001 -75.0 43.94332543706391 
60.00000000000001 -70.0 45.23215996469886 
60.00000000000001 -65.0 46.81285945841805 
60.00000000000001 -60.00000000000001 49.41804715229584 
60.00000000000001 -55.00000000000001 52.417868704471765 
60.00000000000001 -50.0 55.191123327013194 
60.00000000000001 -45.0 57.69264316497325 
60.00000000000001 -40.0 60.0522639808457 
60.00000000000001 -34.99999999999999 62.018418816045745 
60.00000000000001 -30.000000000000004 63.457778216879035 
60.00000000000001 -25.0 64.51403796965842 
60.00000000000001 -20.0 65.3421042410045 
60.00000000000001 -14.999999999999996 65.98869599159896 
60.00000000000001 -10.000000000000004 66.44570763141803 
60.00000000000001 -5.000000000000002 66.70546275021914 
60.00000000000001 0.0 66.77044596817926 
60.00000000000001 5.000000000000002 66.64355515098428 
60.00000000000001 10.000000000000004 66.32253562455811 
60.00000000000001 15.000000000000007 65.80550136946235 
60.00000000000001 20.000000000000007 65.10059919440319 
60.00000000000001 24.999999999999993 64.21624441490525 
60.00000000000001 29.999999999999993 63.106164456089786 
60.00000000000001 34.99999999999999 61.61665438242868 
60.00000000000001 40.0 59.605641441415045 
60.00000000000001 45.0 57.20637388438779 
60.00000000000001 50.0 54.66902486588126 
60.00000000000001 55.00000000000001 51.86572323546581 
60.00000000000001 60.00000000000001 48.84308937034876 
60.00000000000001 65.00000000000001 46.218058507841604 
60.00000000000001 69.99999999999999 44.614965015668815 
60.00000000000001 75.0 43.31470620630156 
60.00000000000001 80.0 53.362602658470514 
60.00000000000001 85.0 31.204516343422263 
65.00000000000001 -85.0 32.1307286555593 
65.00000000000001 -80.0 53.844381815277416 
65.00000000000001 -75.0 42.58803962994607 
65.00000000000001 -70.0 42.77360265715028 
65.00000000000001 -65.0 43.377561793291555 
65.00000000000001 -60.00000000000001 45.08250081288468 
65.00000000000001 -55.00000000000001 47.26810964411003 
65.00000000000001 -50.0 49.34646137614127 
65.00000000000001 -45.0 51.260304363799605 
65.00000000000001 -40.0 53.109727543830786 
65.00000000000001 -34.99999999999999 54.66002125712803 
65.00000000000001 -30.000000000000004 55.786019653744056 
65.00000000000001 -25.0 56.608118247110546 
65.00000000000001 -20.0 57.256795392207685 
65.00000000000001 -14.999999999999996 57.76845987911373 
65.00000000000001 -10.000000000000004 58.132693391294886 
65.00000000000001 -5.000000000000002 58.340569531928395 
65.00000000000001 0.0 58.393011421308486 
65.00000000000001 5.000000000000002 58.29218881919388 
65.00000000000001 10.000000000000004 58.0366363543596 
65.00000000000001 15.000000000000007 57.62610686707221 
65.00000000000001 20.000000000000007 57.07011726257586 
65.00000000000001 24.999999999999993 56.37957809727031 
65.00000000000001 29.999999999999993 55.51871998308091 
65.00000000000001 34.99999999999999 54.35833075846549 
65.00000000000001 40.0 52.77964175426856 
65.00000000000001 45.0 50.90825292773218 
65.00000000000001 50.0 48.97857003273114 
65.00000000000001 55.00000000000001 46.892847813372676 
65.00000000000001 60.00000000000001 44.7104954937958 
65.00000000000001 65.00000000000001 43.0183663288542 
65.00000000000001 69.99999999999999 42.43592739966673 
65.00000000000001 75.0 42.28957238217292 
65.00000000000001 80.0 53.535972387470125 
65.00000000000001 85.0 31.986152538101166 
69.99999999999999 -85.0 34.3365777441767 
69.99999999999999 -80.0 55.78116748059646 
69.99999999999999 -75.0 42.34056078449132 
69.99999999999999 -70.0 40.7909967372024 
69.99999999999999 -65.0 39.89847885798226 
69.99999999999999 -60.00000000000001 40.290432743760235 
69.99999999999999 -55.00000000000001 41.327641772779295 
69.99999999999999 -50.0 42.4426753006502 
69.99999999999999 -45.0 43.5530095086905 
69.99999999999999 -40.0 44.714874369127465 
69.99999999999999 -34.99999999999999 45.70833504768821 
69.99999999999999 -30.000000000000004 46.414880448306796 
69.99999999999999 -25.0 46.924166288838414 
69.99999999999999 -20.0 47.33486242795653 
69.99999999999999 -14.999999999999996 47.66921305115745 
69.99999999999999 -10.000000000000004 47.91283552503667 
69.99999999999999 -5.000000000000002 48.05449483641092 
69.99999999999999 0.0 48.09274318793625 
69.99999999999999 5.000000000000002 48.02871828461595 
69.99999999999999 10.000000000000004 47.862104368161575 
69.99999999999999 15.000000000000007 47.59516808922507 
69.99999999999999 20.000000000000007 47.2399461083606 
69.99999999999999 24.999999999999993 46.81162438104766 
69.99999999999999 29.999999999999993 46.28892156356548 
69.99999999999999 34.99999999999999 45.57453668228299 
69.99999999999999 40.0 44.58043315544127 
69.99999999999999 45.0 43.426402634755576 
69.99999999999999 50.0 42.33389271071945 
69.99999999999999 55.00000000000001 41.2496412280036 
69.99999999999999 60.00000000000001 40.25952480813064 
69.99999999999999 65.00000000000001 39.93533500453068 
69.99999999999999 69.99999999999999 40.92341983698928 
69.99999999999999 75.0 42.59784824440126 
69.99999999999999 80.0 56.282318107019414 
69.99999999999999 85.0 34.72258627416596 
75.0 -85.0 42.09597615173592 
75.0 -80.0 65.66962047314297 
75.0 -75.0 47.051462456323655 
75.0 -70.0 42.53999541186951 
75.0 -65.0 39.19148127459242 
75.0 -60.00000000000001 37.60327905092013 
75.0 -55.00000000000001 37.012332742372315 
75.0 -50.0 36.80213828012054 
75.0 -45.0 36.83326401417681 
75.0 -40.0 37.097771660793 
75.0 -34.99999999999999 37.37186373133083 
75.0 -30.000000000000004 37.53349189269409 
75.0 -25.0 37.63614266069282 
75.0 -20.0 37.74165526667178 
75.0 -14.999999999999996 37.853255613030576 
75.0 -10.000000000000004 37.948681739821396 
75.0 -5.000000000000002 38.01167467291067 
75.0 0.0 38.03686097803591 
75.0 5.000000000000002 38.02389174156583 
75.0 10.000000000000004 37.97422974797978 
75.0 15.000000000000007 37.894400404040084 
75.0 20.000000000000007 37.8019101971648 
75.0 24.999999999999993 37.72043756555805 
75.0 29.999999999999993 37.64835423334343 
75.0 34.99999999999999 37.52544902693756 
75.0 40.0 37.299918056138125 
75.0 45.0 37.09662603092536 
75.0 50.0 37.14414954652674 
75.0 55.00000000000001 37.454648808726255 
75.0 60.00000000000001 38.17323185127393 
75.0 65.00000000000001 39.93074191294768 
75.0 69.99999999999999 43.51210594755743 
75.0 75.0 48.30862049757363 
75.0 80.0 67.6370090016297 
75.0 85.0 43.447729874749854 
80.0 -85.0 47.79565356188307 
80.0 -80.0 71.96376105947226 
80.0 -75.0 48.84334849338863 
80.0 -70.0 41.36757061392518 
80.0 -65.0 35.607376263359185 
80.0 -60.00000000000001 32.051608341309056 
80.0 -55.00000000000001 29.8263910880262 
80.0 -50.0 28.283321009582615 
80.0 -45.0 27.219987416387376 
80.0 -40.0 26.557670924940183 
80.0 -34.99999999999999 26.084523071059056 
80.0 -30.000000000000004 25.684781938520768 
80.0 -25.0 25.371807039059387 
80.0 -20.0 25.165484411123593 
80.0 -14.999999999999996 25.04914139299034 
80.0 -10.000000000000004 24.993634403214887 
80.0 -5.000000000000002 24.978284848697204 
80.0 0.0 24.99376914847631 
80.0 5.000000000000002 25.03814271061342 
80.0 10.000000000000004 25.114732121559378 
80.0 15.000000000000007 25.234324893244974 
80.0 20.000000000000007 25.41928373761188 
80.0 24.999999999999993 25.700787042417158 
80.0 29.999999999999993 26.097710612291156 
80.0 34.99999999999999 26.59188780917525 
80.0 40.0 27.171444057317053 
80.0 45.0 27.95650420985837 
80.0 50.0 29.167227958660234 
80.0 55.00000000000001 30.88753409242412 
80.0 60.00000000000001 33.32773143306128 
80.0 65.00000000000001 37.161714356360605 
80.0 69.99999999999999 43.30169771678948 
80.0 75.0 51.232732721558776 
80.0 80.0 75.5760351314541 
80.0 85.0 50.2243570958234 
85.0 -85.0 26.892647637057284 
85.0 -80.0 39.90795163068957 
85.0 -75.0 26.492325635736734 
85.0 -70.0 21.842086959088423 
85.0 -65.0 18.277045784884155 
85.0 -60.00000000000001 16.014564882291456 
85.0 -55.00000000000001 14.544982872040382 
85.0 -50.0 13.500898053079329 
85.0 -45.0 12.754371973628736 
85.0 -40.0 12.248036949785687 
85.0 -34.99999999999999 11.871633371584094 
85.0 -30.000000000000004 11.565782258918142 
85.0 -25.0 11.33133861340295 
85.0 -20.0 11.17183542381997 
85.0 -14.999999999999996 11.074862721791712 
85.0 -10.000000000000004 11.023464049143668 
85.0 -5.000000000000002 11.005582421747025 
85.0 0.0 11.015363015301457 
85.0 5.000000000000002 11.051429294211827 
85.0 10.000000000000004 11.115973458776574 
85.0 15.000000000000007 11.215719744484609 
85.0 20.000000000000007 11.363742789710699 
85.0 24.999999999999993 11.578248184836227 
85.0 29.999999999999993 11.87296919332903 
85.0 34.99999999999999 12.245273167762049 
85.0 40.0 12.694979482089675 
85.0 45.0 13.284166821970995 
85.0 50.0 14.128456028314309 
85.0 55.00000000000001 15.288160647286059 
85.0 60.00000000000001 16.89597694266515 
85.0 65.00000000000001 19.336026371763317 
85.0 69.99999999999999 23.143070975242804 
85.0 75.0 28.08186810428049 
85.0 80.0 42.290663320304425 
85.0 85.0 28.486114221832377 
