-85.0 -85.0 0.383869782587005 
-85.0 -80.0 1.1157183734836658 
-85.0 -75.0 1.22494889931187 
-85.0 -70.0 1.4293578721561802 
-85.0 -65.0 1.6291485396657508 
-85.0 -60.00000000000001 1.7776892221366984 
-85.0 -55.00000000000001 1.9103100379633087 
-85.0 -50.0 2.04464578283706 
-85.0 -45.0 2.175882996332259 
-85.0 -40.0 2.3062064673183307 
-85.0 -34.99999999999999 2.5052855299324053 
-85.0 -30.000000000000004 2.8017762761679617 
-85.0 -25.0 3.2951404901675123 
-85.0 -20.0 3.961066875135937 
-85.0 -14.999999999999996 3.54777153534638 
-85.0 -10.000000000000004 3.455575911200108 
-85.0 -5.000000000000002 3.7412435377752855 
-85.0 0.0 4.667144762262557 
-85.0 5.000000000000002 5.036973306114405 
-85.0 10.000000000000004 4.370858247482181 
-85.0 15.000000000000007 4.083080491905381 
-85.0 20.000000000000007 4.295907632543507 
-85.0 24.999999999999993 3.703711010151437 
-85.0 29.999999999999993 3.2218375590436272 
-85.0 34.99999999999999 2.923188256801211 
-85.0 40.0 2.7194908609685067 
-85.0 45.0 2.5861937143335405 
-85.0 50.0 2.4507774763666745 
-85.0 55.00000000000001 2.3094419294422197 
-85.0 60.00000000000001 2.166372038217482 
-85.0 65.00000000000001 1.9994459630327943 
-85.0 69.99999999999999 1.7643606786352102 
-85.0 75.0 1.5180422682988364 
-85.0 80.0 1.3857557090222374 
-85.0 85.0 0.47740960847529534 
-80.0 -85.0 1.4441154761071986 
-80.0 -80.0 4.200322560565884 
-80.0 -75.0 4.6165877593244256 
-80.0 -70.0 5.394279359273454 
-80.0 -65.0 6.15738339763014 
-80.0 -60.00000000000001 6.728742221774081 
-80.0 -55.00000000000001 7.240777254668858 
-80.0 -50.0 7.759497960341244 
-80.0 -45.0 8.265713381530876 
-80.0 -40.0 8.767025175547479 
-80.0 -34.99999999999999 9.530464041103265 
-80.0 -30.000000000000004 10.664998697232594 
-80.0 -25.0 12.546540265061951 
-80.0 -20.0 15.03236344015096 
-80.0 -14.999999999999996 13.354479148909734 
-80.0 -10.000000000000004 12.874346672401916 
-80.0 -5.000000000000002 13.998465566627155 
-80.0 0.0 17.81815665536807 
-80.0 5.000000000000002 18.911696703736016 
-80.0 10.000000000000004 16.335045847573426 
-80.0 15.000000000000007 15.372104044179826 
-80.0 20.000000000000007 16.291046013210096 
-80.0 24.999999999999993 14.086287252868056 
-80.0 29.999999999999993 12.248946709814529 
-80.0 34.99999999999999 11.106942427083306 
-80.0 40.0 10.326290963801446 
-80.0 45.0 9.813888950544138 
-80.0 50.0 9.29186264077054 
-80.0 55.00000000000001 8.746534520288815 
-80.0 60.00000000000001 8.19481989529226 
-80.0 65.00000000000001 7.553859875262166 
-80.0 69.99999999999999 6.657440875218367 
-80.0 75.0 5.7215518836797115 
-80.0 80.0 5.2182037650801405 
-80.0 85.0 1.7966645178554743 
-75.0 -85.0 1.740684962848619 
-75.0 -80.0 5.0683461846658195 
-75.0 -75.0 5.579778027964078 
-75.0 -70.0 6.532986364380661 
-75.0 -65.0 7.473721825014253 
-75.0 -60.00000000000001 8.185341501716787 
-75.0 -55.00000000000001 8.826589971843083 
-75.0 -50.0 9.476422985871947 
-75.0 -45.0 10.109706396810576 
-75.0 -40.0 10.734424555229863 
-75.0 -34.99999999999999 11.681340750768346 
-75.0 -30.000000000000004 13.083844941540201 
-75.0 -25.0 15.398480089264734 
-75.0 -20.0 18.3567838220695 
-75.0 -14.999999999999996 16.108766699373906 
-75.0 -10.000000000000004 15.285487919593553 
-75.0 -5.000000000000002 16.730716875184225 
-75.0 0.0 21.94737180290153 
-75.0 5.000000000000002 22.713677600198153 
-75.0 10.000000000000004 19.481156128244375 
-75.0 15.000000000000007 18.54293199167593 
-75.0 20.000000000000007 19.868983373604763 
-75.0 24.999999999999993 17.256073282121317 
-75.0 29.999999999999993 14.99655953841734 
-75.0 34.99999999999999 13.58635508285635 
-75.0 40.0 12.619062524518954 
-75.0 45.0 11.98119696573324 
-75.0 50.0 11.328722781848104 
-75.0 55.00000000000001 10.646351406599234 
-75.0 60.00000000000001 9.956652192065365 
-75.0 65.00000000000001 9.160457732890062 
-75.0 69.99999999999999 8.058295657599615 
-75.0 75.0 6.913726292225154 
-75.0 80.0 6.29685592651122 
-75.0 85.0 2.1661088391445964 
-70.0 -85.0 2.221431578628682 
-70.0 -80.0 6.476485069760932 
-70.0 -75.0 7.144079960720932 
-70.0 -70.0 8.384954920039963 
-70.0 -65.0 9.61791472287124 
-70.0 -60.00000000000001 10.561771725837902 
-70.0 -55.00000000000001 11.417809450645791 
-70.0 -50.0 12.28583810169363 
-70.0 -45.0 13.130614373141883 
-70.0 -40.0 13.96038490451313 
-70.0 -34.99999999999999 15.210856130706247 
-70.0 -30.000000000000004 17.055257923156624 
-70.0 -25.0 20.08211406167567 
-70.0 -20.0 23.792660241608516 
-70.0 -14.999999999999996 20.570948830641438 
-70.0 -10.000000000000004 19.13727026139843 
-70.0 -5.000000000000002 21.122276410299243 
-70.0 0.0 28.7287217949508 
-70.0 5.000000000000002 28.8294853700014 
-70.0 10.000000000000004 24.512368296019744 
-70.0 15.000000000000007 23.670059970801397 
-70.0 20.000000000000007 25.7075870567887 
-70.0 24.999999999999993 22.447767511168102 
-70.0 29.999999999999993 19.49427059687437 
-70.0 34.99999999999999 17.64233046417781 
-70.0 40.0 16.36660758764227 
-70.0 45.0 15.52050270605882 
-70.0 50.0 14.651099546507853 
-70.0 55.00000000000001 13.740898863678355 
-70.0 60.00000000000001 12.822184805165332 
-70.0 65.00000000000001 11.769600808931362 
-70.0 69.99999999999999 10.33005250335095 
-70.0 75.0 8.844598295574771 
-70.0 80.0 8.042075687037302 
-70.0 85.0 2.763456263969018 
-65.0 -85.0 2.757792596737642 
-65.0 -80.0 8.051190297923737 
-65.0 -75.0 8.899598460388642 
-65.0 -70.0 10.472278501795063 
-65.0 -65.0 12.045862570113083 
-65.0 -60.00000000000001 13.265182316193865 
-65.0 -55.00000000000001 14.378471594837194 
-65.0 -50.0 15.508374787525572 
-65.0 -45.0 16.606848835017097 
-65.0 -40.0 17.681377158726736 
-65.0 -34.99999999999999 19.290559933294688 
-65.0 -30.000000000000004 21.653157117492036 
-65.0 -25.0 25.508410502560974 
-65.0 -20.0 30.0195969673601 
-65.0 -14.999999999999996 25.547865030748554 
-65.0 -10.000000000000004 23.25498438786658 
-65.0 -5.000000000000002 25.907800445765044 
-65.0 0.0 36.604541735546526 
-65.0 5.000000000000002 35.52799711538296 
-65.0 10.000000000000004 29.92258583330358 
-65.0 15.000000000000007 29.364948900661197 
-65.0 20.000000000000007 32.36332294184142 
-65.0 24.999999999999993 28.42434348481117 
-65.0 29.999999999999993 24.664427987089198 
-65.0 34.99999999999999 22.296003914736346 
-65.0 40.0 20.656805447625285 
-65.0 45.0 19.56279102699724 
-65.0 50.0 18.43371253000836 
-65.0 55.00000000000001 17.25076215891182 
-65.0 60.00000000000001 16.05879401032547 
-65.0 65.00000000000001 14.703955489547502 
-65.0 69.99999999999999 12.874210064690587 
-65.0 75.0 10.998708602169938 
-65.0 80.0 9.98299902754332 
-65.0 85.0 3.426422521111418 
-60.00000000000001 -85.0 3.2613414650021184 
-60.00000000000001 -80.0 9.533769688502655 
-60.00000000000001 -75.0 10.559498013546197 
-60.00000000000001 -70.0 12.45620511435736 
-60.00000000000001 -65.0 14.366480794149814 
-60.00000000000001 -60.00000000000001 15.863494880483033 
-60.00000000000001 -55.00000000000001 17.239013278564553 
-60.00000000000001 -50.0 18.63662695287258 
-60.00000000000001 -45.0 19.99448364912423 
-60.00000000000001 -40.0 21.318047538965807 
-60.00000000000001 -34.99999999999999 23.287858241756556 
-60.00000000000001 -30.000000000000004 26.166521746846552 
-60.00000000000001 -25.0 30.839077114754236 
-60.00000000000001 -20.0 36.05241003751257 
-60.00000000000001 -14.999999999999996 30.215853400372872 
-60.00000000000001 -10.000000000000004 26.9082711210569 
-60.00000000000001 -5.000000000000002 30.266578961939235 
-60.00000000000001 0.0 44.34972701813324 
-60.00000000000001 5.000000000000002 41.63847761273135 
-60.00000000000001 10.000000000000004 34.738301745887384 
-60.00000000000001 15.000000000000007 34.66431885205559 
-60.00000000000001 20.000000000000007 38.76493048543733 
-60.00000000000001 24.999999999999993 34.242082901063476 
-60.00000000000001 29.999999999999993 29.68753913234488 
-60.00000000000001 34.99999999999999 26.806764405605936 
-60.00000000000001 40.0 24.803482933072786 
-60.00000000000001 45.0 23.45809433132106 
-60.00000000000001 50.0 22.064246422687276 
-60.00000000000001 55.00000000000001 20.603371378787546 
-60.00000000000001 60.00000000000001 19.134205055044756 
-60.00000000000001 65.00000000000001 17.47709353143364 
-60.00000000000001 69.99999999999999 15.26585434808289 
-60.00000000000001 75.0 13.013908109548787 
-60.00000000000001 80.0 11.791603528928894 
-60.00000000000001 85.0 4.042581683049921 
-55.00000000000001 -85.0 3.7529403935542236 
-55.00000000000001 -80.0 10.98381786680128 
-55.00000000000001 -75.0 12.187453028071571 
-55.00000000000001 -70.0 14.408489228735094 
-55.00000000000001 -65.0 16.658382972074307 
-55.00000000000001 -60.00000000000001 18.439036966101117 
-55.00000000000001 -55.00000000000001 20.084438412037063 
-55.00000000000001 -50.0 21.758334959069998 
-55.00000000000001 -45.0 23.38419504043135 
-55.00000000000001 -40.0 24.964546486477282 
-55.00000000000001 -34.99999999999999 27.30293105927614 
-55.00000000000001 -30.000000000000004 30.705206658368354 
-55.00000000000001 -25.0 36.20190160273107 
-55.00000000000001 -20.0 42.06087505915597 
-55.00000000000001 -14.999999999999996 34.76618545141673 
-55.00000000000001 -10.000000000000004 30.33183922991396 
-55.00000000000001 -5.000000000000002 34.43484435847889 
-55.00000000000001 0.0 52.12434867683306 
-55.00000000000001 5.000000000000002 47.429315524178755 
-55.00000000000001 10.000000000000004 39.21963640025814 
-55.00000000000001 15.000000000000007 39.77597064823419 
-55.00000000000001 20.000000000000007 45.0932896863077 
-55.00000000000001 24.999999999999993 40.04228980291875 
-55.00000000000001 29.999999999999993 34.6872628476686 
-55.00000000000001 34.99999999999999 31.288433761370147 
-55.00000000000001 40.0 28.91428072828387 
-55.00000000000001 45.0 27.31051264257775 
-55.00000000000001 50.0 25.64380592289544 
-55.00000000000001 55.00000000000001 23.896979414445212 
-55.00000000000001 60.00000000000001 22.143778509448282 
-55.00000000000001 65.00000000000001 20.180171654243285 
-55.00000000000001 69.99999999999999 17.588190317299983 
-55.00000000000001 75.0 14.963961856093198 
-55.00000000000001 80.0 13.536835590082049 
-55.00000000000001 85.0 4.636049627526677 
-50.0 -85.0 4.260784239503006 
-50.0 -80.0 12.482870103122849 
-50.0 -75.0 13.87227548588633 
-50.0 -70.0 16.431714648592745 
-50.0 -65.0 19.037140195059266 
-50.0 -60.00000000000001 21.116378505330204 
-50.0 -55.00000000000001 23.046991583166147 
-50.0 -50.0 25.01346564268391 
-50.0 -45.0 26.923579239228417 
-50.0 -40.0 28.776310548427567 
-50.0 -34.99999999999999 31.50365843207135 
-50.0 -30.000000000000004 35.45605829807642 
-50.0 -25.0 41.815730055754756 
-50.0 -20.0 48.31678222039779 
-50.0 -14.999999999999996 39.46169166398172 
-50.0 -10.000000000000004 33.80641509790827 
-50.0 -5.000000000000002 38.71137592910734 
-50.0 0.0 60.23170764223899 
-50.0 5.000000000000002 53.263069626865814 
-50.0 10.000000000000004 43.69355251143573 
-50.0 15.000000000000007 44.990451044004004 
-50.0 20.000000000000007 51.63775301971078 
-50.0 24.999999999999993 46.06584497368785 
-50.0 29.999999999999993 39.87300306508419 
-50.0 34.99999999999999 35.93125414466539 
-50.0 40.0 33.16675515729138 
-50.0 45.0 31.28968782075623 
-50.0 50.0 29.334326359423315 
-50.0 55.00000000000001 27.28560662472437 
-50.0 60.00000000000001 25.233488873904513 
-50.0 65.00000000000001 22.949339320727073 
-50.0 69.99999999999999 19.96256624455013 
-50.0 75.0 16.954197403700523 
-50.0 80.0 15.3155104731542 
-50.0 85.0 5.2403288829520305 
-45.0 -85.0 4.7849955112673355 
-45.0 -80.0 14.030739442997856 
-45.0 -75.0 15.612827678132692 
-45.0 -70.0 18.52315507801971 
-45.0 -65.0 21.497811264976708 
-45.0 -60.00000000000001 23.887985207092644 
-45.0 -55.00000000000001 26.11624379827397 
-45.0 -50.0 28.38848610387871 
-45.0 -45.0 30.596077715534634 
-45.0 -40.0 32.73405833275532 
-45.0 -34.99999999999999 35.86748181906389 
-45.0 -30.000000000000004 40.392558109944616 
-45.0 -25.0 47.64826599055549 
-45.0 -20.0 54.79664450923549 
-45.0 -14.999999999999996 44.30836961062306 
-45.0 -10.000000000000004 37.37177846632463 
-45.0 -5.000000000000002 43.129685794057885 
-45.0 0.0 68.62567691590334 
-45.0 5.000000000000002 59.15701413852622 
-45.0 10.000000000000004 48.19135884629646 
-45.0 15.000000000000007 50.310615813545134 
-45.0 20.000000000000007 58.373671001700586 
-45.0 24.999999999999993 52.278044852147275 
-45.0 29.999999999999993 45.21516408056201 
-45.0 34.99999999999999 40.709182848242975 
-45.0 40.0 37.53805015752289 
-45.0 45.0 35.37556024124839 
-45.0 50.0 33.11901498960425 
-45.0 55.00000000000001 30.755934704112274 
-45.0 60.00000000000001 28.393341172889055 
-45.0 65.00000000000001 25.777641685867092 
-45.0 69.99999999999999 22.38469799132843 
-45.0 75.0 18.982302171025935 
-45.0 80.0 17.126492162653534 
-45.0 85.0 5.855242908123344 
-40.0 -85.0 5.306763434591722 
-40.0 -80.0 15.571676525329421 
-40.0 -75.0 17.346068105605315 
-40.0 -70.0 20.60653027958657 
-40.0 -65.0 23.949943147367204 
-40.0 -60.00000000000001 26.6511196662291 
-40.0 -55.00000000000001 29.17744964537318 
-40.0 -50.0 31.756179866273627 
-40.0 -45.0 34.26226217037662 
-40.0 -40.0 36.686689024962305 
-40.0 -34.99999999999999 40.22716777612551 
-40.0 -30.000000000000004 45.32530958364223 
-40.0 -25.0 53.475760369868276 
-40.0 -20.0 61.26188000050852 
-40.0 -14.999999999999996 49.13985880824877 
-40.0 -10.000000000000004 40.923009641772644 
-40.0 -5.000000000000002 47.54902198816735 
-40.0 0.0 76.99600091730731 
-40.0 5.000000000000002 64.94301747704192 
-40.0 10.000000000000004 52.595872038403726 
-40.0 15.000000000000007 55.567321211581735 
-40.0 20.000000000000007 65.06286326479581 
-40.0 24.999999999999993 58.450302374719726 
-40.0 29.999999999999993 50.51781675770544 
-40.0 34.99999999999999 45.44739576103848 
-40.0 40.0 41.869106082594584 
-40.0 45.0 39.42059598194955 
-40.0 50.0 36.862714534830374 
-40.0 55.00000000000001 34.18571854007786 
-40.0 60.00000000000001 31.513685775219347 
-40.0 65.00000000000001 28.56841435108745 
-40.0 69.99999999999999 24.772992198766328 
-40.0 75.0 20.980830439399707 
-40.0 80.0 18.910176517026596 
-40.0 85.0 6.460690954332103 
-34.99999999999999 -85.0 5.814236653968614 
-34.99999999999999 -80.0 17.070020336560507 
-34.99999999999999 -75.0 19.030769479186027 
-34.99999999999999 -70.0 22.63064856290923 
-34.99999999999999 -65.0 26.331189563229433 
-34.99999999999999 -60.00000000000001 29.333125646471252 
-34.99999999999999 -55.00000000000001 32.14751264256542 
-34.99999999999999 -50.0 35.02245590261851 
-34.99999999999999 -45.0 37.81719389581779 
-34.99999999999999 -40.0 40.51894659536511 
-34.99999999999999 -34.99999999999999 44.45356897440498 
-34.99999999999999 -30.000000000000004 50.106515475455545 
-34.99999999999999 -25.0 59.12249466003087 
-34.99999999999999 -20.0 67.5323615067662 
-34.99999999999999 -14.999999999999996 53.849826662599945 
-34.99999999999999 -10.000000000000004 44.42428089180375 
-34.99999999999999 -5.000000000000002 51.90383816980217 
-34.99999999999999 0.0 85.0935619312441 
-34.99999999999999 5.000000000000002 70.51998336859607 
-34.99999999999999 10.000000000000004 56.85171501539866 
-34.99999999999999 15.000000000000007 60.6463095179616 
-34.99999999999999 20.000000000000007 71.5220469286637 
-34.99999999999999 24.999999999999993 64.40065228721353 
-34.99999999999999 29.999999999999993 55.625699769529234 
-34.99999999999999 34.99999999999999 50.00855963665148 
-34.99999999999999 40.0 46.03624853381282 
-34.99999999999999 45.0 43.31137716072046 
-34.99999999999999 50.0 40.46305151785712 
-34.99999999999999 55.00000000000001 37.48400275018069 
-34.99999999999999 60.00000000000001 34.514556150423914 
-34.99999999999999 65.00000000000001 31.252668987799428 
-34.99999999999999 69.99999999999999 27.07050720456666 
-34.99999999999999 75.0 22.903723223929976 
-34.99999999999999 80.0 20.626612818758698 
-34.99999999999999 85.0 7.043372750103377 
-30.000000000000004 -85.0 6.3914804967059675 
-30.000000000000004 -80.0 18.772675983129023 
-30.000000000000004 -75.0 20.942312300764822 
-30.000000000000004 -70.0 24.92301357027029 
-30.000000000000004 -65.0 29.02239037202982 
-30.000000000000004 -60.00000000000001 32.35763621266439 
-30.000000000000004 -55.00000000000001 35.48958475168182 
-30.000000000000004 -50.0 38.69029170326401 
-30.000000000000004 -45.0 41.802137261869554 
-30.000000000000004 -40.0 44.80880490680157 
-30.000000000000004 -34.99999999999999 49.177989135608144 
-30.000000000000004 -30.000000000000004 55.44405096405233 
-30.000000000000004 -25.0 65.41557778025376 
-30.000000000000004 -20.0 74.54179766810645 
-30.000000000000004 -14.999999999999996 59.204687432873335 
-30.000000000000004 -10.000000000000004 48.55164442807754 
-30.000000000000004 -5.000000000000002 57.0257428049376 
-30.000000000000004 0.0 94.06119671956438 
-30.000000000000004 5.000000000000002 76.62088855783983 
-30.000000000000004 10.000000000000004 61.5463692126737 
-30.000000000000004 15.000000000000007 66.25024954860774 
-30.000000000000004 20.000000000000007 78.63883037104989 
-30.000000000000004 24.999999999999993 70.92642145374425 
-30.000000000000004 29.999999999999993 61.22029685408594 
-30.000000000000004 34.99999999999999 55.00072931771782 
-30.000000000000004 40.0 50.596165104683536 
-30.000000000000004 45.0 47.569936994040845 
-30.000000000000004 50.0 44.405573420328906 
-30.000000000000004 55.00000000000001 41.09802842626225 
-30.000000000000004 60.00000000000001 37.805106567802504 
-30.000000000000004 65.00000000000001 34.19833775691443 
-30.000000000000004 69.99999999999999 29.59371661784871 
-30.000000000000004 75.0 25.016995917734064 
-30.000000000000004 80.0 22.51407356032921 
-30.000000000000004 85.0 7.684358692040555 
-25.0 -85.0 7.003874500280805 
-25.0 -80.0 20.577610451893335 
-25.0 -75.0 22.966328033657476 
-25.0 -70.0 27.346832401786635 
-25.0 -65.0 31.863561791711334 
-25.0 -60.00000000000001 35.54572170889835 
-25.0 -55.00000000000001 39.007037482563874 
-25.0 -50.0 42.54509332994964 
-25.0 -45.0 45.985065351092054 
-25.0 -40.0 49.30739352914064 
-25.0 -34.99999999999999 54.1275651944864 
-25.0 -30.000000000000004 61.03164231007962 
-25.0 -25.0 71.99750148863473 
-25.0 -20.0 81.90390397070993 
-25.0 -14.999999999999996 64.90526430750698 
-25.0 -10.000000000000004 53.062725923468406 
-25.0 -5.000000000000002 62.59347012126922 
-25.0 0.0 103.42319909707058 
-25.0 5.000000000000002 83.05213818347032 
-25.0 10.000000000000004 66.54512854043051 
-25.0 15.000000000000007 72.15373954398318 
-25.0 20.000000000000007 86.07831612473777 
-25.0 24.999999999999993 77.71001245684211 
-25.0 29.999999999999993 67.03216518454309 
-25.0 34.99999999999999 60.18490472181176 
-25.0 40.0 55.3322359576647 
-25.0 45.0 51.99523672435241 
-25.0 50.0 48.50576673903702 
-25.0 55.00000000000001 44.86056911029113 
-25.0 60.00000000000001 41.235086034043384 
-25.0 65.00000000000001 37.27285663237102 
-25.0 69.99999999999999 32.230764392322676 
-25.0 75.0 27.22830930396313 
-25.0 80.0 24.491094301471534 
-25.0 85.0 8.356213398326522 
-20.0 -85.0 8.150917635466223 
-20.0 -80.0 23.95086306919535 
-20.0 -75.0 26.736218575543532 
-20.0 -70.0 31.842180282512278 
-20.0 -65.0 37.107680336157095 
-20.0 -60.00000000000001 41.40038058508537 
-20.0 -55.00000000000001 45.433556970046084 
-20.0 -50.0 49.55350531517533 
-20.0 -45.0 53.557618527685406 
-20.0 -40.0 57.42321900238818 
-20.0 -34.99999999999999 63.02210863918601 
-20.0 -30.000000000000004 71.03079235667215 
-20.0 -25.0 83.7129715317864 
-20.0 -20.0 95.02024469624237 
-20.0 -14.999999999999996 75.44760805362661 
-20.0 -10.000000000000004 62.037576707988 
-20.0 -5.000000000000002 73.6997530100853 
-20.0 0.0 119.5837282322739 
-20.0 5.000000000000002 93.25688889113314 
-20.0 10.000000000000004 74.63128715360502 
-20.0 15.000000000000007 82.01181503871776 
-20.0 20.000000000000007 98.67310981297896 
-20.0 24.999999999999993 89.10735130129446 
-20.0 29.999999999999993 76.75567466665822 
-20.0 34.99999999999999 68.84159990887137 
-20.0 40.0 63.23331980886964 
-20.0 45.0 59.37785053192547 
-20.0 50.0 55.345903710895335 
-20.0 55.00000000000001 51.136802942477246 
-20.0 60.00000000000001 46.95619046626597 
-20.0 65.00000000000001 42.40113254548327 
-20.0 69.99999999999999 36.629773246465476 
-20.0 75.0 30.917703691978787 
-20.0 80.0 27.790147830744257 
-20.0 85.0 9.477489118330773 
-14.999999999999996 -85.0 7.814160931488467 
-14.999999999999996 -80.0 22.959492703527932 
-14.999999999999996 -75.0 25.626770110200713 
-14.999999999999996 -70.0 30.517583134661287 
-14.999999999999996 -65.0 35.5612204383667 
-14.999999999999996 -60.00000000000001 39.673481062834576 
-14.999999999999996 -55.00000000000001 43.53858845762164 
-14.999999999999996 -50.0 47.48857258018137 
-14.999999999999996 -45.0 51.328884262033675 
-14.999999999999996 -40.0 55.03827806441373 
-14.999999999999996 -34.99999999999999 60.419163530129985 
-14.999999999999996 -30.000000000000004 68.1284457156184 
-14.999999999999996 -25.0 80.35337858324857 
-14.999999999999996 -20.0 91.47099896038462 
-14.999999999999996 -14.999999999999996 72.67995257683506 
-14.999999999999996 -10.000000000000004 59.73743480077594 
-14.999999999999996 -5.000000000000002 70.56284195244746 
-14.999999999999996 0.0 115.38293932317924 
-14.999999999999996 5.000000000000002 92.24715286311068 
-14.999999999999996 10.000000000000004 73.99036021254759 
-14.999999999999996 15.000000000000007 80.30797339682346 
-14.999999999999996 20.000000000000007 95.83066825257661 
-14.999999999999996 24.999999999999993 86.37113772288157 
-14.999999999999996 29.999999999999993 74.45216842527486 
-14.999999999999996 34.99999999999999 66.80523673826625 
-14.999999999999996 40.0 61.39284761032572 
-14.999999999999996 45.0 57.67385476250491 
-14.999999999999996 50.0 53.78827061923916 
-14.999999999999996 55.00000000000001 49.732388752765054 
-14.999999999999996 60.00000000000001 45.701157575598245 
-14.999999999999996 65.00000000000001 41.29948707621275 
-14.999999999999996 69.99999999999999 35.70444003875516 
-14.999999999999996 75.0 30.156761983088156 
-14.999999999999996 80.0 27.12085360195901 
-14.999999999999996 85.0 9.252533859395028 
-10.000000000000004 -85.0 7.230783555291259 
-10.000000000000004 -80.0 21.243273319769138 
-10.000000000000004 -75.0 23.70761688874793 
-10.000000000000004 -70.0 28.227124232309123 
-10.000000000000004 -65.0 32.886108594921886 
-10.000000000000004 -60.00000000000001 36.682488581458024 
-10.000000000000004 -55.00000000000001 40.24956571731317 
-10.000000000000004 -50.0 43.89454824155404 
-10.000000000000004 -45.0 47.43805197484642 
-10.000000000000004 -40.0 50.86082254142784 
-10.000000000000004 -34.99999999999999 55.82568881160276 
-10.000000000000004 -30.000000000000004 62.93777334444632 
-10.000000000000004 -25.0 74.2196171416823 
-10.000000000000004 -20.0 84.48122794534541 
-10.000000000000004 -14.999999999999996 67.1828639042673 
-10.000000000000004 -10.000000000000004 55.30630685069636 
-10.000000000000004 -5.000000000000002 65.32835604820383 
-10.000000000000004 0.0 106.55606097273832 
-10.000000000000004 5.000000000000002 85.2068721501969 
-10.000000000000004 10.000000000000004 68.35858498645501 
-10.000000000000004 15.000000000000007 74.15496262103323 
-10.000000000000004 20.000000000000007 88.45253065357106 
-10.000000000000004 24.999999999999993 79.71781444564942 
-10.000000000000004 29.999999999999993 68.71714313476411 
-10.000000000000004 34.99999999999999 61.662385655991926 
-10.000000000000004 40.0 56.668455777624295 
-10.000000000000004 45.0 53.236972884900815 
-10.000000000000004 50.0 49.65249580529649 
-10.000000000000004 55.00000000000001 45.911282282507884 
-10.000000000000004 60.00000000000001 42.193018517263205 
-10.000000000000004 65.00000000000001 38.13276633635549 
-10.000000000000004 69.99999999999999 32.97019451466155 
-10.000000000000004 75.0 27.85033585785965 
-10.000000000000004 80.0 25.04897066565092 
-10.000000000000004 85.0 8.546246992521914 
-5.000000000000002 -85.0 6.692951476687241 
-5.000000000000002 -80.0 19.66233723730236 
-5.000000000000002 -75.0 21.941613498089467 
-5.000000000000002 -70.0 26.121323206121872 
-5.000000000000002 -65.0 30.427553820454563 
-5.000000000000002 -60.00000000000001 33.932632370146706 
-5.000000000000002 -55.00000000000001 37.22233980938481 
-5.000000000000002 -50.0 40.58096527324253 
-5.000000000000002 -45.0 43.84390483460319 
-5.000000000000002 -40.0 46.99342808364469 
-5.000000000000002 -34.99999999999999 51.553256568652095 
-5.000000000000002 -30.000000000000004 58.07316043220781 
-5.000000000000002 -25.0 68.39469440391623 
-5.000000000000002 -20.0 77.60793034627572 
-5.000000000000002 -14.999999999999996 61.812485025100045 
-5.000000000000002 -10.000000000000004 51.13320642810224 
-5.000000000000002 -5.000000000000002 60.82685994750156 
-5.000000000000002 0.0 97.55129481395102 
-5.000000000000002 5.000000000000002 75.62809208854661 
-5.000000000000002 10.000000000000004 60.56671688897116 
-5.000000000000002 15.000000000000007 66.6501662810622 
-5.000000000000002 20.000000000000007 80.23627128402168 
-5.000000000000002 24.999999999999993 72.41838849122966 
-5.000000000000002 29.999999999999993 62.36360906556511 
-5.000000000000002 34.99999999999999 55.926928124743895 
-5.000000000000002 40.0 51.36602065697727 
-5.000000000000002 45.0 48.23083830185638 
-5.000000000000002 50.0 44.95290407142568 
-5.000000000000002 55.00000000000001 41.53181009959892 
-5.000000000000002 60.00000000000001 38.13506560715467 
-5.000000000000002 65.00000000000001 34.43567506830332 
-5.000000000000002 69.99999999999999 29.74961798185909 
-5.000000000000002 75.0 25.112065042426376 
-5.000000000000002 80.0 22.573422370247183 
-5.000000000000002 85.0 7.698826410636659 
0.0 -85.0 6.5421769252227735 
0.0 -80.0 19.213498394876744 
0.0 -75.0 21.43031391520249 
0.0 -70.0 25.4960825474949 
0.0 -65.0 29.676003333827975 
0.0 -60.00000000000001 33.06534150605871 
0.0 -55.00000000000001 36.23673788712278 
0.0 -50.0 39.46904660384528 
0.0 -45.0 42.60660952842098 
0.0 -40.0 45.63414586345432 
0.0 -34.99999999999999 50.007391809725455 
0.0 -30.000000000000004 56.24874524782867 
0.0 -25.0 66.09067347142664 
0.0 -20.0 74.7483107639442 
0.0 -14.999999999999996 60.03663454969229 
0.0 -10.000000000000004 50.5695828760014 
0.0 -5.000000000000002 60.708595079306725 
0.0 0.0 92.96488051203417 
0.0 5.000000000000002 68.35327323474945 
0.0 10.000000000000004 54.804160832065726 
0.0 15.000000000000007 61.7471744815448 
0.0 20.000000000000007 75.37868437815366 
0.0 24.999999999999993 68.05202780473044 
0.0 29.999999999999993 58.48287851431222 
0.0 34.99999999999999 52.37954787137624 
0.0 40.0 48.054327582545426 
0.0 45.0 45.08336625630576 
0.0 50.0 41.97431810066611 
0.0 55.00000000000001 38.73068928798641 
0.0 60.00000000000001 35.51588522885154 
0.0 65.00000000000001 32.02911773315938 
0.0 69.99999999999999 27.637398941219843 
0.0 75.0 23.30477761085305 
0.0 80.0 20.931599376685558 
0.0 85.0 7.135084620657662 
5.000000000000002 -85.0 6.95691717718407 
5.000000000000002 -80.0 20.418963712536236 
5.000000000000002 -75.0 22.75322670927325 
5.000000000000002 -70.0 27.037252908586435 
5.000000000000002 -65.0 31.426421147777454 
5.000000000000002 -60.00000000000001 34.964305215974726 
5.000000000000002 -55.00000000000001 38.26105119835369 
5.000000000000002 -50.0 41.61539660434773 
5.000000000000002 -45.0 44.87029874648395 
5.000000000000002 -40.0 48.014063601612655 
5.000000000000002 -34.99999999999999 52.553756988675886 
5.000000000000002 -30.000000000000004 59.0342018002298 
5.000000000000002 -25.0 69.22196450058594 
5.000000000000002 -20.0 78.3134488278903 
5.000000000000002 -14.999999999999996 63.804610035786126 
5.000000000000002 -10.000000000000004 55.1753784613623 
5.000000000000002 -5.000000000000002 66.41723043845032 
5.000000000000002 0.0 96.02615430818032 
5.000000000000002 5.000000000000002 68.05769648369038 
5.000000000000002 10.000000000000004 54.965462277931046 
5.000000000000002 15.000000000000007 62.78942012476217 
5.000000000000002 20.000000000000007 77.17350011526918 
5.000000000000002 24.999999999999993 69.46822616652028 
5.000000000000002 29.999999999999993 59.58049125308769 
5.000000000000002 34.99999999999999 53.29873952208523 
5.000000000000002 40.0 48.85549670409213 
5.000000000000002 45.0 45.81112875250205 
5.000000000000002 50.0 42.626592625138194 
5.000000000000002 55.00000000000001 39.306641010295024 
5.000000000000002 60.00000000000001 36.02101033042802 
5.000000000000002 65.00000000000001 32.46607420764967 
5.000000000000002 69.99999999999999 28.000839683364994 
5.000000000000002 75.0 23.60204426180477 
5.000000000000002 80.0 21.192501300146116 
5.000000000000002 85.0 7.222755470272223 
10.000000000000004 -85.0 7.666775299506935 
10.000000000000004 -80.0 22.495265460754837 
10.000000000000004 -75.0 25.05458162538436 
10.000000000000004 -70.0 29.75342985212369 
10.000000000000004 -65.0 34.55922774663645 
10.000000000000004 -60.00000000000001 38.42132460206452 
10.000000000000004 -55.00000000000001 42.01302418496194 
10.000000000000004 -50.0 45.66501325296924 
10.000000000000004 -45.0 49.208905451641726 
10.000000000000004 -40.0 52.63455189354917 
10.000000000000004 -34.99999999999999 57.58440048209734 
10.000000000000004 -30.000000000000004 64.65759305912786 
10.000000000000004 -25.0 75.76484198735234 
10.000000000000004 -20.0 85.84658112783991 
10.000000000000004 -14.999999999999996 70.47459274661556 
10.000000000000004 -10.000000000000004 61.72863965199146 
10.000000000000004 -5.000000000000002 74.21635188495587 
10.000000000000004 0.0 104.49843794195442 
10.000000000000004 5.000000000000002 73.46530514532535 
10.000000000000004 10.000000000000004 59.638889276943054 
10.000000000000004 15.000000000000007 68.23627011529744 
10.000000000000004 20.000000000000007 83.8714629179422 
10.000000000000004 24.999999999999993 75.31165764030739 
10.000000000000004 29.999999999999993 64.53875807946854 
10.000000000000004 34.99999999999999 57.70422463562947 
10.000000000000004 40.0 52.87763955253975 
10.000000000000004 45.0 49.57609882138463 
10.000000000000004 50.0 46.12496129054053 
10.000000000000004 55.00000000000001 42.528858512766824 
10.000000000000004 60.00000000000001 38.97182426998662 
10.000000000000004 65.00000000000001 35.125046798896804 
10.000000000000004 69.99999999999999 30.294433908968088 
10.000000000000004 75.0 25.536061056496372 
10.000000000000004 80.0 22.929859179715987 
10.000000000000004 85.0 7.815096382136733 
15.000000000000007 -85.0 8.296890176783473 
15.000000000000007 -80.0 24.348706930106527 
15.000000000000007 -75.0 27.12663281502205 
15.000000000000007 -70.0 32.22532388603123 
15.000000000000007 -65.0 37.44448570638705 
15.000000000000007 -60.00000000000001 41.64468641895352 
15.000000000000007 -55.00000000000001 45.5540710902 
15.000000000000007 -50.0 49.53008881007159 
15.000000000000007 -45.0 53.388349119847604 
15.000000000000007 -40.0 57.11653136248618 
15.000000000000007 -34.99999999999999 62.50363522139837 
15.000000000000007 -30.000000000000004 70.20236827814983 
15.000000000000007 -25.0 82.29198052504891 
15.000000000000007 -20.0 93.23251422820829 
15.000000000000007 -14.999999999999996 76.31470804738167 
15.000000000000007 -10.000000000000004 66.50526357643808 
15.000000000000007 -5.000000000000002 79.93911492812146 
15.000000000000007 0.0 113.69104627437625 
15.000000000000007 5.000000000000002 80.24449886878128 
15.000000000000007 10.000000000000004 65.03625557324979 
15.000000000000007 15.000000000000007 74.35186182330497 
15.000000000000007 20.000000000000007 91.37279425869659 
15.000000000000007 24.999999999999993 82.08804769917899 
15.000000000000007 29.999999999999993 70.3587005614477 
15.000000000000007 34.99999999999999 62.90923819169771 
15.000000000000007 40.0 57.647299873810475 
15.000000000000007 45.0 54.04637645324047 
15.000000000000007 50.0 50.28184303364543 
15.000000000000007 55.00000000000001 46.3590111779421 
15.000000000000007 60.00000000000001 42.47836298394366 
15.000000000000007 65.00000000000001 38.28155657785705 
15.000000000000007 69.99999999999999 33.01275256927418 
15.000000000000007 75.0 27.823751165480846 
15.000000000000007 80.0 24.981107464765532 
15.000000000000007 85.0 8.513504854123607 
20.000000000000007 -85.0 8.511946873300433 
20.000000000000007 -80.0 24.991845130672147 
20.000000000000007 -75.0 27.863579313432027 
20.000000000000007 -70.0 33.13110148776936 
20.000000000000007 -65.0 38.53627630123725 
20.000000000000007 -60.00000000000001 42.90445010070093 
20.000000000000007 -55.00000000000001 46.98140951544565 
20.000000000000007 -50.0 51.13192747479296 
20.000000000000007 -45.0 55.15957808162307 
20.000000000000007 -40.0 59.04762040028498 
20.000000000000007 -34.99999999999999 64.66267471296933 
20.000000000000007 -30.000000000000004 72.67704451086762 
20.000000000000007 -25.0 85.28447683263906 
20.000000000000007 -20.0 96.42839730163558 
20.000000000000007 -14.999999999999996 78.08259219624675 
20.000000000000007 -10.000000000000004 66.79579819629146 
20.000000000000007 -5.000000000000002 80.33343226036492 
20.000000000000007 0.0 118.59851473582219 
20.000000000000007 5.000000000000002 84.81316338782557 
20.000000000000007 10.000000000000004 68.30542084768479 
20.000000000000007 15.000000000000007 77.8693947814883 
20.000000000000007 20.000000000000007 95.6518176893744 
20.000000000000007 24.999999999999993 86.20084214589544 
20.000000000000007 29.999999999999993 73.95485096873482 
20.000000000000007 34.99999999999999 66.16243364905947 
20.000000000000007 40.0 60.64729086874398 
20.000000000000007 45.0 56.865305065098376 
20.000000000000007 50.0 52.90947392740679 
20.000000000000007 55.00000000000001 48.785854278977055 
20.000000000000007 60.00000000000001 44.7044001824766 
20.000000000000007 65.00000000000001 40.287948325229536 
20.000000000000007 69.99999999999999 34.74172069732238 
20.000000000000007 75.0 29.278977028193548 
20.000000000000007 80.0 26.285644682938155 
20.000000000000007 85.0 8.957533975724383 
24.999999999999993 -85.0 7.302857476543034 
24.999999999999993 -80.0 21.43070912360591 
24.999999999999993 -75.0 23.874260322656408 
24.999999999999993 -70.0 28.359373078936272 
24.999999999999993 -65.0 32.94940226086352 
24.999999999999993 -60.00000000000001 36.64184226474543 
24.999999999999993 -55.00000000000001 40.07739298172392 
24.999999999999993 -50.0 43.56997528257904 
24.999999999999993 -45.0 46.9567096634684 
24.999999999999993 -40.0 50.225989428526724 
24.999999999999993 -34.99999999999999 54.945273097486066 
24.999999999999993 -30.000000000000004 61.678521431684985 
24.999999999999993 -25.0 72.2622717084096 
24.999999999999993 -20.0 81.68778400578972 
24.999999999999993 -14.999999999999996 66.73689930630431 
24.999999999999993 -10.000000000000004 58.00659527318675 
24.999999999999993 -5.000000000000002 69.80842775148281 
24.999999999999993 0.0 99.5787822376161 
24.999999999999993 5.000000000000002 69.90474801634801 
24.999999999999993 10.000000000000004 56.62454045548877 
24.999999999999993 15.000000000000007 64.9690563935301 
24.999999999999993 20.000000000000007 80.01855222984531 
24.999999999999993 24.999999999999993 71.98326297384382 
24.999999999999993 29.999999999999993 61.70051217923077 
24.999999999999993 34.99999999999999 55.178457130188654 
24.999999999999993 40.0 50.56807906948653 
24.999999999999993 45.0 47.41211311968533 
24.999999999999993 50.0 44.11222867954249 
24.999999999999993 55.00000000000001 40.67360268857896 
24.999999999999993 60.00000000000001 37.27230156681923 
24.999999999999993 65.00000000000001 33.59367086040478 
24.999999999999993 69.99999999999999 28.9737051625421 
24.999999999999993 75.0 24.422502157468447 
24.999999999999993 80.0 21.929506323304427 
24.999999999999993 85.0 7.4739992487159 
29.999999999999993 -85.0 6.642555737378814 
29.999999999999993 -80.0 19.485113390977258 
29.999999999999993 -75.0 21.69343377374139 
29.999999999999993 -70.0 25.74912031591985 
29.999999999999993 -65.0 29.89137533527969 
29.999999999999993 -60.00000000000001 33.21218481092678 
29.999999999999993 -55.00000000000001 36.29495592961392 
29.999999999999993 -50.0 39.42577181381874 
29.999999999999993 -45.0 42.45991305337537 
29.999999999999993 -40.0 45.38893625915601 
29.999999999999993 -34.99999999999999 49.62034987291329 
29.999999999999993 -30.000000000000004 55.66136683671999 
29.999999999999993 -25.0 65.16504727982046 
29.999999999999993 -20.0 73.72972659258237 
29.999999999999993 -14.999999999999996 60.57166208828936 
29.999999999999993 -10.000000000000004 53.13183104125254 
29.999999999999993 -5.000000000000002 63.82062414622641 
29.999999999999993 0.0 89.45342550768464 
29.999999999999993 5.000000000000002 62.83608783713386 
29.999999999999993 10.000000000000004 51.125745800580965 
29.999999999999993 15.000000000000007 58.529209842650474 
29.999999999999993 20.000000000000007 71.93860000616166 
29.999999999999993 24.999999999999993 64.61227112069078 
29.999999999999993 29.999999999999993 55.3754843074283 
29.999999999999993 34.99999999999999 49.52900960146372 
29.999999999999993 40.0 45.4015361132128 
29.999999999999993 45.0 42.58103414354658 
29.999999999999993 50.0 39.633206644048194 
29.999999999999993 55.00000000000001 36.561187602722086 
29.999999999999993 60.00000000000001 33.52170199571993 
29.999999999999993 65.00000000000001 30.230509229792364 
29.999999999999993 69.99999999999999 26.08814624730993 
29.999999999999993 75.0 22.002100668166 
29.999999999999993 80.0 19.765033165890127 
29.999999999999993 85.0 6.738322843416453 
34.99999999999999 -85.0 6.037403575962555 
34.99999999999999 -80.0 17.700523242040354 
34.99999999999999 -75.0 19.6905585855394 
34.99999999999999 -70.0 23.34818857411024 
34.99999999999999 -65.0 27.07393777101373 
34.99999999999999 -60.00000000000001 30.047157861339095 
34.99999999999999 -55.00000000000001 32.79898720511611 
34.99999999999999 -50.0 35.59029569200507 
34.99999999999999 -45.0 38.293789500599544 
34.99999999999999 -40.0 40.90452393184677 
34.99999999999999 -34.99999999999999 44.68185751976362 
34.99999999999999 -30.000000000000004 50.08182791743266 
34.99999999999999 -25.0 58.58636408949995 
34.99999999999999 -20.0 66.39673824365241 
34.99999999999999 -14.999999999999996 54.95142491465649 
34.99999999999999 -10.000000000000004 48.77055690146308 
34.99999999999999 -5.000000000000002 58.413016121853275 
34.99999999999999 0.0 80.09012634266057 
34.99999999999999 5.000000000000002 56.46789073864805 
34.99999999999999 10.000000000000004 46.21207473980884 
34.99999999999999 15.000000000000007 52.6686308981525 
34.99999999999999 20.000000000000007 64.50248112855982 
34.99999999999999 24.999999999999993 57.79817046808484 
34.99999999999999 29.999999999999993 49.53172606320231 
34.99999999999999 34.99999999999999 44.312317068779656 
34.99999999999999 40.0 40.63445360868934 
34.99999999999999 45.0 38.12718347978944 
34.99999999999999 50.0 35.508214505825755 
34.99999999999999 55.00000000000001 32.77836663050375 
34.99999999999999 60.00000000000001 30.07609485202306 
34.99999999999999 65.00000000000001 27.144838165944076 
34.99999999999999 69.99999999999999 23.444032320427443 
34.99999999999999 75.0 19.78682056278858 
34.99999999999999 80.0 17.785919145573235 
34.99999999999999 85.0 6.06608791932742 
40.0 -85.0 5.50757600616181 
40.0 -80.0 16.13726419170549 
40.0 -75.0 17.934725719374313 
40.0 -70.0 21.241400181856385 
40.0 -65.0 24.59912484776552 
40.0 -60.00000000000001 27.264145909583274 
40.0 -55.00000000000001 29.721988730352376 
40.0 -50.0 32.21165182931394 
40.0 -45.0 34.62154068177444 
40.0 -40.0 36.95029114939191 
40.0 -34.99999999999999 40.32788326396328 
40.0 -30.000000000000004 45.166275849488095 
40.0 -25.0 52.79829539405735 
40.0 -20.0 59.981397291134606 
40.0 -14.999999999999996 50.05145639921342 
40.0 -10.000000000000004 44.98330269815349 
40.0 -5.000000000000002 53.668426591093514 
40.0 0.0 71.9342349912199 
40.0 5.000000000000002 51.19620206872088 
40.0 10.000000000000004 42.1710911741553 
40.0 15.000000000000007 47.69822579748361 
40.0 20.000000000000007 58.087965953386 
40.0 24.999999999999993 51.8985147810895 
40.0 29.999999999999993 44.48035397048374 
40.0 34.99999999999999 39.80871751012635 
40.0 40.0 36.52473084617984 
40.0 45.0 34.29276658296088 
40.0 50.0 31.963088944908815 
40.0 55.00000000000001 29.533864352315554 
40.0 60.00000000000001 27.127076274266177 
40.0 65.00000000000001 24.509430104840913 
40.0 69.99999999999999 21.19025374333516 
40.0 75.0 17.901939010448288 
40.0 80.0 16.104414896436282 
40.0 85.0 5.495486194909106 
45.0 -85.0 4.962194049227291 
45.0 -80.0 14.527812546916334 
45.0 -75.0 16.1265100420367 
45.0 -70.0 19.07105122111325 
45.0 -65.0 22.04881003507071 
45.0 -60.00000000000001 24.395408371865695 
45.0 -55.00000000000001 26.549573046342598 
45.0 -50.0 28.72797266845001 
45.0 -45.0 30.835411784654877 
45.0 -40.0 32.874424780321284 
45.0 -34.99999999999999 35.842037203762686 
45.0 -30.000000000000004 40.10507015626761 
45.0 -25.0 46.84340370698008 
45.0 -20.0 53.393785272813076 
45.0 -14.999999999999996 45.0282821070834 
45.0 -10.000000000000004 41.10972262518366 
45.0 -5.000000000000002 48.800318235380836 
45.0 0.0 63.5700730017119 
45.0 5.000000000000002 45.87036611898841 
45.0 10.000000000000004 38.09778426055097 
45.0 15.000000000000007 42.64022923906008 
45.0 20.000000000000007 51.526819856262804 
45.0 24.999999999999993 45.856621441143176 
45.0 29.999999999999993 39.308468066543995 
45.0 34.99999999999999 35.1982904353885 
45.0 40.0 32.31802721827559 
45.0 45.0 30.368317688865954 
45.0 50.0 28.33559746254678 
45.0 55.00000000000001 26.215151107263324 
45.0 60.00000000000001 24.11188159086806 
45.0 65.00000000000001 21.81612949345296 
45.0 69.99999999999999 18.88805392788919 
45.0 75.0 15.97742007599998 
45.0 80.0 14.388193969704394 
45.0 85.0 4.913251622734416 
50.0 -85.0 4.415893204882449 
50.0 -80.0 12.916108565481773 
50.0 -75.0 14.316553472864536 
50.0 -70.0 16.899808859876718 
50.0 -65.0 19.49905675918281 
50.0 -60.00000000000001 21.529291615288507 
50.0 -55.00000000000001 23.38243241045664 
50.0 -50.0 25.252846128063386 
50.0 -45.0 27.06157964489626 
50.0 -40.0 28.81491890097661 
50.0 -34.99999999999999 31.378134058961088 
50.0 -30.000000000000004 35.07327759720887 
50.0 -25.0 40.928764200883094 
50.0 -20.0 46.849357188353295 
50.0 -14.999999999999996 40.0160533829652 
50.0 -10.000000000000004 37.20880877075825 
50.0 -5.000000000000002 43.90370073490197 
50.0 0.0 55.290152857295766 
50.0 5.000000000000002 40.6170849314003 
50.0 10.000000000000004 34.06794416767594 
50.0 15.000000000000007 37.63473646300307 
50.0 20.000000000000007 45.03571788427434 
50.0 24.999999999999993 39.884841621027974 
50.0 29.999999999999993 34.19689976469148 
50.0 34.99999999999999 30.64074661873376 
50.0 40.0 28.158249777939158 
50.0 45.0 26.486156142948964 
50.0 50.0 24.745760925202376 
50.0 55.00000000000001 22.92960699111395 
50.0 60.00000000000001 21.12572604159618 
50.0 65.00000000000001 19.14786187508666 
50.0 69.99999999999999 16.606548983147906 
50.0 75.0 14.0696899276869 
50.0 80.0 12.686582933372804 
50.0 85.0 4.335893268796251 
55.00000000000001 -85.0 3.8880998406067127 
55.00000000000001 -80.0 11.359856475577363 
55.00000000000001 -75.0 12.570336300139864 
55.00000000000001 -70.0 14.807251764400316 
55.00000000000001 -65.0 17.044685359401488 
55.00000000000001 -60.00000000000001 18.774006996540816 
55.00000000000001 -55.00000000000001 20.341929410219294 
55.00000000000001 -50.0 21.92123400072167 
55.00000000000001 -45.0 23.448185304089414 
55.00000000000001 -40.0 24.93230637369472 
55.00000000000001 -34.99999999999999 27.113633144966947 
55.00000000000001 -30.000000000000004 30.27140996955148 
55.00000000000001 -25.0 35.29089762213809 
55.00000000000001 -20.0 40.600730292239795 
55.00000000000001 -14.999999999999996 35.188863865694486 
55.00000000000001 -10.000000000000004 33.38727330189056 
55.00000000000001 -5.000000000000002 39.121771987990556 
55.00000000000001 0.0 47.42834967375434 
55.00000000000001 5.000000000000002 35.63544573178274 
55.00000000000001 10.000000000000004 30.224245651833797 
55.00000000000001 15.000000000000007 32.874213058003626 
55.00000000000001 20.000000000000007 38.8767439481214 
55.00000000000001 24.999999999999993 34.23260710919401 
55.00000000000001 29.999999999999993 29.35932331516606 
55.00000000000001 34.99999999999999 26.32650287469104 
55.00000000000001 40.0 24.218729359373928 
55.00000000000001 45.0 22.80736035023557 
55.00000000000001 50.0 21.34172478473926 
55.00000000000001 55.00000000000001 19.811998333956712 
55.00000000000001 60.00000000000001 18.290337477456458 
55.00000000000001 65.00000000000001 16.612750211144068 
55.00000000000001 69.99999999999999 14.437684116190924 
55.00000000000001 75.0 12.255262110127187 
55.00000000000001 80.0 11.067564888321204 
55.00000000000001 85.0 3.7864184056730963 
60.00000000000001 -85.0 3.3777859610415333 
60.00000000000001 -80.0 9.856632779423407 
60.00000000000001 -75.0 10.886173313568472 
60.00000000000001 -70.0 12.792888092454334 
60.00000000000001 -65.0 14.68708163998138 
60.00000000000001 -60.00000000000001 16.133344160538893 
60.00000000000001 -55.00000000000001 17.43459356341711 
60.00000000000001 -50.0 18.74256270018136 
60.00000000000001 -45.0 20.007384387907308 
60.00000000000001 -40.0 21.241040738208447 
60.00000000000001 -34.99999999999999 23.065461477774033 
60.00000000000001 -30.000000000000004 25.719012165233448 
60.00000000000001 -25.0 29.953105979070717 
60.00000000000001 -20.0 34.660694512782975 
60.00000000000001 -14.999999999999996 30.53314701338998 
60.00000000000001 -10.000000000000004 29.60131664457924 
60.00000000000001 -5.000000000000002 34.417432814959355 
60.00000000000001 0.0 40.01695792205141 
60.00000000000001 5.000000000000002 30.897325061951374 
60.00000000000001 10.000000000000004 26.528794777084972 
60.00000000000001 15.000000000000007 28.34804824970043 
60.00000000000001 20.000000000000007 33.06393981849838 
60.00000000000001 24.999999999999993 28.923814799280816 
60.00000000000001 29.999999999999993 24.81547499464699 
60.00000000000001 34.99999999999999 22.272351407411083 
60.00000000000001 40.0 20.513681433641057 
60.00000000000001 45.0 19.343932905628268 
60.00000000000001 50.0 18.13298751675974 
60.00000000000001 55.00000000000001 16.869234025100216 
60.00000000000001 60.00000000000001 15.6102091773386 
60.00000000000001 65.00000000000001 14.213157908415807 
60.00000000000001 69.99999999999999 12.382093823666658 
60.00000000000001 75.0 10.533604307050249 
60.00000000000001 80.0 9.529884087658472 
60.00000000000001 85.0 3.264223756968826 
65.00000000000001 -85.0 2.8548742241335097 
65.00000000000001 -80.0 8.319507974597446 
65.00000000000001 -75.0 9.16947424449753 
65.00000000000001 -70.0 10.747634931123056 
65.00000000000001 -65.0 12.30362958873997 
65.00000000000001 -60.00000000000001 13.475518460067489 
65.00000000000001 -55.00000000000001 14.520983467531467 
65.00000000000001 -50.0 15.569747578853772 
65.00000000000001 -45.0 16.584525452287693 
65.00000000000001 -40.0 17.578619511216893 
65.00000000000001 -34.99999999999999 19.05866763175758 
65.00000000000001 -30.000000000000004 21.22218031285099 
65.00000000000001 -25.0 24.69014377482686 
65.00000000000001 -20.0 28.752824576280805 
65.00000000000001 -14.999999999999996 25.77434700302483 
65.00000000000001 -10.000000000000004 25.546968280828754 
65.00000000000001 -5.000000000000002 29.458214042047327 
65.00000000000001 0.0 32.7630302037102 
65.00000000000001 5.000000000000002 26.098844802359306 
65.00000000000001 10.000000000000004 22.700928250153957 
65.00000000000001 15.000000000000007 23.797228953621513 
65.00000000000001 20.000000000000007 27.331546051136552 
65.00000000000001 24.999999999999993 23.738888420839057 
65.00000000000001 29.999999999999993 20.375930737848062 
65.00000000000001 34.99999999999999 18.306863008573664 
65.00000000000001 40.0 16.883620534057616 
65.00000000000001 45.0 15.943850453828551 
65.00000000000001 50.0 14.97485973930516 
65.00000000000001 55.00000000000001 13.964161372275584 
65.00000000000001 60.00000000000001 12.95577643069053 
65.00000000000001 65.00000000000001 11.828578712906642 
65.00000000000001 69.99999999999999 10.332608513914757 
65.00000000000001 75.0 8.811843912674151 
65.00000000000001 80.0 7.988263361282577 
65.00000000000001 85.0 2.739816605196694 
69.99999999999999 -85.0 2.297668826088906 
69.99999999999999 -80.0 6.686501937103127 
69.99999999999999 -75.0 7.354016777584199 
69.99999999999999 -70.0 8.596888621279716 
69.99999999999999 -65.0 9.81265837284552 
69.99999999999999 -60.00000000000001 10.715120471486234 
69.99999999999999 -55.00000000000001 11.513088834330766 
69.99999999999999 -50.0 12.31215737516116 
69.99999999999999 -45.0 13.086150279342714 
69.99999999999999 -40.0 13.848186196186983 
69.99999999999999 -34.99999999999999 14.990521909002632 
69.99999999999999 -30.000000000000004 16.66878358925448 
69.99999999999999 -25.0 19.372824737841864 
69.99999999999999 -20.0 22.707871537078038 
69.99999999999999 -14.999999999999996 20.717150598303878 
69.99999999999999 -10.000000000000004 20.978436269755274 
69.99999999999999 -5.000000000000002 23.99011431194 
69.99999999999999 0.0 25.51716047538087 
69.99999999999999 5.000000000000002 21.015837414728402 
69.99999999999999 10.000000000000004 18.51618491064034 
69.99999999999999 15.000000000000007 19.038955761603418 
69.99999999999999 20.000000000000007 21.518037362874253 
69.99999999999999 24.999999999999993 18.553473433223225 
69.99999999999999 29.999999999999993 15.932754959802423 
69.99999999999999 34.99999999999999 14.330969352441091 
69.99999999999999 40.0 13.235041964641551 
69.99999999999999 45.0 12.516765288781636 
69.99999999999999 50.0 11.779652010618753 
69.99999999999999 55.00000000000001 11.011593295077336 
69.99999999999999 60.00000000000001 10.244337890215675 
69.99999999999999 65.00000000000001 9.379882973198532 
69.99999999999999 69.99999999999999 8.216897641851912 
69.99999999999999 75.0 7.025753451070878 
69.99999999999999 80.0 6.382584245132087 
69.99999999999999 85.0 2.192147876328976 
75.0 -85.0 1.7987798064771507 
75.0 -80.0 5.227920759881377 
75.0 -75.0 5.738414806038855 
75.0 -70.0 6.691590945051739 
75.0 -65.0 7.616948306143006 
75.0 -60.00000000000001 8.294219233097161 
75.0 -55.00000000000001 8.88795901678786 
75.0 -50.0 9.481681190757492 
75.0 -45.0 10.057581446248431 
75.0 -40.0 10.62755793612637 
75.0 -34.99999999999999 11.487432608452774 
75.0 -30.000000000000004 12.756538036988587 
75.0 -25.0 14.812201072711206 
75.0 -20.0 17.4679978766535 
75.0 -14.999999999999996 16.198276881847153 
75.0 -10.000000000000004 16.717071324476297 
75.0 -5.000000000000002 18.97187683277787 
75.0 0.0 19.365249594574163 
75.0 5.000000000000002 16.47336386865231 
75.0 10.000000000000004 14.68429176196522 
75.0 15.000000000000007 14.833268849552491 
75.0 20.000000000000007 16.51087832948967 
75.0 24.999999999999993 14.139381683119526 
75.0 29.999999999999993 12.147986478997437 
75.0 34.99999999999999 10.938808052592801 
75.0 40.0 10.115570329103447 
75.0 45.0 9.57974904699256 
75.0 50.0 9.03263889826175 
75.0 55.00000000000001 8.46335402030831 
75.0 60.00000000000001 7.894136581402566 
75.0 65.00000000000001 7.247810565553628 
75.0 69.99999999999999 6.366444398939425 
75.0 75.0 5.457089489886414 
75.0 80.0 4.967541929173269 
75.0 85.0 1.708404777787273 
80.0 -85.0 1.4918585774522182 
80.0 -80.0 4.331302811995324 
80.0 -75.0 4.746491434059144 
80.0 -70.0 5.523609011605186 
80.0 -65.0 6.27326511424121 
80.0 -60.00000000000001 6.815395275556723 
80.0 -55.00000000000001 7.287232560410484 
80.0 -50.0 7.758601646893553 
80.0 -45.0 8.216496312237878 
80.0 -40.0 8.671811681494454 
80.0 -34.99999999999999 9.36226899404969 
80.0 -30.000000000000004 10.385098387560523 
80.0 -25.0 12.049670642457164 
80.0 -20.0 14.280973142949257 
80.0 -14.999999999999996 13.419387825505593 
80.0 -10.000000000000004 14.057226553616799 
80.0 -5.000000000000002 15.855508914882051 
80.0 0.0 15.651045151518481 
80.0 5.000000000000002 13.682282938267653 
80.0 10.000000000000004 12.310471481727198 
80.0 15.000000000000007 12.25894648756184 
80.0 20.000000000000007 13.473879628507207 
80.0 24.999999999999993 11.474423445198603 
80.0 29.999999999999993 9.862450563893926 
80.0 34.99999999999999 8.889213798934733 
80.0 40.0 8.229246758299352 
80.0 45.0 7.8021218048228835 
80.0 50.0 7.3679965316856615 
80.0 55.00000000000001 6.916946999333333 
80.0 60.00000000000001 6.465692177980198 
80.0 65.00000000000001 5.949881621553024 
80.0 69.99999999999999 5.238212450430171 
80.0 75.0 4.499327065702291 
80.0 80.0 4.10259387643772 
80.0 85.0 1.412494512591129 
85.0 -85.0 0.39660081294888566 
85.0 -80.0 1.1506452627881365 
85.0 -75.0 1.2595877050450266 
85.0 -70.0 1.4638396854618956 
85.0 -65.0 1.6600357911015875 
85.0 -60.00000000000001 1.8007702341554286 
85.0 -55.00000000000001 1.9226601741113678 
85.0 -50.0 2.0443641193502837 
85.0 -45.0 2.1627237827787424 
85.0 -40.0 2.280804993715979 
85.0 -34.99999999999999 2.460473293114895 
85.0 -30.000000000000004 2.727266361186281 
85.0 -25.0 3.162879319943939 
85.0 -20.0 3.7608017964061555 
85.0 -14.999999999999996 3.5646531414708447 
85.0 -10.000000000000004 3.7697771126228585 
85.0 -5.000000000000002 4.235082292249059 
85.0 0.0 4.089616026979652 
85.0 5.000000000000002 3.6411937154805893 
85.0 10.000000000000004 3.295882898932059 
85.0 15.000000000000007 3.2518685632462705 
85.0 20.000000000000007 3.544343224781835 
85.0 24.999999999999993 3.0073599202765577 
85.0 29.999999999999993 2.5856023928414977 
85.0 34.99999999999999 2.331958609810272 
85.0 40.0 2.160403604874235 
85.0 45.0 2.0497860395532737 
85.0 50.0 1.9377214787113672 
85.0 55.00000000000001 1.8214232136243256 
85.0 60.00000000000001 1.7050400922740534 
85.0 65.00000000000001 1.5714017600516532 
85.0 69.99999999999999 1.3855352225340574 
85.0 75.0 1.1917391189164217 
85.0 80.0 1.0878718848040692 
85.0 85.0 0.37482106730509096 
