-85.0 -85.0 0.23522378694940158 
-85.0 -80.0 0.6475998893897162 
-85.0 -75.0 0.6524356951708234 
-85.0 -70.0 0.593570868106764 
-85.0 -65.0 0.519203347436945 
-85.0 -60.00000000000001 0.5156191809846113 
-85.0 -55.00000000000001 0.6651745998189253 
-85.0 -50.0 0.8865625487714727 
-85.0 -45.0 1.0473381928491223 
-85.0 -40.0 1.080662380526038 
-85.0 -34.99999999999999 0.9852649203145875 
-85.0 -30.000000000000004 0.7880609562114496 
-85.0 -25.0 0.5271127520532629 
-85.0 -20.0 0.2907067075057195 
-85.0 -14.999999999999996 0.39057402867109375 
-85.0 -10.000000000000004 1.5750864043237032 
-85.0 -5.000000000000002 3.5293327696615484 
-85.0 0.0 4.2300202816544 
-85.0 5.000000000000002 3.5185952684918296 
-85.0 10.000000000000004 2.738887437882474 
-85.0 15.000000000000007 1.9797338901360686 
-85.0 20.000000000000007 1.698858220565042 
-85.0 24.999999999999993 1.7137771332585252 
-85.0 29.999999999999993 1.8685687272090075 
-85.0 34.99999999999999 2.0811087707815354 
-85.0 40.0 2.284611344803834 
-85.0 45.0 2.393942725029595 
-85.0 50.0 2.3072315432413935 
-85.0 55.00000000000001 1.9509824315413078 
-85.0 60.00000000000001 1.3875947757690748 
-85.0 65.00000000000001 0.8501453481168578 
-85.0 69.99999999999999 0.5050593760337135 
-85.0 75.0 0.3546855250537487 
-85.0 80.0 0.2896926938838562 
-85.0 85.0 0.09916805247802613 
-80.0 -85.0 0.7104536673798848 
-80.0 -80.0 1.9764851366251015 
-80.0 -75.0 2.0342266282360857 
-80.0 -70.0 1.9227459071929716 
-80.0 -65.0 1.7707073534140667 
-80.0 -60.00000000000001 1.785001779025357 
-80.0 -55.00000000000001 2.189472916891246 
-80.0 -50.0 2.770867050711578 
-80.0 -45.0 3.179884639201038 
-80.0 -40.0 3.2396808223831495 
-80.0 -34.99999999999999 2.9485994291189908 
-80.0 -30.000000000000004 2.3813683272541772 
-80.0 -25.0 1.6437875718883677 
-80.0 -20.0 0.983464278548924 
-80.0 -14.999999999999996 1.2756122336802138 
-80.0 -10.000000000000004 4.6151381154840125 
-80.0 -5.000000000000002 10.090751683240017 
-80.0 0.0 12.031781205767539 
-80.0 5.000000000000002 10.017532695732221 
-80.0 10.000000000000004 7.828879517721858 
-80.0 15.000000000000007 5.7024886424756716 
-80.0 20.000000000000007 4.92027894165679 
-80.0 24.999999999999993 4.969765803654931 
-80.0 29.999999999999993 5.4148979271794095 
-80.0 34.99999999999999 6.027199458760935 
-80.0 40.0 6.6214681533538515 
-80.0 45.0 6.960715061790308 
-80.0 50.0 6.758796994112003 
-80.0 55.00000000000001 5.800891252737127 
-80.0 60.00000000000001 4.240647676184405 
-80.0 65.00000000000001 2.71474957511083 
-80.0 69.99999999999999 1.6934658769674613 
-80.0 75.0 1.2184752456841548 
-80.0 80.0 0.9904740833468192 
-80.0 85.0 0.3350263065982175 
-75.0 -85.0 0.6574791445754716 
-75.0 -80.0 1.867407741148792 
-75.0 -75.0 2.001352020986245 
-75.0 -70.0 2.021945620871041 
-75.0 -65.0 2.0167100845042154 
-75.0 -60.00000000000001 2.0768507836452077 
-75.0 -55.00000000000001 2.363030273181186 
-75.0 -50.0 2.7381892320466026 
-75.0 -45.0 2.973747257646849 
-75.0 -40.0 2.952787045987066 
-75.0 -34.99999999999999 2.677882436674235 
-75.0 -30.000000000000004 2.2059985167216625 
-75.0 -25.0 1.6180856449413252 
-75.0 -20.0 1.1080708164529665 
-75.0 -14.999999999999996 1.3628319993486293 
-75.0 -10.000000000000004 4.012742670126654 
-75.0 -5.000000000000002 8.28521326460123 
-75.0 0.0 9.75163551252468 
-75.0 5.000000000000002 8.134300773441892 
-75.0 10.000000000000004 6.419620624132767 
-75.0 15.000000000000007 4.762923299830309 
-75.0 20.000000000000007 4.1623134451137895 
-75.0 24.999999999999993 4.216120504887226 
-75.0 29.999999999999993 4.586185962221606 
-75.0 34.99999999999999 5.097688368263654 
-75.0 40.0 5.610071544784652 
-75.0 45.0 5.941524221679152 
-75.0 50.0 5.867161498699048 
-75.0 55.00000000000001 5.201013437447862 
-75.0 60.00000000000001 4.019856131485512 
-75.0 65.00000000000001 2.7876620661236946 
-75.0 69.99999999999999 1.8801135548709986 
-75.0 75.0 1.4008131780689594 
-75.0 80.0 1.1303604414317634 
-75.0 85.0 0.3756080755923284 
-70.0 -85.0 0.5849932821334834 
-70.0 -80.0 1.7184440475530203 
-70.0 -75.0 1.9572518870927056 
-70.0 -70.0 2.159493996811861 
-70.0 -65.0 2.3562707448548847 
-70.0 -60.00000000000001 2.479880707037331 
-70.0 -55.00000000000001 2.6041097820240204 
-70.0 -50.0 2.696283300871655 
-70.0 -45.0 2.693454534517741 
-70.0 -40.0 2.56101267733647 
-70.0 -34.99999999999999 2.3074606080326463 
-70.0 -30.000000000000004 1.9655950923040078 
-70.0 -25.0 1.582701353628595 
-70.0 -20.0 1.280125547006782 
-70.0 -14.999999999999996 1.4889073783068594 
-70.0 -10.000000000000004 3.204997322862297 
-70.0 -5.000000000000002 5.835901998648228 
-70.0 0.0 6.645392316794403 
-70.0 5.000000000000002 5.560063090214046 
-70.0 10.000000000000004 4.495050560454517 
-70.0 15.000000000000007 3.482124482228073 
-70.0 20.000000000000007 3.1299215342648683 
-70.0 24.999999999999993 3.1894324396999814 
-70.0 29.999999999999993 3.457090027280268 
-70.0 34.99999999999999 3.8317197547863593 
-70.0 40.0 4.23389249335259 
-70.0 45.0 4.5570689832082625 
-70.0 50.0 4.659397887220559 
-70.0 55.00000000000001 4.392825767652282 
-70.0 60.00000000000001 3.72746884894804 
-70.0 65.00000000000001 2.891767305866972 
-70.0 69.99999999999999 2.134754244315076 
-70.0 75.0 1.6465032911306603 
-70.0 80.0 1.3167723270616354 
-70.0 85.0 0.42914597298283885 
-65.0 -85.0 0.5653983417110169 
-65.0 -80.0 1.710411826739228 
-65.0 -75.0 2.045294376841134 
-65.0 -70.0 2.400852281816208 
-65.0 -65.0 2.7668866609470135 
-65.0 -60.00000000000001 2.9489730386784885 
-65.0 -55.00000000000001 2.9579519755845047 
-65.0 -50.0 2.838657670573776 
-65.0 -45.0 2.6514031739041157 
-65.0 -40.0 2.4228902815386384 
-65.0 -34.99999999999999 2.167063901174771 
-65.0 -30.000000000000004 1.9007514523328395 
-65.0 -25.0 1.6494693637202156 
-65.0 -20.0 1.48922291416649 
-65.0 -14.999999999999996 1.6884203896240637 
-65.0 -10.000000000000004 2.826678826331996 
-65.0 -5.000000000000002 4.387042364134985 
-65.0 0.0 4.729106839777742 
-65.0 5.000000000000002 3.952789905806253 
-65.0 10.000000000000004 3.3180744336084977 
-65.0 15.000000000000007 2.7339081775204055 
-65.0 20.000000000000007 2.5486807895241386 
-65.0 24.999999999999993 2.616300040102061 
-65.0 29.999999999999993 2.824220616838472 
-65.0 34.99999999999999 3.1213780918731624 
-65.0 40.0 3.4698342880988706 
-65.0 45.0 3.8129468317622948 
-65.0 50.0 4.061063473169299 
-65.0 55.00000000000001 4.081756139546292 
-65.0 60.00000000000001 3.7586734610812407 
-65.0 65.00000000000001 3.1578725235998526 
-65.0 69.99999999999999 2.455036995374269 
-65.0 75.0 1.9219820518673731 
-65.0 80.0 1.5240247139200498 
-65.0 85.0 0.490210211936161 
-60.00000000000001 -85.0 0.7144466851822876 
-60.00000000000001 -80.0 2.1206585891000582 
-60.00000000000001 -75.0 2.45832933704757 
-60.00000000000001 -70.0 2.7764847183687897 
-60.00000000000001 -65.0 3.096891795660514 
-60.00000000000001 -60.00000000000001 3.281624370700969 
-60.00000000000001 -55.00000000000001 3.3929174159147872 
-60.00000000000001 -50.0 3.4201418229909337 
-60.00000000000001 -45.0 3.3363389643361003 
-60.00000000000001 -40.0 3.124981837247198 
-60.00000000000001 -34.99999999999999 2.8000891855752 
-60.00000000000001 -30.000000000000004 2.3974721780211175 
-60.00000000000001 -25.0 1.9703635192691922 
-60.00000000000001 -20.0 1.6594322113264757 
-60.00000000000001 -14.999999999999996 1.9538795858387719 
-60.00000000000001 -10.000000000000004 3.9441129822454495 
-60.00000000000001 -5.000000000000002 6.845142858062179 
-60.00000000000001 0.0 7.612525978347819 
-60.00000000000001 5.000000000000002 6.29476311811877 
-60.00000000000001 10.000000000000004 5.146651241246945 
-60.00000000000001 15.000000000000007 4.061622718410273 
-60.00000000000001 20.000000000000007 3.689172268712336 
-60.00000000000001 24.999999999999993 3.7669512918942636 
-60.00000000000001 29.999999999999993 4.081353576029779 
-60.00000000000001 34.99999999999999 4.527169466625932 
-60.00000000000001 40.0 5.021426290974651 
-60.00000000000001 45.0 5.448640989952943 
-60.00000000000001 50.0 5.646036396643551 
-60.00000000000001 55.00000000000001 5.423416014802156 
-60.00000000000001 60.00000000000001 4.700076818519936 
-60.00000000000001 65.00000000000001 3.705915019003714 
-60.00000000000001 69.99999999999999 2.745733279368432 
-60.00000000000001 75.0 2.099197204025393 
-60.00000000000001 80.0 1.6563393051250683 
-60.00000000000001 85.0 0.5341259995571622 
-55.00000000000001 -85.0 1.0511535769340021 
-55.00000000000001 -80.0 2.989189812371339 
-55.00000000000001 -75.0 3.210868225007186 
-55.00000000000001 -70.0 3.2564127411041697 
-55.00000000000001 -65.0 3.266733699058524 
-55.00000000000001 -60.00000000000001 3.3825666314091207 
-55.00000000000001 -55.00000000000001 3.8534965243929205 
-55.00000000000001 -50.0 4.455012767366553 
-55.00000000000001 -45.0 4.8217431776039685 
-55.00000000000001 -40.0 4.769145430440597 
-55.00000000000001 -34.99999999999999 4.304379779140231 
-55.00000000000001 -30.000000000000004 3.5228675633873374 
-55.00000000000001 -25.0 2.5626194229653727 
-55.00000000000001 -20.0 1.7550351239498814 
-55.00000000000001 -14.999999999999996 2.2523008688268655 
-55.00000000000001 -10.000000000000004 6.734178491340661 
-55.00000000000001 -5.000000000000002 13.77661192531889 
-55.00000000000001 0.0 16.034010527192052 
-55.00000000000001 5.000000000000002 13.214619728281887 
-55.00000000000001 10.000000000000004 10.450716904826841 
-55.00000000000001 15.000000000000007 7.778614732627701 
-55.00000000000001 20.000000000000007 6.805416560345004 
-55.00000000000001 24.999999999999993 6.89444812909384 
-55.00000000000001 29.999999999999993 7.505357095469431 
-55.00000000000001 34.99999999999999 8.356350605903762 
-55.00000000000001 40.0 9.21804413617789 
-55.00000000000001 45.0 9.7896115468751 
-55.00000000000001 50.0 9.691390779290478 
-55.00000000000001 55.00000000000001 8.5961926572116 
-55.00000000000001 60.00000000000001 6.610085019102894 
-55.00000000000001 65.00000000000001 4.508481707239428 
-55.00000000000001 69.99999999999999 2.952526975751295 
-55.00000000000001 75.0 2.1315153464951275 
-55.00000000000001 80.0 1.683156274894469 
-55.00000000000001 85.0 0.5534686765468675 
-50.0 -85.0 1.3782552553553984 
-50.0 -80.0 3.8132831838780716 
-50.0 -75.0 3.8810594737400335 
-50.0 -70.0 3.598550543901176 
-50.0 -65.0 3.238485483422685 
-50.0 -60.00000000000001 3.263305260930975 
-50.0 -55.00000000000001 4.12827252616553 
-50.0 -50.0 5.37073718101803 
-50.0 -45.0 6.248800878070146 
-50.0 -40.0 6.391118437560243 
-50.0 -34.99999999999999 5.796014091473058 
-50.0 -30.000000000000004 4.622627404661854 
-50.0 -25.0 3.098964843288611 
-50.0 -20.0 1.7570760988421084 
-50.0 -14.999999999999996 2.4493681741333875 
-50.0 -10.000000000000004 9.547175740610534 
-50.0 -5.000000000000002 20.990956872094948 
-50.0 0.0 24.8727127903828 
-50.0 5.000000000000002 20.49765719095142 
-50.0 10.000000000000004 16.011668333327705 
-50.0 15.000000000000007 11.646035517281176 
-50.0 20.000000000000007 10.030043700098345 
-50.0 24.999999999999993 10.12582352305212 
-50.0 29.999999999999993 11.042630641996896 
-50.0 34.99999999999999 12.308848510393657 
-50.0 40.0 13.537703652692155 
-50.0 45.0 14.230569108937438 
-50.0 50.0 13.779881706971638 
-50.0 55.00000000000001 11.724042849100208 
-50.0 60.00000000000001 8.387845568719156 
-50.0 65.00000000000001 5.136580273259224 
-50.0 69.99999999999999 2.998509198087992 
-50.0 75.0 2.037141016102903 
-50.0 80.0 1.6168124321724537 
-50.0 85.0 0.5452721722563842 
-45.0 -85.0 1.5340981468579327 
-45.0 -80.0 4.191452367404282 
-45.0 -75.0 4.155667471005637 
-45.0 -70.0 3.670704362987673 
-45.0 -65.0 3.0842113094337456 
-45.0 -60.00000000000001 3.04942295570389 
-45.0 -55.00000000000001 4.1365066997390665 
-45.0 -50.0 5.746429354027141 
-45.0 -45.0 6.922685580183863 
-45.0 -40.0 7.187850942953336 
-45.0 -34.99999999999999 6.534754864557721 
-45.0 -30.000000000000004 5.1574800339446645 
-45.0 -25.0 3.3329898676123957 
-45.0 -20.0 1.7012845555737162 
-45.0 -14.999999999999996 2.4921267787950687 
-45.0 -10.000000000000004 10.993237481947784 
-45.0 -5.000000000000002 24.81996550768035 
-45.0 0.0 29.598458724159272 
-45.0 5.000000000000002 24.398791926816553 
-45.0 10.000000000000004 18.98220802232513 
-45.0 15.000000000000007 13.700167215575863 
-45.0 20.000000000000007 11.734295664829403 
-45.0 24.999999999999993 11.829069401136518 
-45.0 29.999999999999993 12.9032879359193 
-45.0 34.99999999999999 14.381631150437743 
-45.0 40.0 15.791101886624643 
-45.0 45.0 16.525478378779287 
-45.0 50.0 15.855524152656614 
-45.0 55.00000000000001 13.254326316423551 
-45.0 60.00000000000001 9.178893859800057 
-45.0 65.00000000000001 5.321319029122586 
-45.0 69.99999999999999 2.9014235878809314 
-45.0 75.0 1.894262357770637 
-45.0 80.0 1.5123138870911244 
-45.0 85.0 0.5198387175836836 
-40.0 -85.0 1.5205600519420055 
-40.0 -80.0 4.136864719843564 
-40.0 -75.0 4.064666080818523 
-40.0 -70.0 3.5281002313789798 
-40.0 -65.0 2.886678771614607 
-40.0 -60.00000000000001 2.8334303232546385 
-40.0 -55.00000000000001 3.9536385304176087 
-40.0 -50.0 5.625367328054301 
-40.0 -45.0 6.8578883903402525 
-40.0 -40.0 7.157569798906971 
-40.0 -34.99999999999999 6.516019198264793 
-40.0 -30.000000000000004 5.1313963414344705 
-40.0 -25.0 3.285915614376304 
-40.0 -20.0 1.6296316667898467 
-40.0 -14.999999999999996 2.4270954193747514 
-40.0 -10.000000000000004 11.05310292972858 
-40.0 -5.000000000000002 25.107321578496514 
-40.0 0.0 29.984893201259986 
-40.0 5.000000000000002 24.721131869982486 
-40.0 10.000000000000004 19.222044431468163 
-40.0 15.000000000000007 13.856506187939535 
-40.0 20.000000000000007 11.85462834390108 
-40.0 24.999999999999993 11.941504488166416 
-40.0 29.999999999999993 13.018006594148984 
-40.0 34.99999999999999 14.49816779695404 
-40.0 40.0 15.899619202409504 
-40.0 45.0 16.605211674963666 
-40.0 50.0 15.876093906121033 
-40.0 55.00000000000001 13.188359264651119 
-40.0 60.00000000000001 9.02934530708596 
-40.0 65.00000000000001 5.1326096342620655 
-40.0 69.99999999999999 2.727907838561875 
-40.0 75.0 1.7553538637237913 
-40.0 80.0 1.4076363743489486 
-40.0 85.0 0.48818460952690185 
-34.99999999999999 -85.0 1.4192045670355966 
-34.99999999999999 -80.0 3.8621152020930105 
-34.99999999999999 -75.0 3.7971499681890424 
-34.99999999999999 -70.0 3.3007596911431465 
-34.99999999999999 -65.0 2.70815109617762 
-34.99999999999999 -60.00000000000001 2.6628280660553525 
-34.99999999999999 -55.00000000000001 3.708328028103795 
-34.99999999999999 -50.0 5.265301718824713 
-34.99999999999999 -45.0 6.412801439704757 
-34.99999999999999 -40.0 6.692801823919931 
-34.99999999999999 -34.99999999999999 6.09842247212022 
-34.99999999999999 -30.000000000000004 4.814645722753835 
-34.99999999999999 -25.0 3.104629903200964 
-34.99999999999999 -20.0 1.574406724813812 
-34.99999999999999 -14.999999999999996 2.333247067792571 
-34.99999999999999 -10.000000000000004 10.379358563025978 
-34.99999999999999 -5.000000000000002 23.45851635699399 
-34.99999999999999 0.0 27.98027672655336 
-34.99999999999999 5.000000000000002 23.06757683344792 
-34.99999999999999 10.000000000000004 17.96068830961757 
-34.99999999999999 15.000000000000007 12.97722618612589 
-34.99999999999999 20.000000000000007 11.11400819355189 
-34.99999999999999 24.999999999999993 11.188858042475557 
-34.99999999999999 29.999999999999993 12.181884736085836 
-34.99999999999999 34.99999999999999 13.548918639138119 
-34.99999999999999 40.0 14.841495981862334 
-34.99999999999999 45.0 15.48562115740534 
-34.99999999999999 50.0 14.794709795357791 
-34.99999999999999 55.00000000000001 12.28348614481555 
-34.99999999999999 60.00000000000001 8.408416405540281 
-34.99999999999999 65.00000000000001 4.7832192247471434 
-34.99999999999999 69.99999999999999 2.5487301094599064 
-34.99999999999999 75.0 1.6462296079954055 
-34.99999999999999 80.0 1.3233419041499763 
-34.99999999999999 85.0 0.4593144396093062 
-30.000000000000004 -85.0 1.3138835041517167 
-30.000000000000004 -80.0 3.583464040304942 
-30.000000000000004 -75.0 3.5404012748268605 
-30.000000000000004 -70.0 3.107851578945745 
-30.000000000000004 -65.0 2.5900933302820874 
-30.000000000000004 -60.00000000000001 2.561200356587281 
-30.000000000000004 -55.00000000000001 3.5130112546849595 
-30.000000000000004 -50.0 4.921305371739394 
-30.000000000000004 -45.0 5.954722492282319 
-30.000000000000004 -40.0 6.200716300724337 
-30.000000000000004 -34.99999999999999 5.65479168379976 
-30.000000000000004 -30.000000000000004 4.486154456115405 
-30.000000000000004 -25.0 2.9353752979286867 
-30.000000000000004 -20.0 1.5570590582998147 
-30.000000000000004 -14.999999999999996 2.278175253545014 
-30.000000000000004 -10.000000000000004 9.650019504080053 
-30.000000000000004 -5.000000000000002 21.575194708720307 
-30.000000000000004 0.0 25.6616203063445 
-30.000000000000004 5.000000000000002 21.151413978943175 
-30.000000000000004 10.000000000000004 16.509100234408223 
-30.000000000000004 15.000000000000007 11.977225889945652 
-30.000000000000004 20.000000000000007 10.277308458653222 
-30.000000000000004 24.999999999999993 10.338614383459896 
-30.000000000000004 29.999999999999993 11.235999397697839 
-30.000000000000004 34.99999999999999 12.475501020220046 
-30.000000000000004 40.0 13.649485931668725 
-30.000000000000004 45.0 14.235362224676347 
-30.000000000000004 50.0 13.60728977020854 
-30.000000000000004 55.00000000000001 11.320893478407848 
-30.000000000000004 60.00000000000001 7.787169049122861 
-30.000000000000004 65.00000000000001 4.473069354139743 
-30.000000000000004 69.99999999999999 2.418552683963632 
-30.000000000000004 75.0 1.5794125805804329 
-30.000000000000004 80.0 1.2707165716639035 
-30.000000000000004 85.0 0.43971131815003983 
-25.0 -85.0 1.2881440728122686 
-25.0 -80.0 3.516052395512196 
-25.0 -75.0 3.4799835620925026 
-25.0 -70.0 3.0659876414826033 
-25.0 -65.0 2.5705173053806742 
-25.0 -60.00000000000001 2.5483864778710084 
-25.0 -55.00000000000001 3.4769535315537565 
-25.0 -50.0 4.8463464347073835 
-25.0 -45.0 5.849804418219547 
-25.0 -40.0 6.087875164845425 
-25.0 -34.99999999999999 5.557399041954595 
-25.0 -30.000000000000004 4.423882368891092 
-25.0 -25.0 2.9225445930824963 
-25.0 -20.0 1.5957707871344233 
-25.0 -14.999999999999996 2.3244001573410378 
-25.0 -10.000000000000004 9.537359362645082 
-25.0 -5.000000000000002 21.156464013451288 
-25.0 0.0 25.107686844094818 
-25.0 5.000000000000002 20.6898720422203 
-25.0 10.000000000000004 16.1796083689629 
-25.0 15.000000000000007 11.769754368449687 
-25.0 20.000000000000007 10.106588332362712 
-25.0 24.999999999999993 10.155365736943185 
-25.0 29.999999999999993 11.018795299720425 
-25.0 34.99999999999999 12.217138969031978 
-25.0 40.0 13.353970530618076 
-25.0 45.0 13.920396010831267 
-25.0 50.0 13.306377220544233 
-25.0 55.00000000000001 11.077598167746839 
-25.0 60.00000000000001 7.632137063382522 
-25.0 65.00000000000001 4.398008284205053 
-25.0 69.99999999999999 2.389007116695563 
-25.0 75.0 1.5653479226411318 
-25.0 80.0 1.259656164182197 
-25.0 85.0 0.4354702923080916 
-20.0 -85.0 1.4911027736319908 
-20.0 -80.0 4.045753111086492 
-20.0 -75.0 3.9529279495652228 
-20.0 -70.0 3.3951653124323338 
-20.0 -65.0 2.735647623587426 
-20.0 -60.00000000000001 2.680232759991862 
-20.0 -55.00000000000001 3.8110069885677924 
-20.0 -50.0 5.499574733908087 
-20.0 -45.0 6.752127836373152 
-20.0 -40.0 7.076755246337952 
-20.0 -34.99999999999999 6.467278493759944 
-20.0 -30.000000000000004 5.123077076051276 
-20.0 -25.0 3.327320578485267 
-20.0 -20.0 1.73048437243059 
-20.0 -14.999999999999996 2.5879814150246006 
-20.0 -10.000000000000004 11.220401529090037 
-20.0 -5.000000000000002 25.173766591081467 
-20.0 0.0 29.954494724991694 
-20.0 5.000000000000002 24.689411089828155 
-20.0 10.000000000000004 19.269452504158863 
-20.0 15.000000000000007 13.9532111153009 
-20.0 20.000000000000007 11.935978188844 
-20.0 24.999999999999993 11.978296182503419 
-20.0 29.999999999999993 12.999451308788153 
-20.0 34.99999999999999 14.420379209375486 
-20.0 40.0 15.762570656716827 
-20.0 45.0 16.41310552271667 
-20.0 50.0 15.639627638749507 
-20.0 55.00000000000001 12.928696617709292 
-20.0 60.00000000000001 8.778777701175436 
-20.0 65.00000000000001 4.920584954472723 
-20.0 69.99999999999999 2.5678591086812177 
-20.0 75.0 1.6366051458856463 
-20.0 80.0 1.3188480802166571 
-20.0 85.0 0.4608746512525271 
-14.999999999999996 -85.0 2.289738806454253 
-14.999999999999996 -80.0 6.123259495823215 
-14.999999999999996 -75.0 5.791879444928856 
-14.999999999999996 -70.0 4.643126852084634 
-14.999999999999996 -65.0 3.306936742260428 
-14.999999999999996 -60.00000000000001 3.1033395526849814 
-14.999999999999996 -55.00000000000001 5.039335098799214 
-14.999999999999996 -50.0 8.01085471419821 
-14.999999999999996 -45.0 10.267317504843756 
-14.999999999999996 -40.0 10.939842305263562 
-14.999999999999996 -34.99999999999999 10.006537607493218 
-14.999999999999996 -30.000000000000004 7.800275141266724 
-14.999999999999996 -25.0 4.793241680364565 
-14.999999999999996 -20.0 2.0618206460505 
-14.999999999999996 -14.999999999999996 3.3509690653022743 
-14.999999999999996 -10.000000000000004 17.57256724927079 
-14.999999999999996 -5.000000000000002 40.880203198853344 
-14.999999999999996 0.0 49.08637110407162 
-14.999999999999996 5.000000000000002 40.500890379152374 
-14.999999999999996 10.000000000000004 31.39215204687157 
-14.999999999999996 15.000000000000007 22.431104801122153 
-14.999999999999996 20.000000000000007 19.023957881976646 
-14.999999999999996 24.999999999999993 19.07980105957091 
-14.999999999999996 29.999999999999993 20.76949418506297 
-14.999999999999996 34.99999999999999 23.11143624963193 
-14.999999999999996 40.0 25.296325445806147 
-14.999999999999996 45.0 26.294253456141803 
-14.999999999999996 50.0 24.885107535478102 
-14.999999999999996 55.00000000000001 20.24471865166821 
-14.999999999999996 60.00000000000001 13.281875099709413 
-14.999999999999996 65.00000000000001 6.941596457617341 
-14.999999999999996 69.99999999999999 3.2327394691052884 
-14.999999999999996 75.0 1.8855610644881238 
-14.999999999999996 80.0 1.52930794783965 
-14.999999999999996 85.0 0.5544612689727968 
-10.000000000000004 -85.0 4.308012198026957 
-10.000000000000004 -80.0 11.359514336694332 
-10.000000000000004 -75.0 10.395270201785769 
-10.000000000000004 -70.0 7.704931406618141 
-10.000000000000004 -65.0 4.601872328626435 
-10.000000000000004 -60.00000000000001 3.9954747875451675 
-10.000000000000004 -55.00000000000001 7.988150060014675 
-10.000000000000004 -50.0 14.255611532185814 
-10.000000000000004 -45.0 19.099000990869502 
-10.000000000000004 -40.0 20.67605802096717 
-10.000000000000004 -34.99999999999999 18.920475440249795 
-10.000000000000004 -30.000000000000004 14.504294623725075 
-10.000000000000004 -25.0 8.379942636149755 
-10.000000000000004 -20.0 2.7053090429849345 
-10.000000000000004 -14.999999999999996 5.021170141958124 
-10.000000000000004 -10.000000000000004 33.435087806734835 
-10.000000000000004 -5.000000000000002 80.6542980164248 
-10.000000000000004 0.0 97.71993936064658 
-10.000000000000004 5.000000000000002 80.72168214368268 
-10.000000000000004 10.000000000000004 62.14357170493442 
-10.000000000000004 15.000000000000007 43.854123112684384 
-10.000000000000004 20.000000000000007 36.91687278764835 
-10.000000000000004 24.999999999999993 37.03597823195708 
-10.000000000000004 29.999999999999993 40.45746361127671 
-10.000000000000004 34.99999999999999 45.167011092667565 
-10.000000000000004 40.0 49.5083597271228 
-10.000000000000004 45.0 51.386325837894034 
-10.000000000000004 50.0 48.33835518040688 
-10.000000000000004 55.00000000000001 38.75691588922167 
-10.000000000000004 60.00000000000001 24.614157931362065 
-10.000000000000004 65.00000000000001 11.96157831002647 
-10.000000000000004 69.99999999999999 4.8278988306159585 
-10.000000000000004 75.0 2.449443954321789 
-10.000000000000004 80.0 2.0162012513983782 
-10.000000000000004 85.0 0.7785684615306188 
-5.000000000000002 -85.0 6.727210629062341 
-5.000000000000002 -80.0 17.6168583532249 
-5.000000000000002 -75.0 15.852953065610189 
-5.000000000000002 -70.0 11.24862802360973 
-5.000000000000002 -65.0 5.947680052501132 
-5.000000000000002 -60.00000000000001 4.813189929036452 
-5.000000000000002 -55.00000000000001 11.290023473993331 
-5.000000000000002 -50.0 21.57055807471711 
-5.000000000000002 -45.0 29.576411201428726 
-5.000000000000002 -40.0 32.272818345794995 
-5.000000000000002 -34.99999999999999 29.534475824798257 
-5.000000000000002 -30.000000000000004 22.442649310739217 
-5.000000000000002 -25.0 12.530180996949476 
-5.000000000000002 -20.0 3.261878813124531 
-5.000000000000002 -14.999999999999996 6.77436783378715 
-5.000000000000002 -10.000000000000004 52.33829257393432 
-5.000000000000002 -5.000000000000002 128.5595226414644 
-5.000000000000002 0.0 156.44396094535384 
-5.000000000000002 5.000000000000002 129.27736406665232 
-5.000000000000002 10.000000000000004 99.19058033385758 
-5.000000000000002 15.000000000000007 69.60245904727304 
-5.000000000000002 20.000000000000007 58.41268491422018 
-5.000000000000002 24.999999999999993 58.628776463200154 
-5.000000000000002 29.999999999999993 64.15860213818577 
-5.000000000000002 34.99999999999999 71.73558135526113 
-5.000000000000002 40.0 78.67732543317612 
-5.000000000000002 45.0 81.59989838296104 
-5.000000000000002 50.0 76.54168255681088 
-5.000000000000002 55.00000000000001 60.95979669944881 
-5.000000000000002 60.00000000000001 38.13164618331458 
-5.000000000000002 65.00000000000001 17.87319814095558 
-5.000000000000002 69.99999999999999 6.6425960338823 
-5.000000000000002 75.0 3.0541137334462127 
-5.000000000000002 80.0 2.5533001385592704 
-5.000000000000002 85.0 1.0350499253261956 
0.0 -85.0 9.263570849155336 
0.0 -80.0 24.19291439240878 
0.0 -75.0 21.62255399105686 
0.0 -70.0 15.056721290002201 
0.0 -65.0 7.489191654615449 
0.0 -60.00000000000001 5.783671442463543 
0.0 -55.00000000000001 14.778239979023185 
0.0 -50.0 29.151241233124836 
0.0 -45.0 40.380841386859124 
0.0 -40.0 44.20484341221123 
0.0 -34.99999999999999 40.437073775329 
0.0 -30.000000000000004 30.582594902120885 
0.0 -25.0 16.780706658832674 
0.0 -20.0 3.867080831296121 
0.0 -14.999999999999996 8.773029440013413 
0.0 -10.000000000000004 72.32567572133001 
0.0 -5.000000000000002 178.63627581700828 
0.0 0.0 217.52080045324803 
0.0 5.000000000000002 179.52981947420423 
0.0 10.000000000000004 137.60467281537728 
0.0 15.000000000000007 96.46126853003939 
0.0 20.000000000000007 80.92664972453547 
0.0 24.999999999999993 81.23942553474849 
0.0 29.999999999999993 88.92409496718983 
0.0 34.99999999999999 99.43648580880783 
0.0 40.0 109.04322320318322 
0.0 45.0 113.03624069961016 
0.0 50.0 105.91066737160929 
0.0 55.00000000000001 84.15383434648604 
0.0 60.00000000000001 52.37144692770198 
0.0 65.00000000000001 24.245650060902243 
0.0 69.99999999999999 8.740992272990663 
0.0 75.0 3.858232295177442 
0.0 80.0 3.249243075357797 
0.0 85.0 1.3446752734089216 
5.000000000000002 -85.0 7.543259417632138 
5.000000000000002 -80.0 19.77805943038377 
5.000000000000002 -75.0 17.850591498419686 
5.000000000000002 -70.0 12.763322219375748 
5.000000000000002 -65.0 6.895144176030839 
5.000000000000002 -60.00000000000001 5.627882306946779 
5.000000000000002 -55.00000000000001 12.791258753777207 
5.000000000000002 -50.0 24.16112902048286 
5.000000000000002 -45.0 32.99276382944611 
5.000000000000002 -40.0 35.92090046325673 
5.000000000000002 -34.99999999999999 32.81276194680182 
5.000000000000002 -30.000000000000004 24.87886913229309 
5.000000000000002 -25.0 13.84112165996815 
5.000000000000002 -20.0 3.5972980838002435 
5.000000000000002 -14.999999999999996 7.7536017766743335 
5.000000000000002 -10.000000000000004 58.97625726460004 
5.000000000000002 -5.000000000000002 144.13781064254258 
5.000000000000002 0.0 174.9206321506482 
5.000000000000002 5.000000000000002 144.173070215608 
5.000000000000002 10.000000000000004 110.69399954164096 
5.000000000000002 15.000000000000007 77.8548746403978 
5.000000000000002 20.000000000000007 65.4442073776106 
5.000000000000002 24.999999999999993 65.68775399417626 
5.000000000000002 29.999999999999993 71.83354276353391 
5.000000000000002 34.99999999999999 80.25923012558752 
5.000000000000002 40.0 87.98538883717308 
5.000000000000002 45.0 91.24832644449056 
5.000000000000002 50.0 85.63654028792531 
5.000000000000002 55.00000000000001 68.30545365127595 
5.000000000000002 60.00000000000001 42.87602026107784 
5.000000000000002 65.00000000000001 20.262196560438188 
5.000000000000002 69.99999999999999 7.669929655180303 
5.000000000000002 75.0 3.6000235809466186 
5.000000000000002 80.0 2.9877503527324767 
5.000000000000002 85.0 1.1959013443257849 
10.000000000000004 -85.0 3.661895099432272 
10.000000000000004 -80.0 9.733276667849125 
10.000000000000004 -75.0 9.078097915452817 
10.000000000000004 -70.0 7.048204197129416 
10.000000000000004 -65.0 4.700412094832802 
10.000000000000004 -60.00000000000001 4.301863500198946 
10.000000000000004 -55.00000000000001 7.53325742838072 
10.000000000000004 -50.0 12.531086372906998 
10.000000000000004 -45.0 16.345635325032937 
10.000000000000004 -40.0 17.514519261914927 
10.000000000000004 -34.99999999999999 15.99811174617452 
10.000000000000004 -30.000000000000004 12.350136613899211 
10.000000000000004 -25.0 7.354965612224472 
10.000000000000004 -20.0 2.7929679575732753 
10.000000000000004 -14.999999999999996 4.8545125104641365 
10.000000000000004 -10.000000000000004 28.297820711056815 
10.000000000000004 -5.000000000000002 66.85801266109783 
10.000000000000004 0.0 80.52375151995929 
10.000000000000004 5.000000000000002 66.38306860876466 
10.000000000000004 10.000000000000004 51.23985578244033 
10.000000000000004 15.000000000000007 36.36466786706572 
10.000000000000004 20.000000000000007 30.72347774412369 
10.000000000000004 24.999999999999993 30.824568205546637 
10.000000000000004 29.999999999999993 33.62393567802387 
10.000000000000004 34.99999999999999 37.48976234997745 
10.000000000000004 40.0 41.079562851650536 
10.000000000000004 45.0 42.69006126779 
10.000000000000004 50.0 40.30934355520292 
10.000000000000004 55.00000000000001 32.595533676125704 
10.000000000000004 60.00000000000001 21.090827350892145 
10.000000000000004 65.00000000000001 10.687079353644314 
10.000000000000004 69.99999999999999 4.692822839681501 
10.000000000000004 75.0 2.5896644770911252 
10.000000000000004 80.0 2.1043503613187005 
10.000000000000004 85.0 0.7798556763079618 
15.000000000000007 -85.0 1.0811197539373723 
15.000000000000007 -80.0 3.0176013403429565 
15.000000000000007 -75.0 3.129979860191194 
15.000000000000007 -70.0 3.009379099027154 
15.000000000000007 -65.0 2.8605879737456914 
15.000000000000007 -60.00000000000001 2.9783112531470617 
15.000000000000007 -55.00000000000001 3.668731485197832 
15.000000000000007 -50.0 4.588235042625134 
15.000000000000007 -45.0 5.217906379274472 
15.000000000000007 -40.0 5.30900400430121 
15.000000000000007 -34.99999999999999 4.873420549465304 
15.000000000000007 -30.000000000000004 4.0343109226444644 
15.000000000000007 -25.0 2.9614219009114877 
15.000000000000007 -20.0 2.0448863705783995 
15.000000000000007 -14.999999999999996 2.6274428387584967 
15.000000000000007 -10.000000000000004 7.8333145186879936 
15.000000000000007 -5.000000000000002 16.06201854858743 
15.000000000000007 0.0 18.761671364844027 
15.000000000000007 5.000000000000002 15.567504398843338 
15.000000000000007 10.000000000000004 12.314687391706642 
15.000000000000007 15.000000000000007 9.084886379240098 
15.000000000000007 20.000000000000007 7.839798010473184 
15.000000000000007 24.999999999999993 7.85454167208916 
15.000000000000007 29.999999999999993 8.482568184937726 
15.000000000000007 34.99999999999999 9.380099472475033 
15.000000000000007 40.0 10.265154080138359 
15.000000000000007 45.0 10.772037779075866 
15.000000000000007 50.0 10.451472903888837 
15.000000000000007 55.00000000000001 8.953464239480368 
15.000000000000007 60.00000000000001 6.497934935741249 
15.000000000000007 65.00000000000001 4.077979430884841 
15.000000000000007 69.99999999999999 2.4545967690675865 
15.000000000000007 75.0 1.7021075207594627 
15.000000000000007 80.0 1.3550202823718174 
15.000000000000007 85.0 0.45514341265313507 
20.000000000000007 -85.0 0.38753386323310207 
20.000000000000007 -80.0 1.1968969119668194 
20.000000000000007 -75.0 1.4816765219493462 
20.000000000000007 -70.0 1.820755961072415 
20.000000000000007 -65.0 2.201738941702555 
20.000000000000007 -60.00000000000001 2.432060135643119 
20.000000000000007 -55.00000000000001 2.4719581202229497 
20.000000000000007 -50.0 2.364184851599632 
20.000000000000007 -45.0 2.202365282601447 
20.000000000000007 -40.0 2.0412148610371084 
20.000000000000007 -34.99999999999999 1.9019110336994935 
20.000000000000007 -30.000000000000004 1.794680404141078 
20.000000000000007 -25.0 1.7281422437336367 
20.000000000000007 -20.0 1.7271564545701696 
20.000000000000007 -14.999999999999996 1.870453999620976 
20.000000000000007 -10.000000000000004 2.281722313006916 
20.000000000000007 -5.000000000000002 2.6578450065709185 
20.000000000000007 0.0 2.5961034416927067 
20.000000000000007 5.000000000000002 2.2964228077221183 
20.000000000000007 10.000000000000004 2.104372755318888 
20.000000000000007 15.000000000000007 1.8730148609519115 
20.000000000000007 20.000000000000007 1.7660089376522565 
20.000000000000007 24.999999999999993 1.7647100242775664 
20.000000000000007 29.999999999999993 1.8362773644966546 
20.000000000000007 34.99999999999999 1.9671066512353932 
20.000000000000007 40.0 2.1476208702476733 
20.000000000000007 45.0 2.357076734801159 
20.000000000000007 50.0 2.5515570609656217 
20.000000000000007 55.00000000000001 2.644536117058924 
20.000000000000007 60.00000000000001 2.527371764125456 
20.000000000000007 65.00000000000001 2.1923906444148997 
20.000000000000007 69.99999999999999 1.7357634825543584 
20.000000000000007 75.0 1.3648540737732637 
20.000000000000007 80.0 1.078663962321224 
20.000000000000007 85.0 0.34537423164692105 
24.999999999999993 -85.0 0.3522178020668188 
24.999999999999993 -80.0 1.0952431757622185 
24.999999999999993 -75.0 1.3696431886203777 
24.999999999999993 -70.0 1.7018811645924132 
24.999999999999993 -65.0 2.0753187823749233 
24.999999999999993 -60.00000000000001 2.297115929106813 
24.999999999999993 -55.00000000000001 2.3231893893481574 
24.999999999999993 -50.0 2.2027900467914185 
24.999999999999993 -45.0 2.036809434420381 
24.999999999999993 -40.0 1.8820324360375147 
24.999999999999993 -34.99999999999999 1.7573634672169312 
24.999999999999993 -30.000000000000004 1.6688159132917797 
24.999999999999993 -25.0 1.618940007754089 
24.999999999999993 -20.0 1.6183567494875806 
24.999999999999993 -14.999999999999996 1.7038583715563183 
24.999999999999993 -10.000000000000004 1.9246579690629164 
24.999999999999993 -5.000000000000002 2.08110206982298 
24.999999999999993 0.0 1.9998710438495257 
24.999999999999993 5.000000000000002 1.827569339255977 
24.999999999999993 10.000000000000004 1.7071395440248336 
24.999999999999993 15.000000000000007 1.5482484095974614 
24.999999999999993 20.000000000000007 1.4759700643786549 
24.999999999999993 24.999999999999993 1.4824713555284217 
24.999999999999993 29.999999999999993 1.5463778954067624 
24.999999999999993 34.99999999999999 1.6607230983922796 
24.999999999999993 40.0 1.8219704508882222 
24.999999999999993 45.0 2.018194661659707 
24.999999999999993 50.0 2.2175897976417938 
24.999999999999993 55.00000000000001 2.3456357184924563 
24.999999999999993 60.00000000000001 2.2932798646069523 
24.999999999999993 65.00000000000001 2.029702322140057 
24.999999999999993 69.99999999999999 1.6286181561519462 
24.999999999999993 75.0 1.2884836824823473 
24.999999999999993 80.0 1.019545085416787 
24.999999999999993 85.0 0.3262144161670326 
29.999999999999993 -85.0 0.4610467617181192 
29.999999999999993 -80.0 1.377983096917512 
29.999999999999993 -75.0 1.618912127473162 
29.999999999999993 -70.0 1.8687151341291557 
29.999999999999993 -65.0 2.1471723697233096 
29.999999999999993 -60.00000000000001 2.346607668904986 
29.999999999999993 -55.00000000000001 2.482029619258175 
29.999999999999993 -50.0 2.5369642971498307 
29.999999999999993 -45.0 2.5068286498576753 
29.999999999999993 -40.0 2.395273719896033 
29.999999999999993 -34.99999999999999 2.2183357593891135 
29.999999999999993 -30.000000000000004 1.9999712347849143 
29.999999999999993 -25.0 1.7681706685605936 
29.999999999999993 -20.0 1.5911652371569054 
29.999999999999993 -14.999999999999996 1.7113190326712093 
29.999999999999993 -10.000000000000004 2.686056344580085 
29.999999999999993 -5.000000000000002 4.151180378738708 
29.999999999999993 0.0 4.574537907047712 
29.999999999999993 5.000000000000002 3.9573432707666707 
29.999999999999993 10.000000000000004 3.31458425226662 
29.999999999999993 15.000000000000007 2.647943441275869 
29.999999999999993 20.000000000000007 2.3916926847721682 
29.999999999999993 24.999999999999993 2.4116050864868264 
29.999999999999993 29.999999999999993 2.5790151621137802 
29.999999999999993 34.99999999999999 2.829820799591778 
29.999999999999993 40.0 3.114008776987992 
29.999999999999993 45.0 3.361821745032916 
29.999999999999993 50.0 3.4746896625189887 
29.999999999999993 55.00000000000001 3.3369883479982 
29.999999999999993 60.00000000000001 2.89855701250113 
29.999999999999993 65.00000000000001 2.2965425671382977 
29.999999999999993 69.99999999999999 1.7126956199115169 
29.999999999999993 75.0 1.318025728905533 
29.999999999999993 80.0 1.0453472600314273 
29.999999999999993 85.0 0.33816266062609646 
34.99999999999999 -85.0 0.5555599578965501 
34.99999999999999 -80.0 1.6337485031487171 
34.99999999999999 -75.0 1.8672599114851167 
34.99999999999999 -70.0 2.0792451699451853 
34.99999999999999 -65.0 2.3132690799549076 
34.99999999999999 -60.00000000000001 2.5085761861633893 
34.99999999999999 -55.00000000000001 2.7174397267837627 
34.99999999999999 -50.0 2.880762668167782 
34.99999999999999 -45.0 2.9275641912454327 
34.99999999999999 -40.0 2.828738368382664 
34.99999999999999 -34.99999999999999 2.5999052324614573 
34.99999999999999 -30.000000000000004 2.278145046944317 
34.99999999999999 -25.0 1.9099627465976443 
34.99999999999999 -20.0 1.6063379694386517 
34.99999999999999 -14.999999999999996 1.7610135290523787 
34.99999999999999 -10.000000000000004 3.299249600048598 
34.99999999999999 -5.000000000000002 5.716128659996191 
34.99999999999999 0.0 6.488498338053807 
34.99999999999999 5.000000000000002 5.535822045777373 
34.99999999999999 10.000000000000004 4.515218243409155 
34.99999999999999 15.000000000000007 3.4836168338911504 
34.99999999999999 20.000000000000007 3.0976141796644376 
34.99999999999999 24.999999999999993 3.1312041770019947 
34.99999999999999 29.999999999999993 3.3785710744910435 
34.99999999999999 34.99999999999999 3.7347936699101174 
34.99999999999999 40.0 4.116858693869553 
34.99999999999999 45.0 4.413714709151135 
34.99999999999999 50.0 4.4782167687669485 
34.99999999999999 55.00000000000001 4.161808460572895 
34.99999999999999 60.00000000000001 3.4495635178808373 
34.99999999999999 65.00000000000001 2.5948311783072 
34.99999999999999 69.99999999999999 1.859682644604075 
34.99999999999999 75.0 1.407233164518513 
34.99999999999999 80.0 1.1167553499169858 
34.99999999999999 85.0 0.3633963984340839 
40.0 -85.0 0.5859712997968548 
40.0 -80.0 1.7348260594491485 
40.0 -75.0 2.005580328729514 
40.0 -70.0 2.2668437801003893 
40.0 -65.0 2.555116092790842 
40.0 -60.00000000000001 2.7754403922535427 
40.0 -55.00000000000001 2.9672700955974642 
40.0 -50.0 3.0848348948417796 
40.0 -45.0 3.0814311404214 
40.0 -40.0 2.9410081518410904 
40.0 -34.99999999999999 2.682101951192014 
40.0 -30.000000000000004 2.340930807043297 
40.0 -25.0 1.9626732090252335 
40.0 -20.0 1.6573805485000828 
40.0 -14.999999999999996 1.8161174434983516 
40.0 -10.000000000000004 3.3524368577926253 
40.0 -5.000000000000002 5.740491311107435 
40.0 0.0 6.481070730915765 
40.0 5.000000000000002 5.526795055425689 
40.0 10.000000000000004 4.517347189645833 
40.0 15.000000000000007 3.5031980975648644 
40.0 20.000000000000007 3.1323560513800475 
40.0 24.999999999999993 3.178522495375326 
40.0 29.999999999999993 3.4383070242209093 
40.0 34.99999999999999 3.808965334344987 
40.0 40.0 4.2099769116355805 
40.0 45.0 4.533204939000158 
40.0 50.0 4.633196674273814 
40.0 55.00000000000001 4.356288765254061 
40.0 60.00000000000001 3.6702448261471763 
40.0 65.00000000000001 2.8114127174347767 
40.0 69.99999999999999 2.0424758749221548 
40.0 75.0 1.5529843514097632 
40.0 80.0 1.2302910178195923 
40.0 85.0 0.3990298591574312 
45.0 -85.0 0.5507556161322487 
45.0 -80.0 1.6783046497613567 
45.0 -75.0 2.0334957943435548 
45.0 -70.0 2.4350442977375955 
45.0 -65.0 2.8796026053298953 
45.0 -60.00000000000001 3.1529162738621324 
45.0 -55.00000000000001 3.2304370172235632 
45.0 -50.0 3.1395285743426666 
45.0 -45.0 2.9528249146082475 
45.0 -40.0 2.7147339680722293 
45.0 -34.99999999999999 2.4496242235404004 
45.0 -30.000000000000004 2.1778331748645776 
45.0 -25.0 1.9222254719198941 
45.0 -20.0 1.7460934364340963 
45.0 -14.999999999999996 1.8767614993137247 
45.0 -10.000000000000004 2.8200459363773605 
45.0 -5.000000000000002 4.155573401444076 
45.0 0.0 4.4679798077114645 
45.0 5.000000000000002 3.8595957722491168 
45.0 10.000000000000004 3.268001213499015 
45.0 15.000000000000007 2.671603571665741 
45.0 20.000000000000007 2.4677427663346116 
45.0 24.999999999999993 2.5254652099116512 
45.0 29.999999999999993 2.7272456275735917 
45.0 34.99999999999999 3.017694563902417 
45.0 40.0 3.356084053676899 
45.0 45.0 3.6835636530700144 
45.0 50.0 3.9089178329947742 
45.0 55.00000000000001 3.9019923941336105 
45.0 60.00000000000001 3.5572021647529666 
45.0 65.00000000000001 2.9537829720628634 
45.0 69.99999999999999 2.2719641614090023 
45.0 75.0 1.7651105833894525 
45.0 80.0 1.393471134089131 
45.0 85.0 0.4472874047693095 
50.0 -85.0 0.517850997508663 
50.0 -80.0 1.6368619106863194 
50.0 -75.0 2.0945842453936514 
50.0 -70.0 2.6627434053068493 
50.0 -65.0 3.2901801337112677 
50.0 -60.00000000000001 3.6209386703748376 
50.0 -55.00000000000001 3.5584300195446072 
50.0 -50.0 3.2189263757501028 
50.0 -45.0 2.815897189305323 
50.0 -40.0 2.463835427759377 
50.0 -34.99999999999999 2.1930193377619167 
50.0 -30.000000000000004 2.0047109788571857 
50.0 -25.0 1.8957367094100013 
50.0 -20.0 1.8757331626015494 
50.0 -14.999999999999996 1.9837251636771092 
50.0 -10.000000000000004 2.2525352040749587 
50.0 -5.000000000000002 2.3715922421267193 
50.0 0.0 2.178826940051826 
50.0 5.000000000000002 1.9564912451533236 
50.0 10.000000000000004 1.8517768743101886 
50.0 15.000000000000007 1.7430103638761327 
50.0 20.000000000000007 1.7326107645835147 
50.0 24.999999999999993 1.8020760371706208 
50.0 29.999999999999993 1.9352690199240474 
50.0 34.99999999999999 2.1328394721131914 
50.0 40.0 2.4010253344405235 
50.0 45.0 2.73866680981438 
50.0 50.0 3.1172016358779464 
50.0 55.00000000000001 3.431444678111059 
50.0 60.00000000000001 3.4859534704772766 
50.0 65.00000000000001 3.1745531266436706 
50.0 69.99999999999999 2.5833965699464203 
50.0 75.0 2.0465850919435447 
50.0 80.0 1.610242705775066 
50.0 85.0 0.5119195307020519 
55.00000000000001 -85.0 0.6440120639999082 
55.00000000000001 -80.0 2.001364474995394 
55.00000000000001 -75.0 2.4970038773798855 
55.00000000000001 -70.0 3.0858192062157674 
55.00000000000001 -65.0 3.725535062211176 
55.00000000000001 -60.00000000000001 4.06061638233964 
55.00000000000001 -55.00000000000001 4.021093776048196 
55.00000000000001 -50.0 3.711822817971438 
55.00000000000001 -45.0 3.319548601645204 
55.00000000000001 -40.0 2.9429449289692355 
55.00000000000001 -34.99999999999999 2.612019597232523 
55.00000000000001 -30.000000000000004 2.3362544035772554 
55.00000000000001 -25.0 2.1262558765696604 
55.00000000000001 -20.0 2.0278079259052944 
55.00000000000001 -14.999999999999996 2.2054574716485904 
55.00000000000001 -10.000000000000004 2.9761211021844307 
55.00000000000001 -5.000000000000002 3.850348798631348 
55.00000000000001 0.0 3.8775532338559957 
55.00000000000001 5.000000000000002 3.3303146769701995 
55.00000000000001 10.000000000000004 2.939206777106943 
55.00000000000001 15.000000000000007 2.5616312711064877 
55.00000000000001 20.000000000000007 2.4568261123152304 
55.00000000000001 24.999999999999993 2.5396577055834397 
55.00000000000001 29.999999999999993 2.7403829763319307 
55.00000000000001 34.99999999999999 3.0323988905068116 
55.00000000000001 40.0 3.40010049931399 
55.00000000000001 45.0 3.8131332031749396 
55.00000000000001 50.0 4.204353621839455 
55.00000000000001 55.00000000000001 4.430656912362459 
55.00000000000001 60.00000000000001 4.296037499030271 
55.00000000000001 65.00000000000001 3.7643154199347757 
55.00000000000001 69.99999999999999 2.9916302202998764 
55.00000000000001 75.0 2.347879883692202 
55.00000000000001 80.0 1.8465337140960678 
55.00000000000001 85.0 0.5885338459676197 
60.00000000000001 -85.0 1.0350849510769446 
60.00000000000001 -80.0 3.0189276083220054 
60.00000000000001 -75.0 3.396918099315356 
60.00000000000001 -70.0 3.69078239704306 
60.00000000000001 -65.0 3.9821677359008745 
60.00000000000001 -60.00000000000001 4.213291085839586 
60.00000000000001 -55.00000000000001 4.530611175952817 
60.00000000000001 -50.0 4.820652495061725 
60.00000000000001 -45.0 4.906218013741293 
60.00000000000001 -40.0 4.699780060383984 
60.00000000000001 -34.99999999999999 4.219566081275048 
60.00000000000001 -30.000000000000004 3.5369738609872448 
60.00000000000001 -25.0 2.7530605757065967 
60.00000000000001 -20.0 2.119475671674971 
60.00000000000001 -14.999999999999996 2.5196321386923106 
60.00000000000001 -10.000000000000004 5.9967597936514885 
60.00000000000001 -5.000000000000002 11.372621266290677 
60.00000000000001 0.0 13.030527441636165 
60.00000000000001 5.000000000000002 10.843201336788674 
60.00000000000001 10.000000000000004 8.689035863236008 
60.00000000000001 15.000000000000007 6.593425707077573 
60.00000000000001 20.000000000000007 5.840987687017442 
60.00000000000001 24.999999999999993 5.936550806576905 
60.00000000000001 29.999999999999993 6.457949697117812 
60.00000000000001 34.99999999999999 7.1899063104256395 
60.00000000000001 40.0 7.961445177799658 
60.00000000000001 45.0 8.545665215926597 
60.00000000000001 50.0 8.644818230613133 
60.00000000000001 55.00000000000001 7.967133663911677 
60.00000000000001 60.00000000000001 6.506271682402852 
60.00000000000001 65.00000000000001 4.79681820260792 
60.00000000000001 69.99999999999999 3.371426913248074 
60.00000000000001 75.0 2.519619649974774 
60.00000000000001 80.0 1.9900167931121802 
60.00000000000001 85.0 0.647079276486003 
65.00000000000001 -85.0 1.5275071562601121 
65.00000000000001 -80.0 4.256702030347969 
65.00000000000001 -75.0 4.395469507848418 
65.00000000000001 -70.0 4.178851044711741 
65.00000000000001 -65.0 3.8816014727674357 
65.00000000000001 -60.00000000000001 3.9351437517515384 
65.00000000000001 -55.00000000000001 4.809923264454091 
65.00000000000001 -50.0 6.0469636667242845 
65.00000000000001 -45.0 6.902571928624085 
65.00000000000001 -40.0 7.002150849835745 
65.00000000000001 -34.99999999999999 6.345125973164909 
65.00000000000001 -30.000000000000004 5.095094154860646 
65.00000000000001 -25.0 3.485729564301634 
65.00000000000001 -20.0 2.064971333022285 
65.00000000000001 -14.999999999999996 2.7512209644870027 
65.00000000000001 -10.000000000000004 10.092108322077216 
65.00000000000001 -5.000000000000002 21.983570682729404 
65.00000000000001 0.0 26.06196270250408 
65.00000000000001 5.000000000000002 21.558488197441374 
65.00000000000001 10.000000000000004 16.843215096165093 
65.00000000000001 15.000000000000007 12.241930290630744 
65.00000000000001 20.000000000000007 10.53774180136124 
65.00000000000001 24.999999999999993 10.6393092597252 
65.00000000000001 29.999999999999993 11.608473265103692 
65.00000000000001 34.99999999999999 12.952014653902484 
65.00000000000001 40.0 14.269400763003235 
65.00000000000001 45.0 15.045265773257364 
65.00000000000001 50.0 14.648654306718752 
65.00000000000001 55.00000000000001 12.588745209438603 
65.00000000000001 60.00000000000001 9.172218029456037 
65.00000000000001 65.00000000000001 5.789103458406171 
65.00000000000001 69.99999999999999 3.5075752684323587 
65.00000000000001 75.0 2.441808351729382 
65.00000000000001 80.0 1.9436952668716514 
65.00000000000001 85.0 0.6518866960655808 
69.99999999999999 -85.0 1.8262152906780402 
69.99999999999999 -80.0 4.969118210316673 
69.99999999999999 -75.0 4.882016628120419 
69.99999999999999 -70.0 4.23155022872761 
69.99999999999999 -65.0 3.4410123161236545 
69.99999999999999 -60.00000000000001 3.338887135401819 
69.99999999999999 -55.00000000000001 4.639054525794441 
69.99999999999999 -50.0 6.6133272252417425 
69.99999999999999 -45.0 8.080114394627374 
69.99999999999999 -40.0 8.444046772651655 
69.99999999999999 -34.99999999999999 7.6889844815334385 
69.99999999999999 -30.000000000000004 6.046492397410094 
69.99999999999999 -25.0 3.8471850902938423 
69.99999999999999 -20.0 1.8522058773048584 
69.99999999999999 -14.999999999999996 2.7244908088529205 
69.99999999999999 -10.000000000000004 12.824485073817382 
69.99999999999999 -5.000000000000002 29.424554454483093 
69.99999999999999 0.0 35.2903998168506 
69.99999999999999 5.000000000000002 29.148457140445274 
69.99999999999999 10.000000000000004 22.580563956336324 
69.99999999999999 15.000000000000007 16.16275561626144 
69.99999999999999 20.000000000000007 13.763874294155105 
69.99999999999999 24.999999999999993 13.860758908184451 
69.99999999999999 29.999999999999993 15.139955944126186 
69.99999999999999 34.99999999999999 16.9048944653294 
69.99999999999999 40.0 18.58653287190678 
69.99999999999999 45.0 19.459062478478316 
69.99999999999999 50.0 18.65214984908953 
69.99999999999999 55.00000000000001 15.543494326414422 
69.99999999999999 60.00000000000001 10.693279239402276 
69.99999999999999 65.00000000000001 6.128783168892206 
69.99999999999999 69.99999999999999 3.2968227189065478 
69.99999999999999 75.0 2.1417625649401333 
69.99999999999999 80.0 1.720143063335619 
69.99999999999999 85.0 0.5954219178396558 
75.0 -85.0 1.9087478925192642 
75.0 -80.0 5.129846339868037 
75.0 -75.0 4.904381975870024 
75.0 -70.0 4.017002136715671 
75.0 -65.0 2.961158007070277 
75.0 -60.00000000000001 2.7690942240656464 
75.0 -55.00000000000001 4.266444281512197 
75.0 -50.0 6.59543542763801 
75.0 -45.0 8.365350091800613 
75.0 -40.0 8.875970131200557 
75.0 -34.99999999999999 8.102746798326494 
75.0 -30.000000000000004 6.307156234116619 
75.0 -25.0 3.8620261113347247 
75.0 -20.0 1.6189109073327177 
75.0 -14.999999999999996 2.556185784570498 
75.0 -10.000000000000004 13.810400668439055 
75.0 -5.000000000000002 32.421307571300346 
75.0 0.0 39.07879880808331 
75.0 5.000000000000002 32.26263606643762 
75.0 10.000000000000004 24.90343847686751 
75.0 15.000000000000007 17.707503217867963 
75.0 20.000000000000007 15.007407668711936 
75.0 24.999999999999993 15.095116217499033 
75.0 29.999999999999993 16.49558036147366 
75.0 34.99999999999999 18.423752649987627 
75.0 40.0 20.23682106701709 
75.0 45.0 21.117818192838943 
75.0 50.0 20.095553535981836 
75.0 55.00000000000001 16.50134746663098 
75.0 60.00000000000001 11.024630598410873 
75.0 65.00000000000001 5.978962386252724 
75.0 69.99999999999999 2.9659069201720474 
75.0 75.0 1.8238580145589143 
75.0 80.0 1.4767896772898212 
75.0 85.0 0.5246763454396507 
80.0 -85.0 1.8683888075666835 
80.0 -80.0 4.9884664258463385 
80.0 -75.0 4.698554350436016 
80.0 -70.0 3.7232989732654316 
80.0 -65.0 2.572236525153729 
80.0 -60.00000000000001 2.3414296867025794 
80.0 -55.00000000000001 3.8795533141245775 
80.0 -50.0 6.296729700852997 
80.0 -45.0 8.151455679024368 
80.0 -40.0 8.71844857297041 
80.0 -34.99999999999999 7.969963638694816 
80.0 -30.000000000000004 6.172078516775141 
80.0 -25.0 3.703750586465354 
80.0 -20.0 1.42710403348702 
80.0 -14.999999999999996 2.35704785108271 
80.0 -10.000000000000004 13.728828201386596 
80.0 -5.000000000000002 32.5902171833023 
80.0 0.0 39.37733419980998 
80.0 5.000000000000002 32.504528597155115 
80.0 10.000000000000004 25.04728083097127 
80.0 15.000000000000007 17.752833387872492 
80.0 20.000000000000007 15.010547974953917 
80.0 24.999999999999993 15.089022742647217 
80.0 29.999999999999993 16.49188441466598 
80.0 34.99999999999999 18.421396670766644 
80.0 40.0 20.223651889455812 
80.0 45.0 21.06900799557014 
80.0 50.0 19.975355329285325 
80.0 55.00000000000001 16.279180518423093 
80.0 60.00000000000001 10.709281822575214 
80.0 65.00000000000001 5.630344888792143 
80.0 69.99999999999999 2.655297782259228 
80.0 75.0 1.5720634658654074 
80.0 80.0 1.2810681301621847 
80.0 85.0 0.4636905217540462 
85.0 -85.0 0.5772722048628695 
85.0 -80.0 1.5362167180897803 
85.0 -75.0 1.4360149308996575 
85.0 -70.0 1.118342944833634 
85.0 -65.0 0.744727998236171 
85.0 -60.00000000000001 0.6669620035650262 
85.0 -55.00000000000001 1.1534249615772765 
85.0 -50.0 1.9214176921169512 
85.0 -45.0 2.5132649187785874 
85.0 -40.0 2.698795869456325 
85.0 -34.99999999999999 2.4688972214174503 
85.0 -30.000000000000004 1.9073439501204463 
85.0 -25.0 1.1333617695182439 
85.0 -20.0 0.41765396848188846 
85.0 -14.999999999999996 0.7068224703477074 
85.0 -10.000000000000004 4.274226246455809 
85.0 -5.000000000000002 10.199623048262424 
85.0 0.0 12.337914513971743 
85.0 5.000000000000002 10.184185545034644 
85.0 10.000000000000004 7.841450643329116 
85.0 15.000000000000007 5.549447922926938 
85.0 20.000000000000007 4.686968244415441 
85.0 24.999999999999993 4.710004397083152 
85.0 29.999999999999993 5.148215302150733 
85.0 34.99999999999999 5.750656941246779 
85.0 40.0 6.311525281401328 
85.0 45.0 6.569920888098557 
85.0 50.0 6.217626796280151 
85.0 55.00000000000001 5.048337438543558 
85.0 60.00000000000001 3.2955583032872173 
85.0 65.00000000000001 1.7051823538623012 
85.0 69.99999999999999 0.782339706954918 
85.0 75.0 0.45315040656100997 
85.0 80.0 0.37079434396123584 
85.0 85.0 0.1357035403396144 
