-85.0 -85.0 13.914286869013361 
-85.0 -80.0 25.33598305237917 
-85.0 -75.0 19.589707706459823 
-85.0 -70.0 17.32835203274971 
-85.0 -65.0 15.63714645511762 
-85.0 -60.00000000000001 14.725707435761436 
-85.0 -55.00000000000001 14.593140672052206 
-85.0 -50.0 14.919565799309096 
-85.0 -45.0 15.30918514699107 
-85.0 -40.0 15.474493424889769 
-85.0 -34.99999999999999 15.228145893525605 
-85.0 -30.000000000000004 14.456633678111197 
-85.0 -25.0 13.15429180774198 
-85.0 -20.0 11.35288402049683 
-85.0 -14.999999999999996 8.990769718856399 
-85.0 -10.000000000000004 6.6887329974759595 
-85.0 -5.000000000000002 5.056821331922992 
-85.0 0.0 22.475673674018662 
-85.0 5.000000000000002 65.54775964603994 
-85.0 10.000000000000004 71.92190606837741 
-85.0 15.000000000000007 72.55251451159504 
-85.0 20.000000000000007 72.69804590993776 
-85.0 24.999999999999993 73.13754587223004 
-85.0 29.999999999999993 74.17069180857932 
-85.0 34.99999999999999 75.8837312212039 
-85.0 40.0 78.13943102608938 
-85.0 45.0 80.64567084027708 
-85.0 50.0 82.9118361210979 
-85.0 55.00000000000001 84.54043731408218 
-85.0 60.00000000000001 85.55526508584883 
-85.0 65.00000000000001 85.75203752825524 
-85.0 69.99999999999999 84.14571211729404 
-85.0 75.0 80.84068427592392 
-85.0 80.0 88.81899206575227 
-85.0 85.0 43.25887369684481 
-80.0 -85.0 31.921711777194364 
-80.0 -80.0 58.04044812665475 
-80.0 -75.0 44.795397716526004 
-80.0 -70.0 39.5773134390498 
-80.0 -65.0 35.73253317306009 
-80.0 -60.00000000000001 33.7355632881728 
-80.0 -55.00000000000001 33.56007963779046 
-80.0 -50.0 34.443684522707485 
-80.0 -45.0 35.448324553638344 
-80.0 -40.0 35.888259467067044 
-80.0 -34.99999999999999 35.31496497065155 
-80.0 -30.000000000000004 33.45816813624491 
-80.0 -25.0 30.306113113768426 
-80.0 -20.0 25.932557693907892 
-80.0 -14.999999999999996 20.170604449050316 
-80.0 -10.000000000000004 14.4577292678509 
-80.0 -5.000000000000002 10.004575870467292 
-80.0 0.0 51.307029470196866 
-80.0 5.000000000000002 156.5191050921535 
-80.0 10.000000000000004 172.00508354263584 
-80.0 15.000000000000007 173.51929898613776 
-80.0 20.000000000000007 173.84446655310117 
-80.0 24.999999999999993 174.87407938475766 
-80.0 29.999999999999993 177.33222437128197 
-80.0 34.99999999999999 181.42314008922526 
-80.0 40.0 186.8106617324554 
-80.0 45.0 192.7853300019333 
-80.0 50.0 198.16062823876123 
-80.0 55.00000000000001 201.9705785696165 
-80.0 60.00000000000001 204.25518923081316 
-80.0 65.00000000000001 204.51271019749714 
-80.0 69.99999999999999 200.39500361609868 
-80.0 75.0 192.18525009812072 
-80.0 80.0 210.7629363734584 
-80.0 85.0 102.50041110691257 
-75.0 -85.0 35.786150893070975 
-75.0 -80.0 64.97296876666378 
-75.0 -75.0 50.05751937989329 
-75.0 -70.0 44.17960590987014 
-75.0 -65.0 39.91699493834857 
-75.0 -60.00000000000001 37.79326209694969 
-75.0 -55.00000000000001 37.750543641501594 
-75.0 -50.0 38.901161585662116 
-75.0 -45.0 40.15911930515922 
-75.0 -40.0 40.72625046425484 
-75.0 -34.99999999999999 40.07907432837903 
-75.0 -30.000000000000004 37.9038842704594 
-75.0 -25.0 34.18916867671602 
-75.0 -20.0 29.018986906503855 
-75.0 -14.999999999999996 22.17833210874295 
-75.0 -10.000000000000004 15.294612331897488 
-75.0 -5.000000000000002 9.521790610192022 
-75.0 0.0 57.36082165869005 
-75.0 5.000000000000002 182.4146558488237 
-75.0 10.000000000000004 200.7184713269406 
-75.0 15.000000000000007 202.48044280843322 
-75.0 20.000000000000007 202.82653087992279 
-75.0 24.999999999999993 203.99621998898218 
-75.0 29.999999999999993 206.84125827782424 
-75.0 34.99999999999999 211.59708544565797 
-75.0 40.0 217.86262885020173 
-75.0 45.0 224.7984909967653 
-75.0 50.0 231.00666012387475 
-75.0 55.00000000000001 235.34470544236697 
-75.0 60.00000000000001 237.84257026784564 
-75.0 65.00000000000001 237.90269086974675 
-75.0 69.99999999999999 232.79666978408156 
-75.0 75.0 222.8918397437991 
-75.0 80.0 244.019064014664 
-75.0 85.0 118.51262720915749 
-70.0 -85.0 35.36751232679491 
-70.0 -80.0 64.1438047019204 
-70.0 -75.0 49.355727004653254 
-70.0 -70.0 43.531661537741016 
-70.0 -65.0 39.36333324990068 
-70.0 -60.00000000000001 37.36064900166388 
-70.0 -55.00000000000001 37.44402294347175 
-70.0 -50.0 38.71043602198495 
-70.0 -45.0 40.060077211902815 
-70.0 -40.0 40.681960511948645 
-70.0 -34.99999999999999 40.04355763900235 
-70.0 -30.000000000000004 37.82712831342128 
-70.0 -25.0 34.0228207808949 
-70.0 -20.0 28.715122904504163 
-70.0 -14.999999999999996 21.671279507614287 
-70.0 -10.000000000000004 14.51275804525242 
-70.0 -5.000000000000002 8.23606094408233 
-70.0 0.0 56.70942127181896 
-70.0 5.000000000000002 185.56285612480238 
-70.0 10.000000000000004 204.3346886540276 
-70.0 15.000000000000007 206.11209750219464 
-70.0 20.000000000000007 206.43076641689143 
-70.0 24.999999999999993 207.58906029247456 
-70.0 29.999999999999993 210.4577032234662 
-70.0 34.99999999999999 215.2735247809772 
-70.0 40.0 221.62165289464323 
-70.0 45.0 228.63945031391793 
-70.0 50.0 234.89487081645868 
-70.0 55.00000000000001 239.2153645120369 
-70.0 60.00000000000001 241.6208293773469 
-70.0 65.00000000000001 241.49647988176315 
-70.0 69.99999999999999 236.0769324856208 
-70.0 75.0 225.7636188581497 
-70.0 80.0 246.8611212059666 
-70.0 85.0 119.77760456359522 
-65.0 -85.0 33.719467145249155 
-65.0 -80.0 61.11161519638844 
-65.0 -75.0 46.985049659118026 
-65.0 -70.0 41.42811858003492 
-65.0 -65.0 37.49003958810932 
-65.0 -60.00000000000001 35.65104169292946 
-65.0 -55.00000000000001 35.81989724148034 
-65.0 -50.0 37.118284960394526 
-65.0 -45.0 38.47994165895695 
-65.0 -40.0 39.11729300565702 
-65.0 -34.99999999999999 38.51309054274574 
-65.0 -30.000000000000004 36.359688730443004 
-65.0 -25.0 32.64889727803886 
-65.0 -20.0 27.462491277699115 
-65.0 -14.999999999999996 20.566047230488195 
-65.0 -10.000000000000004 13.515030407904487 
-65.0 -5.000000000000002 7.173608536924248 
-65.0 0.0 54.19855528784849 
-65.0 5.000000000000002 180.38731495335622 
-65.0 10.000000000000004 198.70278986104637 
-65.0 15.000000000000007 200.40974827680694 
-65.0 20.000000000000007 200.689979350269 
-65.0 24.999999999999993 201.78744329308634 
-65.0 29.999999999999993 204.55004424285778 
-65.0 34.99999999999999 209.20564160794186 
-65.0 40.0 215.34648774071962 
-65.0 45.0 222.1288141338347 
-65.0 50.0 228.15525477266428 
-65.0 55.00000000000001 232.28085326711619 
-65.0 60.00000000000001 234.5195943284408 
-65.0 65.00000000000001 234.2714891785402 
-65.0 69.99999999999999 228.85821496318954 
-65.0 75.0 218.68812887739605 
-65.0 80.0 238.9350375238604 
-65.0 85.0 115.86039978907712 
-60.00000000000001 -85.0 31.22838686768652 
-60.00000000000001 -80.0 56.57230747220724 
-60.00000000000001 -75.0 43.475224556208495 
-60.00000000000001 -70.0 38.33052081936199 
-60.00000000000001 -65.0 34.71053083934284 
-60.00000000000001 -60.00000000000001 33.055682136814376 
-60.00000000000001 -55.00000000000001 33.27168448158368 
-60.00000000000001 -50.0 34.534177275883565 
-60.00000000000001 -45.0 35.84468707444128 
-60.00000000000001 -40.0 36.465199089780306 
-60.00000000000001 -34.99999999999999 35.91118991062846 
-60.00000000000001 -30.000000000000004 33.89512882740222 
-60.00000000000001 -25.0 30.4103099912478 
-60.00000000000001 -20.0 25.533438810683375 
-60.00000000000001 -14.999999999999996 19.040424370337515 
-60.00000000000001 -10.000000000000004 12.378503202102232 
-60.00000000000001 -5.000000000000002 6.302495465723696 
-60.00000000000001 0.0 50.370369838960215 
-60.00000000000001 5.000000000000002 169.1770891473205 
-60.00000000000001 10.000000000000004 186.37052876943991 
-60.00000000000001 15.000000000000007 187.94963742665647 
-60.00000000000001 20.000000000000007 188.18793942350356 
-60.00000000000001 24.999999999999993 189.19313961593832 
-60.00000000000001 29.999999999999993 191.76031960256535 
-60.00000000000001 34.99999999999999 196.10125438829513 
-60.00000000000001 40.0 201.83085340336305 
-60.00000000000001 45.0 208.15502970110532 
-60.00000000000001 50.0 213.7610038844383 
-60.00000000000001 55.00000000000001 217.57317424445833 
-60.00000000000001 60.00000000000001 219.60255536682567 
-60.00000000000001 65.00000000000001 219.2866649378661 
-60.00000000000001 69.99999999999999 214.12234287583803 
-60.00000000000001 75.0 204.5036907637433 
-60.00000000000001 80.0 223.32671798512828 
-60.00000000000001 85.0 108.25088382949002 
-55.00000000000001 -85.0 28.59516033031278 
-55.00000000000001 -80.0 51.788845493075584 
-55.00000000000001 -75.0 39.78975535724823 
-55.00000000000001 -70.0 35.08301931797376 
-55.00000000000001 -65.0 31.7881165787777 
-55.00000000000001 -60.00000000000001 30.30527305235246 
-55.00000000000001 -55.00000000000001 30.542056522221657 
-55.00000000000001 -50.0 31.736942317325465 
-55.00000000000001 -45.0 32.969037543756684 
-55.00000000000001 -40.0 33.55757616383146 
-55.00000000000001 -34.99999999999999 33.05589263018735 
-55.00000000000001 -30.000000000000004 31.199350702905043 
-55.00000000000001 -25.0 27.982435323962342 
-55.00000000000001 -20.0 23.47612667609694 
-55.00000000000001 -14.999999999999996 17.471634147114134 
-55.00000000000001 -10.000000000000004 11.298894033160352 
-55.00000000000001 -5.000000000000002 5.627788707685897 
-55.00000000000001 0.0 46.30460416848058 
-55.00000000000001 5.000000000000002 156.15883241760986 
-55.00000000000001 10.000000000000004 172.01918734605746 
-55.00000000000001 15.000000000000007 173.45637361821258 
-55.00000000000001 20.000000000000007 173.65629138850483 
-55.00000000000001 24.999999999999993 174.56420273718763 
-55.00000000000001 29.999999999999993 176.9131322934544 
-55.00000000000001 34.99999999999999 180.89704910821544 
-55.00000000000001 40.0 186.15893925413056 
-55.00000000000001 45.0 191.96453171285623 
-55.00000000000001 50.0 197.1015130585126 
-55.00000000000001 55.00000000000001 200.57704125029474 
-55.00000000000001 60.00000000000001 202.40094091361925 
-55.00000000000001 65.00000000000001 202.0554196633571 
-55.00000000000001 69.99999999999999 197.23720910619986 
-55.00000000000001 75.0 188.31671857792284 
-55.00000000000001 80.0 205.58778725510118 
-55.00000000000001 85.0 99.6300917912523 
-50.0 -85.0 26.17122319201336 
-50.0 -80.0 47.391895495597694 
-50.0 -75.0 36.40747641898087 
-50.0 -70.0 32.10429645786464 
-50.0 -65.0 29.10302562233305 
-50.0 -60.00000000000001 27.7678160141113 
-50.0 -55.00000000000001 28.010269492603708 
-50.0 -50.0 29.129325563414557 
-50.0 -45.0 30.27816743316562 
-50.0 -40.0 30.830877324755086 
-50.0 -34.99999999999999 30.377059592548747 
-50.0 -30.000000000000004 28.673854870527734 
-50.0 -25.0 25.716658800306032 
-50.0 -20.0 21.57099479421526 
-50.0 -14.999999999999996 16.044093522061168 
-50.0 -10.000000000000004 10.356687049188999 
-50.0 -5.000000000000002 5.114012633004601 
-50.0 0.0 42.55087844070214 
-50.0 5.000000000000002 143.65199055983067 
-50.0 10.000000000000004 158.22005294573242 
-50.0 15.000000000000007 159.52363792272175 
-50.0 20.000000000000007 159.69090034683003 
-50.0 24.999999999999993 160.509406964478 
-50.0 29.999999999999993 162.65232002181799 
-50.0 34.99999999999999 166.29690147557696 
-50.0 40.0 171.1138574794974 
-50.0 45.0 176.42726640346223 
-50.0 50.0 181.12224584941666 
-50.0 55.00000000000001 184.28633684397423 
-50.0 60.00000000000001 185.9290873720373 
-50.0 65.00000000000001 185.57599983128907 
-50.0 69.99999999999999 181.11422173098143 
-50.0 75.0 172.88837186483505 
-50.0 80.0 188.7109111450861 
-50.0 85.0 91.43978713324813 
-45.0 -85.0 24.1076589394889 
-45.0 -80.0 43.65104388538913 
-45.0 -75.0 33.531738219381936 
-45.0 -70.0 29.57174150586122 
-45.0 -65.0 26.817476088839193 
-45.0 -60.00000000000001 25.602869357480557 
-45.0 -55.00000000000001 25.843994470137215 
-45.0 -50.0 26.892425071290692 
-45.0 -45.0 27.965576520195707 
-45.0 -40.0 28.485147281821426 
-45.0 -34.99999999999999 28.072217412052957 
-45.0 -30.000000000000004 26.502759874851893 
-45.0 -25.0 23.772853414957016 
-45.0 -20.0 19.943279578823176 
-45.0 -14.999999999999996 14.835781288457182 
-45.0 -10.000000000000004 9.577725656362954 
-45.0 -5.000000000000002 4.72564298170436 
-45.0 0.0 39.35343235478458 
-45.0 5.000000000000002 132.77241101683407 
-45.0 10.000000000000004 146.21060122828604 
-45.0 15.000000000000007 147.3986309810895 
-45.0 20.000000000000007 147.53889762297914 
-45.0 24.999999999999993 148.28102773897822 
-45.0 29.999999999999993 150.2460007695382 
-45.0 34.99999999999999 153.5967387646419 
-45.0 40.0 158.02841071138036 
-45.0 45.0 162.91627100279538 
-45.0 50.0 167.23063094907653 
-45.0 55.00000000000001 170.1293654490341 
-45.0 60.00000000000001 171.6221544806897 
-45.0 65.00000000000001 171.2722935419502 
-45.0 69.99999999999999 167.1318042488214 
-45.0 75.0 159.52142694638172 
-45.0 80.0 174.10324031107285 
-45.0 85.0 84.35607540845315 
-40.0 -85.0 22.476987366652008 
-40.0 -80.0 40.69498345698722 
-40.0 -75.0 31.259036301194595 
-40.0 -70.0 27.569445258222565 
-40.0 -65.0 25.009069382218257 
-40.0 -60.00000000000001 23.888158616505677 
-40.0 -55.00000000000001 24.126577217136862 
-40.0 -50.0 25.11777448547109 
-40.0 -45.0 26.13020891190371 
-40.0 -40.0 26.62341578867995 
-40.0 -34.99999999999999 26.243480687263293 
-40.0 -30.000000000000004 24.781327107401456 
-40.0 -25.0 22.23354383710117 
-40.0 -20.0 18.657135756537897 
-40.0 -14.999999999999996 13.885626338895143 
-40.0 -10.000000000000004 8.972808203253544 
-40.0 -5.000000000000002 4.439542401894159 
-40.0 0.0 36.83782667176182 
-40.0 5.000000000000002 124.11092304283551 
-40.0 10.000000000000004 136.64507355076532 
-40.0 15.000000000000007 137.73983715237853 
-40.0 20.000000000000007 137.85792324309125 
-40.0 24.999999999999993 138.53864940941247 
-40.0 29.999999999999993 140.36134678883883 
-40.0 34.99999999999999 143.47757906862537 
-40.0 40.0 147.60213414967228 
-40.0 45.0 152.15121141919303 
-40.0 50.0 156.16320436517552 
-40.0 55.00000000000001 158.85223376458765 
-40.0 60.00000000000001 160.228266505332 
-40.0 65.00000000000001 159.88479603113507 
-40.0 69.99999999999999 156.0049474686027 
-40.0 75.0 148.88981433524495 
-40.0 80.0 162.49087060170436 
-40.0 85.0 78.72718094697595 
-34.99999999999999 -85.0 21.285039351224906 
-34.99999999999999 -80.0 38.53246807467411 
-34.99999999999999 -75.0 29.594495329006214 
-34.99999999999999 -70.0 26.10131303041982 
-34.99999999999999 -65.0 23.682408481540456 
-34.99999999999999 -60.00000000000001 22.630753424581506 
-34.99999999999999 -55.00000000000001 22.868689384514003 
-34.99999999999999 -50.0 23.81993934524309 
-34.99999999999999 -45.0 24.789937351145525 
-34.99999999999999 -40.0 25.265584923965633 
-34.99999999999999 -34.99999999999999 24.911055390895854 
-34.99999999999999 -30.000000000000004 23.52811878020187 
-34.99999999999999 -25.0 21.113756138238827 
-34.99999999999999 -20.0 17.7222395438251 
-34.99999999999999 -14.999999999999996 13.195676609314683 
-34.99999999999999 -10.000000000000004 8.53483357377708 
-34.99999999999999 -5.000000000000002 4.235440363326675 
-34.99999999999999 0.0 35.024588322096356 
-34.99999999999999 5.000000000000002 117.83039518089653 
-34.99999999999999 10.000000000000004 129.70369104612118 
-34.99999999999999 15.000000000000007 130.72754398120827 
-34.99999999999999 20.000000000000007 130.8269489526769 
-34.99999999999999 24.999999999999993 131.46077027733963 
-34.99999999999999 29.999999999999993 133.17799208459215 
-34.99999999999999 34.99999999999999 136.12189861302812 
-34.99999999999999 40.0 140.0215205850377 
-34.99999999999999 45.0 144.32283670820271 
-34.99999999999999 50.0 148.11380168133783 
-34.99999999999999 55.00000000000001 150.6495328017307 
-34.99999999999999 60.00000000000001 151.94030513368403 
-34.99999999999999 65.00000000000001 151.60165864812365 
-34.99999999999999 69.99999999999999 147.91209505506748 
-34.99999999999999 75.0 141.15827885231795 
-34.99999999999999 80.0 154.0475718326309 
-34.99999999999999 85.0 74.63504508630564 
-30.000000000000004 -85.0 20.54731520019378 
-30.000000000000004 -80.0 37.19007336860744 
-30.000000000000004 -75.0 28.557175827965853 
-30.000000000000004 -70.0 25.18355539428451 
-30.000000000000004 -65.0 22.852917004730095 
-30.000000000000004 -60.00000000000001 21.84740115030556 
-30.000000000000004 -55.00000000000001 22.089980576377805 
-30.000000000000004 -50.0 23.022098181439446 
-30.000000000000004 -45.0 23.971057017731475 
-30.000000000000004 -40.0 24.43985336459216 
-30.000000000000004 -34.99999999999999 24.10331257439547 
-30.000000000000004 -30.000000000000004 22.769679094457178 
-30.000000000000004 -25.0 20.436258395147842 
-30.000000000000004 -20.0 17.15573525564891 
-30.000000000000004 -14.999999999999996 12.775202566418923 
-30.000000000000004 -10.000000000000004 8.264167089305257 
-30.000000000000004 -5.000000000000002 4.102459555479561 
-30.000000000000004 0.0 33.95226978262443 
-30.000000000000004 5.000000000000002 114.11677481487227 
-30.000000000000004 10.000000000000004 125.59052686488235 
-30.000000000000004 15.000000000000007 126.56576856857886 
-30.000000000000004 20.000000000000007 126.64860722290017 
-30.000000000000004 24.999999999999993 127.24963219786561 
-30.000000000000004 29.999999999999993 128.8996085518817 
-30.000000000000004 34.99999999999999 131.73674962555899 
-30.000000000000004 40.0 135.49840356749237 
-30.000000000000004 45.0 139.64817637557553 
-30.000000000000004 50.0 143.3035491084964 
-30.000000000000004 55.00000000000001 145.74415465666658 
-30.000000000000004 60.00000000000001 146.98052748839558 
-30.000000000000004 65.00000000000001 146.6415117331789 
-30.000000000000004 69.99999999999999 143.0629186286343 
-30.000000000000004 75.0 136.52305788256118 
-30.000000000000004 80.0 148.98337492591787 
-30.000000000000004 85.0 72.17989969973098 
-25.0 -85.0 20.325895978970337 
-25.0 -80.0 36.778537345984326 
-25.0 -75.0 28.230551653879324 
-25.0 -70.0 24.888907591979592 
-25.0 -65.0 22.58701425614693 
-25.0 -60.00000000000001 21.60334868434917 
-25.0 -55.00000000000001 21.85897599250889 
-25.0 -50.0 22.79830067844884 
-25.0 -45.0 23.752836828193892 
-25.0 -40.0 24.228479074752165 
-25.0 -34.99999999999999 23.902013711251822 
-25.0 -30.000000000000004 22.583089167773974 
-25.0 -25.0 20.269317232364553 
-25.0 -20.0 17.013166571562227 
-25.0 -14.999999999999996 12.662400054525548 
-25.0 -10.000000000000004 8.180575257910318 
-25.0 -5.000000000000002 4.0409629604665005 
-25.0 0.0 33.740158118438764 
-25.0 5.000000000000002 113.41193032889791 
-25.0 10.000000000000004 124.78995642476472 
-25.0 15.000000000000007 125.74036544402864 
-25.0 20.000000000000007 125.80717992820371 
-25.0 24.999999999999993 126.39022401460817 
-25.0 29.999999999999993 128.01613861111247 
-25.0 34.99999999999999 130.82169888687298 
-25.0 40.0 134.54551009136762 
-25.0 45.0 138.65448570853727 
-25.0 50.0 142.27214227518596 
-25.0 55.00000000000001 144.68333259200801 
-25.0 60.00000000000001 145.89876542493212 
-25.0 65.00000000000001 145.55042434908415 
-25.0 69.99999999999999 141.98726727101814 
-25.0 75.0 135.48670403279667 
-25.0 80.0 147.84340749044148 
-25.0 85.0 71.62462960003103 
-20.0 -85.0 20.718908405405774 
-20.0 -80.0 37.473545151978065 
-20.0 -75.0 28.747673055457824 
-20.0 -70.0 25.33363056934399 
-20.0 -65.0 22.99063347444279 
-20.0 -60.00000000000001 22.00186445379555 
-20.0 -55.00000000000001 22.283044531462867 
-20.0 -50.0 23.26352017219934 
-20.0 -45.0 24.257550655968597 
-20.0 -40.0 24.757874044478385 
-20.0 -34.99999999999999 24.432684532355506 
-20.0 -30.000000000000004 23.086920248838773 
-20.0 -25.0 20.718543471928257 
-20.0 -20.0 17.381505580699933 
-20.0 -14.999999999999996 12.918908298003059 
-20.0 -10.000000000000004 8.319123963012494 
-20.0 -5.000000000000002 4.059092546718995 
-20.0 0.0 34.57573273997871 
-20.0 5.000000000000002 116.37323561653369 
-20.0 10.000000000000004 128.02123325052057 
-20.0 15.000000000000007 128.97254417591563 
-20.0 20.000000000000007 129.02158239070712 
-20.0 24.999999999999993 129.6026633009844 
-20.0 29.999999999999993 131.2552676003638 
-20.0 34.99999999999999 134.11899143650658 
-20.0 40.0 137.92497906768807 
-20.0 45.0 142.1259557707257 
-20.0 50.0 145.82289547074498 
-20.0 55.00000000000001 148.2824324282275 
-20.0 60.00000000000001 149.51534215718607 
-20.0 65.00000000000001 149.1444663454668 
-20.0 69.99999999999999 145.47856691903047 
-20.0 75.0 138.80347199745592 
-20.0 80.0 151.44765371421119 
-20.0 85.0 73.36534903838661 
-14.999999999999996 -85.0 21.781544696906817 
-14.999999999999996 -80.0 39.37369879457743 
-14.999999999999996 -75.0 30.183220193926743 
-14.999999999999996 -70.0 26.58346167126306 
-14.999999999999996 -65.0 24.124731413520287 
-14.999999999999996 -60.00000000000001 23.10381994082535 
-14.999999999999996 -55.00000000000001 23.426960859540443 
-14.999999999999996 -50.0 24.488376322808246 
-14.999999999999996 -45.0 25.56125639355072 
-14.999999999999996 -40.0 26.107383132863983 
-14.999999999999996 -34.99999999999999 25.774697896196727 
-14.999999999999996 -30.000000000000004 24.35672012820334 
-14.999999999999996 -25.0 21.85189001673862 
-14.999999999999996 -20.0 18.317550887613788 
-14.999999999999996 -14.999999999999996 13.586130440928354 
-14.999999999999996 -10.000000000000004 8.705058126654883 
-14.999999999999996 -5.000000000000002 4.165190461944267 
-14.999999999999996 0.0 36.590637017328106 
-14.999999999999996 5.000000000000002 123.41499171889572 
-14.999999999999996 10.000000000000004 135.73150392880981 
-14.999999999999996 15.000000000000007 136.70721082387203 
-14.999999999999996 20.000000000000007 136.7330019008192 
-14.999999999999996 24.999999999999993 137.32716893070764 
-14.999999999999996 29.999999999999993 139.0605241861236 
-14.999999999999996 34.99999999999999 142.07995534086544 
-14.999999999999996 40.0 146.09929927795068 
-14.999999999999996 45.0 150.5375979368143 
-14.999999999999996 50.0 154.44158849799763 
-14.999999999999996 55.00000000000001 157.033737319943 
-14.999999999999996 60.00000000000001 158.3247771108713 
-14.999999999999996 65.00000000000001 157.91487260767875 
-14.999999999999996 69.99999999999999 154.01376556934193 
-14.999999999999996 75.0 146.92620803526972 
-14.999999999999996 80.0 160.2879404613227 
-14.999999999999996 85.0 77.63949640306907 
-10.000000000000004 -85.0 23.50090095841249 
-10.000000000000004 -80.0 42.45356714780795 
-10.000000000000004 -75.0 32.51598597683732 
-10.000000000000004 -70.0 28.61943698482204 
-10.000000000000004 -65.0 25.974058831776432 
-10.000000000000004 -60.00000000000001 24.898624807100184 
-10.000000000000004 -55.00000000000001 25.285016497529615 
-10.000000000000004 -50.0 26.47179386984703 
-10.000000000000004 -45.0 27.666883852474516 
-10.000000000000004 -40.0 28.283029358873026 
-10.000000000000004 -34.99999999999999 27.93613164525114 
-10.000000000000004 -30.000000000000004 26.40159567398401 
-10.000000000000004 -25.0 23.67859208077183 
-10.000000000000004 -20.0 19.829812779834466 
-10.000000000000004 -14.999999999999996 14.670755544934584 
-10.000000000000004 -10.000000000000004 9.343154747536692 
-10.000000000000004 -5.000000000000002 4.360951564246515 
-10.000000000000004 0.0 39.84147336197927 
-10.000000000000004 5.000000000000002 134.62289049638497 
-10.000000000000004 10.000000000000004 147.9962525527383 
-10.000000000000004 15.000000000000007 149.0100501793741 
-10.000000000000004 20.000000000000007 149.00042722721332 
-10.000000000000004 24.999999999999993 149.61807974672988 
-10.000000000000004 29.999999999999993 151.48317671324116 
-10.000000000000004 34.99999999999999 154.75396585250974 
-10.000000000000004 40.0 159.11670533648794 
-10.000000000000004 45.0 163.93687537760246 
-10.000000000000004 50.0 168.17490223499712 
-10.000000000000004 55.00000000000001 170.98290420428603 
-10.000000000000004 60.00000000000001 172.3715154589643 
-10.000000000000004 65.00000000000001 171.90464797706218 
-10.000000000000004 69.99999999999999 167.63380635319533 
-10.000000000000004 75.0 159.893337174194 
-10.000000000000004 80.0 174.40584509484538 
-10.000000000000004 85.0 84.4671681278707 
-5.000000000000002 -85.0 24.55316399988164 
-5.000000000000002 -80.0 44.32321525443137 
-5.000000000000002 -75.0 33.91883649613111 
-5.000000000000002 -70.0 29.839571135988805 
-5.000000000000002 -65.0 27.093348682890227 
-5.000000000000002 -60.00000000000001 26.010328397579148 
-5.000000000000002 -55.00000000000001 26.468474251260275 
-5.000000000000002 -50.0 27.766721948986888 
-5.000000000000002 -45.0 29.06759336578604 
-5.000000000000002 -40.0 29.749678772452455 
-5.000000000000002 -34.99999999999999 29.406933686421826 
-5.000000000000002 -30.000000000000004 27.80293926956713 
-5.000000000000002 -25.0 24.938254346832455 
-5.000000000000002 -20.0 20.879575970561024 
-5.000000000000002 -14.999999999999996 15.429881456192653 
-5.000000000000002 -10.000000000000004 9.799908779254494 
-5.000000000000002 -5.000000000000002 4.513302457095467 
-5.000000000000002 0.0 42.37726500023692 
-5.000000000000002 5.000000000000002 142.5615307241053 
-5.000000000000002 10.000000000000004 156.5610008294488 
-5.000000000000002 15.000000000000007 157.53484745017514 
-5.000000000000002 20.000000000000007 157.456965505304 
-5.000000000000002 24.999999999999993 158.0584338359688 
-5.000000000000002 29.999999999999993 159.98913864378642 
-5.000000000000002 34.99999999999999 163.41227362612165 
-5.000000000000002 40.0 167.99316056706897 
-5.000000000000002 45.0 173.05946440736466 
-5.000000000000002 50.0 177.5122510791006 
-5.000000000000002 55.00000000000001 180.4557425618348 
-5.000000000000002 60.00000000000001 181.90074296378052 
-5.000000000000002 65.00000000000001 181.38695311248355 
-5.000000000000002 69.99999999999999 176.85917549777892 
-5.000000000000002 75.0 168.6723296032449 
-5.000000000000002 80.0 183.9615470251154 
-5.000000000000002 85.0 89.08810539516747 
0.0 -85.0 22.89614560067792 
0.0 -80.0 41.407690153221175 
0.0 -75.0 31.759472933117515 
0.0 -70.0 27.97810238619364 
0.0 -65.0 25.37849732423391 
0.0 -60.00000000000001 24.275140133350103 
0.0 -55.00000000000001 24.57699338197116 
0.0 -50.0 25.656961884071837 
0.0 -45.0 26.762133498987964 
0.0 -40.0 27.337323255350828 
0.0 -34.99999999999999 27.02131761552184 
0.0 -30.000000000000004 25.60325739721875 
0.0 -25.0 23.083568245677153 
0.0 -20.0 19.525486734775342 
0.0 -14.999999999999996 14.773599717904094 
0.0 -10.000000000000004 9.960987456334948 
0.0 -5.000000000000002 5.817883629108021 
0.0 0.0 40.09689841760449 
0.0 5.000000000000002 127.23821328894184 
0.0 10.000000000000004 139.4590907164599 
0.0 15.000000000000007 140.3105377769771 
0.0 20.000000000000007 140.2576740069394 
0.0 24.999999999999993 140.8111012026741 
0.0 29.999999999999993 142.54243836885266 
0.0 34.99999999999999 145.59840610999632 
0.0 40.0 149.68703965261673 
0.0 45.0 154.21806183523424 
0.0 50.0 158.22318382406814 
0.0 55.00000000000001 160.9167537503905 
0.0 60.00000000000001 162.32172291740787 
0.0 65.00000000000001 162.03819232742447 
0.0 69.99999999999999 158.22853633904026 
0.0 75.0 151.18141444172238 
0.0 80.0 165.20424233448534 
0.0 85.0 80.12820512218556 
5.000000000000002 -85.0 4.29025240171437 
5.000000000000002 -80.0 7.985315784574328 
5.000000000000002 -75.0 6.37238206066682 
5.000000000000002 -70.0 5.822120370301861 
5.000000000000002 -65.0 5.369065911999962 
5.000000000000002 -60.00000000000001 5.072652945626951 
5.000000000000002 -55.00000000000001 4.958652250537263 
5.000000000000002 -50.0 4.958962228628526 
5.000000000000002 -45.0 4.982670278340644 
5.000000000000002 -40.0 4.971191559678987 
5.000000000000002 -34.99999999999999 4.8901221514096305 
5.000000000000002 -30.000000000000004 4.717650244130078 
5.000000000000002 -25.0 4.453714920862272 
5.000000000000002 -20.0 4.108669584826161 
5.000000000000002 -14.999999999999996 3.682469030316866 
5.000000000000002 -10.000000000000004 3.3442082449962145 
5.000000000000002 -5.000000000000002 3.381763940168999 
5.000000000000002 0.0 7.849598541478803 
5.000000000000002 5.000000000000002 15.034805713864435 
5.000000000000002 10.000000000000004 16.19053898039278 
5.000000000000002 15.000000000000007 16.260528271933662 
5.000000000000002 20.000000000000007 16.256271180844738 
5.000000000000002 24.999999999999993 16.326408886411258 
5.000000000000002 29.999999999999993 16.529055097307587 
5.000000000000002 34.99999999999999 16.877926059583338 
5.000000000000002 40.0 17.343359975561015 
5.000000000000002 45.0 17.864609692235312 
5.000000000000002 50.0 18.339252879745224 
5.000000000000002 55.00000000000001 18.687737546185026 
5.000000000000002 60.00000000000001 18.924959555904387 
5.000000000000002 65.00000000000001 19.014713482797305 
5.000000000000002 69.99999999999999 18.74198159618294 
5.000000000000002 75.0 18.119546818319538 
5.000000000000002 80.0 20.0491384491882 
5.000000000000002 85.0 9.821954649192525 
10.000000000000004 -85.0 2.723104673226342 
10.000000000000004 -80.0 5.149293531751928 
10.000000000000004 -75.0 4.198249401495981 
10.000000000000004 -70.0 3.9138018996277077 
10.000000000000004 -65.0 3.6518847329444095 
10.000000000000004 -60.00000000000001 3.448523591744895 
10.000000000000004 -55.00000000000001 3.333180148822328 
10.000000000000004 -50.0 3.2779966254037807 
10.000000000000004 -45.0 3.2409835132906593 
10.000000000000004 -40.0 3.199751185384292 
10.000000000000004 -34.99999999999999 3.143510494081459 
10.000000000000004 -30.000000000000004 3.063991888230011 
10.000000000000004 -25.0 2.960388439926891 
10.000000000000004 -20.0 2.837480802708274 
10.000000000000004 -14.999999999999996 2.701816279182763 
10.000000000000004 -10.000000000000004 2.6384293545950235 
10.000000000000004 -5.000000000000002 2.8550000558371584 
10.000000000000004 0.0 5.0032144438847475 
10.000000000000004 5.000000000000002 6.752862460212028 
10.000000000000004 10.000000000000004 7.129288031904961 
10.000000000000004 15.000000000000007 7.145306106349823 
10.000000000000004 20.000000000000007 7.143706888959545 
10.000000000000004 24.999999999999993 7.176672364750926 
10.000000000000004 29.999999999999993 7.264947822248095 
10.000000000000004 34.99999999999999 7.4122492334270875 
10.000000000000004 40.0 7.607407245072056 
10.000000000000004 45.0 7.827442572939636 
10.000000000000004 50.0 8.032233783961475 
10.000000000000004 55.00000000000001 8.192799806029292 
10.000000000000004 60.00000000000001 8.322242775434828 
10.000000000000004 65.00000000000001 8.410687424702584 
10.000000000000004 69.99999999999999 8.364719497852736 
10.000000000000004 75.0 8.18126062640202 
10.000000000000004 80.0 9.16498223923939 
10.000000000000004 85.0 4.5341762800602 
15.000000000000007 -85.0 2.88584749302721 
15.000000000000007 -80.0 5.432853397012882 
15.000000000000007 -75.0 4.40536779685067 
15.000000000000007 -70.0 4.090271862209731 
15.000000000000007 -65.0 3.8143486308757555 
15.000000000000007 -60.00000000000001 3.614953505837168 
15.000000000000007 -55.00000000000001 3.5178223171162473 
15.000000000000007 -50.0 3.4871758180215826 
15.000000000000007 -45.0 3.472162904605756 
15.000000000000007 -40.0 3.4434668826032313 
15.000000000000007 -34.99999999999999 3.3855683533708008 
15.000000000000007 -30.000000000000004 3.287328030521422 
15.000000000000007 -25.0 3.1474920409551497 
15.000000000000007 -20.0 2.970686276721371 
15.000000000000007 -14.999999999999996 2.758971399909112 
15.000000000000007 -10.000000000000004 2.6040715343717946 
15.000000000000007 -5.000000000000002 2.6960944829354214 
15.000000000000007 0.0 5.180143790536128 
15.000000000000007 5.000000000000002 8.260818134161031 
15.000000000000007 10.000000000000004 8.813162489751933 
15.000000000000007 15.000000000000007 8.845852611698268 
15.000000000000007 20.000000000000007 8.846207267054355 
15.000000000000007 24.999999999999993 8.887474540549531 
15.000000000000007 29.999999999999993 8.997827409938154 
15.000000000000007 34.99999999999999 9.182818334043843 
15.000000000000007 40.0 9.42734579008369 
15.000000000000007 45.0 9.70058550579527 
15.000000000000007 50.0 9.949784000858674 
15.000000000000007 55.00000000000001 10.135482941637138 
15.000000000000007 60.00000000000001 10.270188398352142 
15.000000000000007 65.00000000000001 10.338687575861607 
15.000000000000007 69.99999999999999 10.226284435956703 
15.000000000000007 75.0 9.936042481111205 
15.000000000000007 80.0 11.055896695587993 
15.000000000000007 85.0 5.441189296274141 
20.000000000000007 -85.0 3.280383608423349 
20.000000000000007 -80.0 6.140737484810988 
20.000000000000007 -75.0 4.942672492507223 
20.000000000000007 -70.0 4.559871138976707 
20.000000000000007 -65.0 4.240526657769572 
20.000000000000007 -60.00000000000001 4.027027949992583 
20.000000000000007 -55.00000000000001 3.9420246359444437 
20.000000000000007 -50.0 3.937190627071517 
20.000000000000007 -45.0 3.946898437118098 
20.000000000000007 -40.0 3.930650878102799 
20.000000000000007 -34.99999999999999 3.865449049323661 
20.000000000000007 -30.000000000000004 3.7356807730439856 
20.000000000000007 -25.0 3.539792579156332 
20.000000000000007 -20.0 3.283149311108181 
20.000000000000007 -14.999999999999996 2.9632091500380278 
20.000000000000007 -10.000000000000004 2.6900940935088067 
20.000000000000007 -5.000000000000002 2.6521381628673715 
20.000000000000007 0.0 5.763589647465417 
20.000000000000007 5.000000000000002 10.771043929192219 
20.000000000000007 10.000000000000004 11.591530606170979 
20.000000000000007 15.000000000000007 11.648971900254239 
20.000000000000007 20.000000000000007 11.6525542668115 
20.000000000000007 24.999999999999993 11.707994706598058 
20.000000000000007 29.999999999999993 11.855443614323388 
20.000000000000007 34.99999999999999 12.103563324742945 
20.000000000000007 40.0 12.431226079384649 
20.000000000000007 45.0 12.795368774476628 
20.000000000000007 50.0 13.123242296375622 
20.000000000000007 55.00000000000001 13.358965238259648 
20.000000000000007 60.00000000000001 13.514851652737468 
20.000000000000007 65.00000000000001 13.567238743787303 
20.000000000000007 69.99999999999999 13.365105614219082 
20.000000000000007 75.0 12.919041606901555 
20.000000000000007 80.0 14.29740386463767 
20.000000000000007 85.0 7.006414907322297 
24.999999999999993 -85.0 3.695587728250844 
24.999999999999993 -80.0 6.890380643538305 
24.999999999999993 -75.0 5.5163857000927425 
24.999999999999993 -70.0 5.064413807081991 
24.999999999999993 -65.0 4.698129392958497 
24.999999999999993 -60.00000000000001 4.465482137778093 
24.999999999999993 -55.00000000000001 4.387049819685687 
24.999999999999993 -50.0 4.402620274397304 
24.999999999999993 -45.0 4.432337793093322 
24.999999999999993 -40.0 4.425056145490304 
24.999999999999993 -34.99999999999999 4.350692774420546 
24.999999999999993 -30.000000000000004 4.189402495071886 
24.999999999999993 -25.0 3.939449076538118 
24.999999999999993 -20.0 3.607131253973925 
24.999999999999993 -14.999999999999996 3.186010414628941 
24.999999999999993 -10.000000000000004 2.805257886730146 
24.999999999999993 -5.000000000000002 2.656070580890577 
24.999999999999993 0.0 6.386641666033049 
24.999999999999993 5.000000000000002 13.1972707610738 
24.999999999999993 10.000000000000004 14.272918305923213 
24.999999999999993 15.000000000000007 14.354055048095514 
24.999999999999993 20.000000000000007 14.361007283203518 
24.999999999999993 24.999999999999993 14.430479017380598 
24.999999999999993 29.999999999999993 14.614151381540948 
24.999999999999993 34.99999999999999 14.923665605813174 
24.999999999999993 40.0 15.332135266533992 
24.999999999999993 45.0 15.784792010134526 
24.999999999999993 50.0 16.18971222757653 
24.999999999999993 55.00000000000001 16.475284982423066 
24.999999999999993 60.00000000000001 16.653750737344538 
24.999999999999993 65.00000000000001 16.69332167231571 
24.999999999999993 69.99999999999999 16.407679529627224 
24.999999999999993 75.0 15.814269648329702 
24.999999999999993 80.0 17.447580185116365 
24.999999999999993 85.0 8.529063828608857 
29.999999999999993 -85.0 4.0658057600579935 
29.999999999999993 -80.0 7.563147781174061 
29.999999999999993 -75.0 6.035733042899003 
29.999999999999993 -70.0 5.5243301031217396 
29.999999999999993 -65.0 5.115533174220849 
29.999999999999993 -60.00000000000001 4.86241434829776 
29.999999999999993 -55.00000000000001 4.78470087380034 
29.999999999999993 -50.0 4.812702582023298 
29.999999999999993 -45.0 4.854997156875753 
29.999999999999993 -40.0 4.851892085281103 
29.999999999999993 -34.99999999999999 4.767643564979016 
29.999999999999993 -30.000000000000004 4.578993750520688 
29.999999999999993 -25.0 4.284087814008355 
29.999999999999993 -20.0 3.890080126799709 
29.999999999999993 -14.999999999999996 3.3876172767900496 
29.999999999999993 -10.000000000000004 2.9219510867544303 
29.999999999999993 -5.000000000000002 2.68862875528239 
29.999999999999993 0.0 6.929286216973338 
29.999999999999993 5.000000000000002 15.179452679517867 
29.999999999999993 10.000000000000004 16.46319652765222 
29.999999999999993 15.000000000000007 16.564795367512733 
29.999999999999993 20.000000000000007 16.575607584431413 
29.999999999999993 24.999999999999993 16.65760637505431 
29.999999999999993 29.999999999999993 16.871920733802828 
29.999999999999993 34.99999999999999 17.23262190449726 
29.999999999999993 40.0 17.708166343841825 
29.999999999999993 45.0 18.234287797600594 
29.999999999999993 50.0 18.703441976196473 
29.999999999999993 55.00000000000001 19.031195378491976 
29.999999999999993 60.00000000000001 19.229769765561517 
29.999999999999993 65.00000000000001 19.260708904741943 
29.999999999999993 69.99999999999999 18.90860432190862 
29.999999999999993 75.0 18.196271471232375 
29.999999999999993 80.0 20.041631888923494 
29.999999999999993 85.0 9.783747495346194 
34.99999999999999 -85.0 4.366873464853336 
34.99999999999999 -80.0 8.115904721167862 
34.99999999999999 -75.0 6.4682423282249735 
34.99999999999999 -70.0 5.911511820991052 
34.99999999999999 -65.0 5.4674203407469335 
34.99999999999999 -60.00000000000001 5.193397695665314 
34.99999999999999 -55.00000000000001 5.109749842246285 
34.99999999999999 -50.0 5.140505812822423 
34.99999999999999 -45.0 5.186258975087775 
34.99999999999999 -40.0 5.181565074722084 
34.99999999999999 -34.99999999999999 5.086885484710874 
34.99999999999999 -30.000000000000004 4.876600255971992 
34.99999999999999 -25.0 4.548744285699192 
34.99999999999999 -20.0 4.111111302700081 
34.99999999999999 -14.999999999999996 3.5525563312479593 
34.99999999999999 -10.000000000000004 3.029826230620324 
34.99999999999999 -5.000000000000002 2.743246346110165 
34.99999999999999 0.0 7.338301881631968 
34.99999999999999 5.000000000000002 16.558321501924752 
34.99999999999999 10.000000000000004 17.989361785394063 
34.99999999999999 15.000000000000007 18.10824843716329 
34.99999999999999 20.000000000000007 18.12430426938384 
34.99999999999999 24.999999999999993 18.217302547718415 
34.99999999999999 29.999999999999993 18.455067676486088 
34.99999999999999 34.99999999999999 18.85341354085558 
34.99999999999999 40.0 19.377647752877465 
34.99999999999999 45.0 19.956974641727502 
34.99999999999999 50.0 20.47299080491514 
34.99999999999999 55.00000000000001 20.832324413240393 
34.99999999999999 60.00000000000001 21.047228510898154 
34.99999999999999 65.00000000000001 21.074534786161323 
34.99999999999999 69.99999999999999 20.67815381722733 
34.99999999999999 75.0 19.88437782573322 
34.99999999999999 80.0 21.88279401102561 
34.99999999999999 85.0 10.675278148610596 
40.0 -85.0 4.628601945060065 
40.0 -80.0 8.602939345403975 
40.0 -75.0 6.855870695436034 
40.0 -70.0 6.263010945671293 
40.0 -65.0 5.7871179013389735 
40.0 -60.00000000000001 5.489679152134846 
40.0 -55.00000000000001 5.393021658696621 
40.0 -50.0 5.417414151582272 
40.0 -45.0 5.458199088379068 
40.0 -40.0 5.446343253957038 
40.0 -34.99999999999999 5.339949658400787 
40.0 -30.000000000000004 5.111808897821426 
40.0 -25.0 4.759805857961311 
40.0 -20.0 4.292187159968045 
40.0 -14.999999999999996 3.696934480462366 
40.0 -10.000000000000004 3.138830596521498 
40.0 -5.000000000000002 2.82401047071402 
40.0 0.0 7.651796021416641 
40.0 5.000000000000002 17.474747190715718 
40.0 10.000000000000004 19.008203718161617 
40.0 15.000000000000007 19.143525289576992 
40.0 20.000000000000007 19.16711219310295 
40.0 24.999999999999993 19.27097231803091 
40.0 29.999999999999993 19.527597909235762 
40.0 34.99999999999999 19.954088138374242 
40.0 40.0 20.513826863381066 
40.0 45.0 21.131812963320744 
40.0 50.0 21.682443785865864 
40.0 55.00000000000001 22.06638438504509 
40.0 60.00000000000001 22.295987688243997 
40.0 65.00000000000001 22.32484365791985 
40.0 69.99999999999999 21.902399320488986 
40.0 75.0 21.056812054918037 
40.0 80.0 23.166220413595763 
40.0 85.0 11.298440305006006 
45.0 -85.0 4.930360824650771 
45.0 -80.0 9.168198290669812 
45.0 -75.0 7.309290614801282 
45.0 -70.0 6.676197720597561 
45.0 -65.0 6.162267084462321 
45.0 -60.00000000000001 5.833943517829608 
45.0 -55.00000000000001 5.716900881507286 
45.0 -50.0 5.728202182186876 
45.0 -45.0 5.758256237531074 
45.0 -40.0 5.734806594805385 
45.0 -34.99999999999999 5.613837109590916 
45.0 -30.000000000000004 5.366593991465902 
45.0 -25.0 4.990724667589765 
45.0 -20.0 4.49491209351286 
45.0 -14.999999999999996 3.8666770257608785 
45.0 -10.000000000000004 3.2789297709193055 
45.0 -5.000000000000002 2.9468217872850113 
45.0 0.0 7.99057805680871 
45.0 5.000000000000002 18.333836427913074 
45.0 10.000000000000004 19.966695964091517 
45.0 15.000000000000007 20.121939009225535 
45.0 20.000000000000007 20.156314059702616 
45.0 24.999999999999993 20.27359999523593 
45.0 29.999999999999993 20.550874949181466 
45.0 34.99999999999999 21.006621846832587 
45.0 40.0 21.6026443775767 
45.0 45.0 22.260189810089653 
45.0 50.0 22.84699248044046 
45.0 55.00000000000001 23.25816891804363 
45.0 60.00000000000001 23.50628788318251 
45.0 65.00000000000001 23.541813896817185 
45.0 69.99999999999999 23.09985836725382 
45.0 75.0 22.209678362034527 
45.0 80.0 24.434616547848652 
45.0 85.0 11.91664058115812 
50.0 -85.0 5.405179150961867 
50.0 -80.0 10.052617854696628 
50.0 -75.0 8.01340308222718 
50.0 -70.0 7.31349335832946 
50.0 -65.0 6.7390057349818235 
50.0 -60.00000000000001 6.364240977533137 
50.0 -55.00000000000001 6.219279540668251 
50.0 -50.0 6.2151621300239865 
50.0 -45.0 6.233561284838321 
50.0 -40.0 6.196298830545249 
50.0 -34.99999999999999 6.055447348298316 
50.0 -30.000000000000004 5.7795366637002195 
50.0 -25.0 5.365836877049539 
50.0 -20.0 4.823764576443682 
50.0 -14.999999999999996 4.139952893548139 
50.0 -10.000000000000004 3.501668661783896 
50.0 -5.000000000000002 3.1401541688457666 
50.0 0.0 8.56355781526721 
50.0 5.000000000000002 19.825890539033036 
50.0 10.000000000000004 21.625229733039102 
50.0 15.000000000000007 21.810529269697103 
50.0 20.000000000000007 21.860087665723512 
50.0 24.999999999999993 21.99756534683436 
50.0 29.999999999999993 22.307813129015077 
50.0 34.99999999999999 22.811710992662736 
50.0 40.0 23.468304248352368 
50.0 45.0 24.192352278672193 
50.0 50.0 24.84015630261639 
50.0 55.00000000000001 25.29735505130804 
50.0 60.00000000000001 25.576931084296156 
50.0 65.00000000000001 25.62404808734168 
50.0 69.99999999999999 25.149294654366276 
50.0 75.0 24.18370319983752 
50.0 80.0 26.60764923431202 
50.0 85.0 12.976240902506026 
55.00000000000001 -85.0 6.259840190855509 
55.00000000000001 -80.0 11.62968417733902 
55.00000000000001 -75.0 9.253754712696448 
55.00000000000001 -70.0 8.42491495966279 
55.00000000000001 -65.0 7.742102020379576 
55.00000000000001 -60.00000000000001 7.293446340438191 
55.00000000000001 -55.00000000000001 7.113855969043683 
55.00000000000001 -50.0 7.100047229802741 
55.00000000000001 -45.0 7.114515850000466 
55.00000000000001 -40.0 7.065512909963614 
55.00000000000001 -34.99999999999999 6.896135548859028 
55.00000000000001 -30.000000000000004 6.569089946011546 
55.00000000000001 -25.0 6.081074291374467 
55.00000000000001 -20.0 5.443054495387446 
55.00000000000001 -14.999999999999996 4.6389797227780845 
55.00000000000001 -10.000000000000004 3.8865586976202082 
55.00000000000001 -5.000000000000002 3.4462634855940966 
55.00000000000001 0.0 9.703339771843574 
55.00000000000001 5.000000000000002 23.060546073335843 
55.00000000000001 10.000000000000004 25.205084971590235 
55.00000000000001 15.000000000000007 25.440430511149387 
55.00000000000001 20.000000000000007 25.51077161228881 
55.00000000000001 24.999999999999993 25.681447701328988 
55.00000000000001 29.999999999999993 26.053476159922518 
55.00000000000001 34.99999999999999 26.65258675159378 
55.00000000000001 40.0 27.431412915999392 
55.00000000000001 45.0 28.290344501516635 
55.00000000000001 50.0 29.06095372533099 
55.00000000000001 55.00000000000001 29.608501248114475 
55.00000000000001 60.00000000000001 29.946710493267723 
55.00000000000001 65.00000000000001 30.009609774069673 
55.00000000000001 69.99999999999999 29.45659921589131 
55.00000000000001 75.0 28.323522055651413 
55.00000000000001 80.0 31.155821359190753 
55.00000000000001 85.0 15.19081979292612 
60.00000000000001 -85.0 7.825682431258764 
60.00000000000001 -80.0 14.49697852198242 
60.00000000000001 -75.0 11.486435422919024 
60.00000000000001 -70.0 10.409465630327944 
60.00000000000001 -65.0 9.53070675217223 
60.00000000000001 -60.00000000000001 8.96291202418187 
60.00000000000001 -55.00000000000001 8.744934981701876 
60.00000000000001 -50.0 8.741783971160917 
60.00000000000001 -45.0 8.775433238453035 
60.00000000000001 -40.0 8.724794210358152 
60.00000000000001 -34.99999999999999 8.513586985862682 
60.00000000000001 -30.000000000000004 8.092457899150968 
60.00000000000001 -25.0 7.457283498402708 
60.00000000000001 -20.0 6.622255299768617 
60.00000000000001 -14.999999999999996 5.564575898705974 
60.00000000000001 -10.000000000000004 4.564584830571452 
60.00000000000001 -5.000000000000002 3.935056914675621 
60.00000000000001 0.0 11.956576942897078 
60.00000000000001 5.000000000000002 29.856539522962155 
60.00000000000001 10.000000000000004 32.70569280417982 
60.00000000000001 15.000000000000007 33.02590039618773 
60.00000000000001 20.000000000000007 33.1236519671895 
60.00000000000001 24.999999999999993 33.349968387422614 
60.00000000000001 29.999999999999993 33.83884959809097 
60.00000000000001 34.99999999999999 34.625616562849316 
60.00000000000001 40.0 35.64874130830822 
60.00000000000001 45.0 36.77791948773689 
60.00000000000001 50.0 37.79275868738121 
60.00000000000001 55.00000000000001 38.51587367693352 
60.00000000000001 60.00000000000001 38.962308653035194 
60.00000000000001 65.00000000000001 39.04322268059205 
60.00000000000001 69.99999999999999 38.31338733616587 
60.00000000000001 75.0 36.82043024212671 
60.00000000000001 80.0 40.47522797455179 
60.00000000000001 85.0 19.723038115523096 
65.00000000000001 -85.0 10.57152700786122 
65.00000000000001 -80.0 19.497891900585877 
65.00000000000001 -75.0 15.353061712621008 
65.00000000000001 -70.0 13.827218757998697 
65.00000000000001 -65.0 12.60936966539016 
65.00000000000001 -60.00000000000001 11.854331087198009 
65.00000000000001 -55.00000000000001 11.601590357588679 
65.00000000000001 -50.0 11.653587033051316 
65.00000000000001 -45.0 11.754406852137109 
65.00000000000001 -40.0 11.725912722218228 
65.00000000000001 -34.99999999999999 11.45423133888474 
65.00000000000001 -30.000000000000004 10.867180345519424 
65.00000000000001 -25.0 9.959537485237789 
65.00000000000001 -20.0 8.751671002736812 
65.00000000000001 -14.999999999999996 7.206583710967458 
65.00000000000001 -10.000000000000004 5.722924869450743 
65.00000000000001 -5.000000000000002 4.703011750133633 
65.00000000000001 0.0 16.120116656284758 
65.00000000000001 5.000000000000002 42.881053656829685 
65.00000000000001 10.000000000000004 47.05602808972673 
65.00000000000001 15.000000000000007 47.51550875378643 
65.00000000000001 20.000000000000007 47.64721398382609 
65.00000000000001 24.999999999999993 47.96409109104033 
65.00000000000001 29.999999999999993 48.66212712297505 
65.00000000000001 34.99999999999999 49.7942306121166 
65.00000000000001 40.0 51.27088504237774 
65.00000000000001 45.0 52.902353047876 
65.00000000000001 50.0 54.36863339957235 
65.00000000000001 55.00000000000001 55.410826733547445 
65.00000000000001 60.00000000000001 56.0462904388508 
65.00000000000001 65.00000000000001 56.14306638880828 
65.00000000000001 69.99999999999999 55.058975522444385 
65.00000000000001 75.0 52.86633571559304 
65.00000000000001 80.0 58.055045444495015 
65.00000000000001 85.0 28.265631745593407 
69.99999999999999 -85.0 14.964213180928706 
69.99999999999999 -80.0 27.46726703622501 
69.99999999999999 -75.0 21.483793436316645 
69.99999999999999 -70.0 19.22506850846453 
69.99999999999999 -65.0 17.471252974521068 
69.99999999999999 -60.00000000000001 16.442960276144056 
69.99999999999999 -55.00000000000001 16.173297874889904 
69.99999999999999 -50.0 16.356465565010872 
69.99999999999999 -45.0 16.60400696461354 
69.99999999999999 -40.0 16.640097330155246 
69.99999999999999 -34.99999999999999 16.286640405281148 
69.99999999999999 -30.000000000000004 15.433073982164183 
69.99999999999999 -25.0 14.072872917735754 
69.99999999999999 -20.0 12.236930083654984 
69.99999999999999 -14.999999999999996 9.862800874839202 
69.99999999999999 -10.000000000000004 7.548144839503245 
69.99999999999999 -5.000000000000002 5.836248920143718 
69.99999999999999 0.0 23.036361867229083 
69.99999999999999 5.000000000000002 65.00317203006671 
69.99999999999999 10.000000000000004 71.40084970704837 
69.99999999999999 15.000000000000007 72.07080810451431 
69.99999999999999 20.000000000000007 72.23968164253922 
69.99999999999999 24.999999999999993 72.69268031301053 
69.99999999999999 29.999999999999993 73.72959605671616 
69.99999999999999 34.99999999999999 75.43223692897354 
69.99999999999999 40.0 77.66258907796146 
69.99999999999999 45.0 80.12931384842345 
69.99999999999999 50.0 82.34325638184218 
69.99999999999999 55.00000000000001 83.90739681949937 
69.99999999999999 60.00000000000001 84.84289802792807 
69.99999999999999 65.00000000000001 84.94552072575452 
69.99999999999999 69.99999999999999 83.24273148287878 
69.99999999999999 75.0 79.85115918889637 
69.99999999999999 80.0 87.59840444210887 
69.99999999999999 85.0 42.61432550875715 
75.0 -85.0 21.292112021924954 
75.0 -80.0 38.91973820083453 
75.0 -75.0 30.266711734307528 
75.0 -70.0 26.941035047223185 
75.0 -65.0 24.424451317211247 
75.0 -60.00000000000001 23.03050115816392 
75.0 -55.00000000000001 22.775875698375735 
75.0 -50.0 23.19098523348822 
75.0 -45.0 23.688856077672277 
75.0 -40.0 23.84698853053612 
75.0 -34.99999999999999 23.39113354293312 
75.0 -30.000000000000004 22.153857695077072 
75.0 -25.0 20.12727911401915 
75.0 -20.0 17.358124554909566 
75.0 -14.999999999999996 13.744840068365031 
75.0 -10.000000000000004 10.181041103097119 
75.0 -5.000000000000002 7.412937377597009 
75.0 0.0 33.28359361241781 
75.0 5.000000000000002 98.09054977355638 
75.0 10.000000000000004 107.77612223515605 
75.0 15.000000000000007 108.73352942485904 
75.0 20.000000000000007 108.93708791503153 
75.0 24.999999999999993 109.57566289122467 
75.0 29.999999999999993 111.10249076609851 
75.0 34.99999999999999 113.64143808270536 
75.0 40.0 116.98102331708695 
75.0 45.0 120.6774334249373 
75.0 50.0 123.98879793594303 
75.0 55.00000000000001 126.31218097749208 
75.0 60.00000000000001 127.67466038322604 
75.0 65.00000000000001 127.7652733578728 
75.0 69.99999999999999 125.12202837460761 
75.0 75.0 119.93004865361365 
75.0 80.0 131.45973128761491 
75.0 85.0 63.911148107137436 
80.0 -85.0 26.426469365405868 
80.0 -80.0 48.15977722012662 
80.0 -75.0 37.29856578621717 
80.0 -70.0 33.07837539383054 
80.0 -65.0 29.947746583833904 
80.0 -60.00000000000001 28.293863286764115 
80.0 -55.00000000000001 28.10848229427915 
80.0 -50.0 28.77627938279636 
80.0 -45.0 29.536700135509232 
80.0 -40.0 29.837934337176787 
80.0 -34.99999999999999 29.321046948307096 
80.0 -30.000000000000004 27.76941603808783 
80.0 -25.0 25.17480016487907 
80.0 -20.0 21.597895730968204 
80.0 -14.999999999999996 16.901258211452852 
80.0 -10.000000000000004 12.234260765963294 
80.0 -5.000000000000002 8.50481936846661 
80.0 0.0 41.944887016216434 
80.0 5.000000000000002 126.95280698338347 
80.0 10.000000000000004 139.47676957298424 
80.0 15.000000000000007 140.65333220610646 
80.0 20.000000000000007 140.8616821120859 
80.0 24.999999999999993 141.64001447822307 
80.0 29.999999999999993 143.57387745134236 
80.0 34.99999999999999 146.82285402292987 
80.0 40.0 151.1101488949111 
80.0 45.0 155.85797678406996 
80.0 50.0 160.10385145513428 
80.0 55.00000000000001 163.06540778654906 
80.0 60.00000000000001 164.77456471970257 
80.0 65.00000000000001 164.8282804135963 
80.0 69.99999999999999 161.34259232646113 
80.0 75.0 154.56545190749006 
80.0 80.0 169.3357374349491 
80.0 85.0 82.29187878371397 
85.0 -85.0 14.789361331235499 
85.0 -80.0 26.904946225981412 
85.0 -75.0 20.78764184986041 
85.0 -70.0 18.397628701099368 
85.0 -65.0 16.646436528077928 
85.0 -60.00000000000001 15.749656296657403 
85.0 -55.00000000000001 15.692731796388346 
85.0 -50.0 16.120237294544932 
85.0 -45.0 16.595703809031743 
85.0 -40.0 16.801229271100027 
85.0 -34.99999999999999 16.52993226927052 
85.0 -30.000000000000004 15.657791040034889 
85.0 -25.0 14.180784964913327 
85.0 -20.0 12.133841694115908 
85.0 -14.999999999999996 9.43636775750767 
85.0 -10.000000000000004 6.745208960328284 
85.0 -5.000000000000002 4.564707076229839 
85.0 0.0 23.733979521742345 
85.0 5.000000000000002 72.79713325145049 
85.0 10.000000000000004 79.96389113716276 
85.0 15.000000000000007 80.61413401841796 
85.0 20.000000000000007 80.71306964760022 
85.0 24.999999999999993 81.14145859355617 
85.0 29.999999999999993 82.23423309586214 
85.0 34.99999999999999 84.0823750027197 
85.0 40.0 86.5261095587503 
85.0 45.0 89.23312549304475 
85.0 50.0 91.65104746263526 
85.0 55.00000000000001 93.33100154836924 
85.0 60.00000000000001 94.29063459204788 
85.0 65.00000000000001 94.29919876157143 
85.0 69.99999999999999 92.27997819984465 
85.0 75.0 88.37790218434097 
85.0 80.0 96.79627836691006 
85.0 85.0 47.03014367363505 
