0.07001858850040282 
0.2250475282082088 
0.36261656664006775 
0.5073689844007975 
0.6646864019394445 
0.8488858905712443 
1.0489340588089513 
1.3105924964886522 
1.608775824776096 
1.9805957108357517 
2.37380840289993 
2.947278212826569 
3.52777540976839 
4.134712293272388 
5.027861069728194 
5.969508942647899 
7.1010694132950425 
8.749182345011986 
10.410869063003615 
12.409513318479261 
13.481617412900206 
13.735839414007769 
13.901725087182601 
14.487855608692916 
14.729307761155017 
14.729348782888785 
15.183523393567539 
15.633877614230892 
15.633877614316303 
15.633877614316303 
15.633877614316303 
15.633877614316303 
15.633877614316303 
15.633877614316303 
15.633877614316303 
15.633877614316303 
15.633877614316303 
15.633877614316303 
15.633877614316303 
15.633877614316303 
15.633877614316303 
15.633877614316303 
15.633877614316303 
15.633877614316303 
15.633877614316303 
15.633877614316303 
15.633877614316303 
15.633877614316303 
15.633877614316303 
15.633877614316303 
