0.08159868954034966 
0.3279706391356996 
0.5478448458507909 
0.7056552305667648 
0.8945559367403291 
1.0901645773333135 
1.3238617686293848 
1.6105249014563614 
1.9687038203608702 
2.341727741052613 
2.8133214507479933 
3.4376563238365354 
4.152395494060561 
5.114484947351794 
6.204316495988484 
7.693296937521976 
9.33127234807827 
12.06624816572474 
14.985887063944373 
20.24099436591562 
25.233375900696714 
28.947020086288592 
31.1656728822403 
33.19015291656613 
36.467030795036194 
37.677393057141614 
40.33325468351954 
42.68093606140263 
44.32525739571998 
44.749301785810815 
48.442913087672174 
49.448619341063655 
49.974620416087355 
50.79394361241687 
51.279049148029245 
51.72460769093695 
52.31959286532565 
52.319592865325774 
52.319592865325774 
52.639365798592344 
54.59859737777373 
54.59860189846287 
54.94514531731653 
55.67640886684203 
57.22256677377542 
57.66908666148554 
57.669451761496425 
59.96611270294321 
60.3186813432276 
62.20187939751417 
