0.08596281067072764 
0.2839233898256878 
0.5075255992651685 
0.7914699083913602 
1.1933217537888288 
1.7611007277615696 
2.6477070356333585 
4.155060255985797 
7.2276658732701895 
14.682731009656134 
15.936747125162874 
16.59695943514437 
17.07760420427787 
17.2827739681731 
17.638485874746856 
17.817827797162764 
17.865444764415617 
17.920696732913072 
17.967316803952546 
18.17416350806125 
18.195514143929042 
18.224465285326705 
18.224465285326705 
18.224465285326705 
18.224465285326705 
18.224465285326705 
18.224465285326705 
18.224465285326705 
18.224465285326705 
18.224465285326705 
18.224465285326705 
18.224465285326705 
18.224465285326705 
18.224465285326705 
18.224465285326705 
18.224465285326705 
18.224465285326705 
18.224465285326705 
18.224465285326705 
18.224465285326705 
18.224465285326705 
18.224465285326705 
18.224465285326705 
18.224465285326705 
18.224465285326705 
18.224465285326705 
18.224465285326705 
18.224465285326705 
18.224465285326705 
18.224465285326705 
