0.07629854232045832 
0.2248781103616283 
0.39203478881966214 
0.5829028796122476 
0.834643329158796 
1.1440559341247876 
1.532632751386518 
2.014089991150488 
2.6516539207324463 
3.435146838106444 
4.4345877394042486 
6.042697828098341 
8.059983380695224 
11.532715223485738 
14.604703133495091 
16.87100611253342 
18.534179377918253 
20.084979105417805 
21.21126032900281 
22.9850961730015 
24.396289104503765 
25.407705209502087 
25.94344651759135 
27.11755577802655 
27.972277391019748 
28.69711883517465 
29.46671612070787 
29.590761990016524 
30.14304127450395 
30.423724640355175 
30.95863504283143 
31.807598976402108 
32.458815223763594 
32.679539204222316 
33.16345156324156 
33.64707560975137 
33.892025917081305 
34.55710574573238 
36.52774159051634 
37.64290811009744 
37.642912355423185 
37.642912355423185 
38.17831638177156 
38.178316381772675 
39.42924151540983 
40.171911410189956 
40.71863432360635 
40.718779778720474 
40.94940284950669 
42.30749378983769 
