0.07958896316243447 
0.2123924513581767 
0.35603083120727863 
0.5527128379857984 
0.8100946363511052 
1.1662827836647813 
1.6782112708708714 
2.431884123895058 
3.5913442983207475 
5.441360605305031 
9.815319671838145 
12.126040224904601 
12.84598230003671 
13.377302563975157 
13.74381683926045 
13.833392563544148 
14.020246494802532 
14.662950791359055 
15.107511813692701 
15.473852483316824 
16.10946058793055 
16.603687427950376 
16.79264270411529 
17.171929467196172 
17.7746422514816 
18.482135362525476 
18.718522992473833 
18.95311093572297 
19.594828620469944 
19.594828620472864 
19.594828620472864 
19.594828620472864 
19.594828620472864 
19.594828620472864 
19.594828620472864 
19.594828620472864 
19.594828620472864 
19.594828620472864 
19.594828620472864 
19.594828620472864 
19.594828620472864 
19.594828620472864 
19.594828620472864 
19.594828620472864 
19.594828620472864 
19.594828620472864 
19.594828620472864 
19.594828620472864 
19.594828620472864 
19.594828620472864 
