0.05641100005109007 
0.1981295901725153 
0.5077605965930773 
0.6975385171423295 
0.7587318584221974 
0.8434212778352115 
0.9675895613983516 
1.1319491510512587 
1.3400417334937158 
1.6297802412238664 
1.9730609996581396 
2.3436459909940965 
2.785273734157957 
3.2026361597414965 
3.821368967218069 
4.641069983267203 
5.449288738171513 
6.31492491186825 
7.170615848973356 
8.108473718357482 
9.48135086594708 
10.355648447914508 
11.435792690349267 
12.773876506515982 
14.09676638932896 
15.618216988822974 
17.377266330230402 
18.786234285284685 
20.288019707493135 
21.84245848974728 
22.73321470092028 
24.57720719393955 
27.44182767480221 
30.218868681348674 
33.35802197641048 
36.962047500961575 
41.11164519538134 
41.3747036313188 
43.53346878309993 
45.68691025637871 
47.38303885717231 
49.0239741289786 
52.71782259004093 
53.46941503205321 
55.56613150092174 
56.027128759735255 
56.59944382666594 
57.220166399688104 
57.22016639968855 
57.22016639968855 
