0.07331231258867388 
0.34109124923962053 
0.7818138794634205 
1.08540982580637 
1.2115387485483324 
1.3657115090087817 
1.5630442297046165 
1.807902960733264 
2.1141339410343267 
2.4847741628269957 
2.9402854421264317 
3.508954097097786 
4.073034628667456 
4.83426034105148 
6.0371685551318395 
7.371421139925911 
8.729236586738708 
10.534354821819496 
12.485305245096 
14.938240408860116 
17.55536864945573 
20.622521685297748 
24.57513432495224 
27.367674899720733 
32.68028804136212 
35.43166466979941 
41.422448676581425 
47.51170958839423 
52.955032081200706 
60.158757837376605 
67.42347223240813 
77.73751735164305 
89.30080040162275 
107.89244816842606 
124.7369637404408 
137.07424023331362 
154.5597591466821 
163.5378167275785 
169.88012659978855 
178.65853793646846 
185.0594506133823 
191.77250478224005 
200.81457128952616 
203.94582312316945 
205.95293833214103 
206.2060781892922 
208.00137953804708 
209.40891805397635 
210.12688943489584 
213.71146563419794 
