0.06823134564816813 
0.18690423134671288 
0.29584916576613385 
0.45800175113592184 
0.7082415718010434 
1.0575923421614501 
1.562733037217264 
2.2406535215647807 
3.3085596346658948 
4.6089358700479 
6.299146206010269 
8.342226141284968 
11.054358876468195 
13.642843880440388 
17.19140519556064 
21.74662005880857 
27.748025990046564 
35.08865562917056 
43.9252106034474 
50.93044093206733 
56.49509690967133 
61.27706637003966 
65.80811635778052 
67.75863043485664 
69.10285708601768 
70.76273808504405 
71.45505449595078 
71.61607617980462 
71.61607617980462 
71.61607617980462 
71.61607617980462 
71.61607617980462 
71.61607618071055 
72.2014876658418 
72.2014876658418 
72.2014876658418 
72.2014876658418 
72.2014876658418 
72.2014876658418 
72.2014876658418 
72.2014876658418 
72.2014876658418 
72.2014876658418 
72.2014876658418 
72.2014876658418 
72.2014876658418 
72.2014876658418 
72.2014876658418 
72.2014876658418 
72.2014876658418 
