0.06607532032349532 
0.2898723933032183 
1.0089751347625262 
2.310301161125017 
4.5231232716765355 
7.584338746243136 
11.300657051150884 
17.103499285586413 
25.144919577634028 
32.308730566833916 
34.59017054102577 
35.269797375367865 
35.54349560264357 
35.7266300036609 
35.85744989823442 
35.948136077547055 
36.087535817801474 
36.19692219247686 
36.249150819250886 
36.35335854581709 
36.395949266087506 
36.452957020449674 
36.4529729511093 
36.561877649217784 
36.56187764991375 
36.61825426506301 
36.61825426506325 
36.61825426506325 
36.61825426506325 
36.61825426506325 
36.61825426506325 
36.61825426506325 
36.61825426506325 
36.61825426506325 
36.61825426506325 
36.61825426506325 
36.61825426506325 
36.61825426506325 
36.61825426506325 
36.61825426506325 
36.61825426506325 
36.61825426506325 
36.61825426506325 
36.61825426506325 
36.61825426506325 
36.61825426506325 
36.61825426506325 
36.61825426506325 
36.61825426506325 
36.61825426506325 
