0.08068955477955929 
0.28933502304920106 
0.5298354495834414 
0.8934667230072293 
1.396646365687826 
1.977790900868931 
2.6981140759032503 
3.603542181076394 
4.851753564328977 
6.590347028529536 
8.88005146473367 
11.694636695690965 
14.977784624676918 
19.005469111290584 
24.348853237196 
31.758029841564515 
44.357531028606076 
56.381429979769386 
65.00849925206525 
73.02043339826469 
79.1892995405449 
84.73574587692747 
90.168512211332 
94.35630126105816 
97.44013874013085 
99.38071945655673 
103.13241889598288 
105.75357517215586 
106.20689899542056 
106.55907102981348 
107.20734636622416 
108.22260366521667 
108.66214307943446 
109.71350922341972 
109.96296049288783 
110.14132389552572 
110.5038222264007 
110.5039667403207 
110.5039667403207 
110.5039667403207 
110.5039667403207 
110.5039667403207 
110.5039667403207 
110.50396674042919 
111.19096255811543 
111.19096255811543 
111.19096255811543 
111.19096255811543 
111.19096255811543 
111.19096255811543 
