0.41842135970669114 
0.17191004963450063 
1.0 
1.0 
0.6563343707801335 
0.0 
1.0 
1.0 
0.0 
1.0 
0.0 
0.0026566240277102306 
0.0035057667863870813 
0.0 
0.0 
1.0 
0.00012590972281909104 
0.06652620246663875 
0.0 
0.0 
0.0 
1.0 
0.0 
1.0 
1.0 
1.0 
0.0 
1.0 
0.0 
0.0 
0.0 
1.0 
0.0 
0.0 
0.0 
0.0 
0.0 
1.0 
1.0 
0.0 
1.0 
0.0 
0.0 
0.0 
0.6356278157781293 
1.0 
0.0 
0.0 
0.0 
0.017132045717128785 
0.0 
1.0 
1.0 
0.0 
0.0 
0.0 
0.0 
1.0 
1.0 
1.0 
0.0 
1.0 
0.003929111058661663 
1.0 
1.0 
1.0 
1.0 
0.24018688630157234 
0.9708835101376738 
0.0 
0.0 
0.0 
0.3996448442782657 
0.0 
1.0 
0.8773507397814198 
1.0 
0.0 
0.0 
1.0 
0.0 
0.0 
1.0 
1.0 
0.0 
1.0 
1.0 
1.0 
0.0 
1.0 
0.0 
0.055121538204448636 
0.07627262279149535 
1.0 
0.020172568892099382 
0.0 
0.0 
1.0 
0.05421896613508998 
0.0 
0.0 
0.02638736928854906 
1.0 
1.0 
0.0 
0.0 
0.9999736867636544 
0.6273563051383734 
0.0 
0.00021322035309171645 
1.0 
0.1278939558805475 
0.0 
0.0 
1.0 
0.0 
0.0 
1.0 
0.0 
0.0 
1.0 
1.0 
0.8993071588755392 
0.0 
0.0 
0.0 
0.0 
0.0 
0.0 
0.0 
0.0 
0.0 
0.9998349035755129 
0.0 
0.0 
0.0 
0.9999946804259678 
0.9998738672595037 
1.0 
1.0 
1.0 
1.0 
0.0 
1.0 
0.0 
0.0073391408361608065 
0.0 
1.0 
0.05639837873243213 
0.0 
1.0 
1.0 
1.0 
0.9999814692476461 
0.9996283848785937 
0.0 
0.0 
0.0 
0.0 
0.0 
0.0 
1.0 
0.0 
0.9965966420765965 
0.0 
1.0 
0.0 
0.0 
0.04531775746492208 
1.0 
1.0 
1.0 
1.0 
0.0 
1.0 
0.0 
1.0 
0.0 
1.0 
0.9990453438521976 
0.0 
1.0 
0.0025626692139071876 
0.0 
0.0 
1.0 
0.0 
0.0 
0.002232022416259762 
0.0 
1.0 
0.0 
0.0 
0.0 
0.0 
0.0 
0.0 
0.0 
0.008185618148456617 
1.0 
0.0 
0.0 
1.0 
1.0 
0.0 
1.0 
1.0 
0.0 
0.0 
0.0 
0.0 
0.0 
1.0 
0.0010425541668115284 
1.0 
1.0 
0.002903657649096351 
1.0 
0.0 
0.9999528481722927 
1.0 
0.0 
0.0 
0.9998107754247288 
1.0 
1.0 
0.0 
0.0010100339088854066 
0.0 
1.0 
0.0 
0.0 
0.005261895132669451 
1.0 
0.027626557205913227 
1.0 
1.0 
1.0 
1.0 
0.0 
0.0 
0.0016490431805479136 
0.0014083074211240403 
0.0 
0.0 
0.0 
1.0 
0.9518424802025812 
1.0 
0.0 
1.0 
1.0 
0.0 
0.004837160594903384 
0.0 
1.0 
0.0 
1.0 
0.02004502338139209 
0.030354675112983828 
1.0 
0.0 
1.0 
0.004507129929903782 
0.0 
0.0 
0.0002483940264001244 
0.9999806300108246 
0.0 
0.9955183022349232 
0.0 
1.0 
0.0001931047884300966 
1.0 
0.99984041690175 
0.0 
1.0 
1.0 
1.0 
1.0 
1.0 
0.0 
0.000728528566929985 
1.0 
0.013077335970544307 
0.0 
0.0 
0.0 
0.0 
0.0 
1.0 
1.0 
0.0 
0.0 
0.0 
0.0 
0.0 
0.0010919630031727835 
0.003947246277254414 
0.0 
0.0 
1.0 
0.0 
0.0 
0.9999341958570773 
0.0 
1.0 
0.9999505988146462 
0.0 
1.0 
0.03662657496263873 
0.0 
1.0 
0.0 
0.0 
0.0 
1.0 
0.0 
0.0 
0.0 
0.0 
0.0 
1.0 
0.0 
1.0 
0.0 
0.0 
0.0 
1.0 
1.0 
0.0 
1.0 
1.0 
0.0 
1.0 
0.003347891233854361 
1.0 
0.001096005187497712 
1.0 
0.0 
0.0 
0.0 
0.0 
0.0 
0.0 
0.0 
0.0 
0.0 
1.0 
0.0 
0.0 
0.00105527544943196 
1.0 
0.0012614334182400727 
0.0 
0.0 
1.0 
0.3491267364121745 
0.0 
0.0 
1.0 
0.0 
1.0 
0.014330757751800666 
0.0015396247689975604 
1.0 
0.0 
0.007721629481290157 
0.0 
0.9999994213504982 
0.0 
0.0 
0.0 
0.0 
0.0 
0.0 
0.0 
1.0 
0.0 
0.0 
0.0 
0.0 
1.0 
0.09111379075736901 
1.0 
1.0 
0.04538399576911649 
0.0013393788632556278 
0.0 
0.0 
1.0 
1.0 
0.006203628439511934 
0.03271228655008922 
1.0 
0.0 
0.0 
1.0 
0.0 
0.0 
0.0 
1.0 
1.0 
0.0 
0.0 
1.0 
0.9578757494299166 
1.0 
0.0 
0.003189601490200647 
1.0 
0.0 
0.0 
0.999861062886664 
0.0 
0.998688750923595 
0.0 
0.0 
0.0028342785493515187 
1.0 
0.0 
0.0 
0.0 
0.0 
0.0006312648891697884 
0.0 
0.0 
1.0 
0.0 
1.0 
1.0 
1.0 
0.0 
1.0 
1.0 
0.0 
0.0 
0.0 
0.0 
0.0 
0.0 
0.0 
0.0 
0.0 
1.0 
1.0 
0.0 
0.0 
0.0 
1.0 
0.0 
0.0 
0.0 
1.0 
1.0 
0.0 
0.0 
1.0 
0.0 
1.0 
0.0 
0.0 
0.13174101924366213 
0.0 
0.0 
0.03419087132550729 
0.0 
0.0 
0.9999999992618902 
0.9999083351579684 
0.0 
0.0 
0.0 
0.6589086662084985 
1.0 
0.0 
0.0025464369231277912 
0.0 
1.0 
0.0 
0.18826593109661371 
0.0 
0.391328884771221 
0.0 
0.0 
0.0 
0.0 
0.0 
0.0 
0.0 
0.0 
1.0 
0.006661358997769534 
1.0 
0.010298253024311633 
0.0 
0.9998666249210231 
0.0 
1.0 
1.0 
0.0 
1.0 
0.0 
0.0 
0.09140495026944609 
0.0 
0.0034527918735317593 
0.00434509204656638 
1.0 
0.0 
0.9999873066576087 
0.0 
0.0 
0.0016407330010667189 
0.0 
1.0 
0.0 
0.0 
1.0 
1.0 
1.0 
0.0 
0.0 
0.0 
0.0 
0.0 
0.0 
1.0 
0.999995554267853 
1.0 
1.0 
2.0321881295165218e-6 
1.0 
1.0 
1.0 
1.0 
1.0 
1.0 
1.0 
0.0 
0.0 
0.0 
0.0 
1.0 
1.0 
0.0 
0.0 
0.0 
0.10454657760167807 
1.0 
0.0 
0.9998076266313944 
1.0 
1.0 
1.0 
0.0 
1.0 
1.0 
1.0 
0.0 
0.02899571906083285 
0.0 
0.0 
0.0 
0.288286010446872 
0.0 
0.0 
0.0 
0.0053979462762339244 
1.0 
0.0 
0.0 
0.0 
0.0 
0.0 
0.0 
0.0 
1.0 
0.0031724847161855034 
1.0 
0.0 
0.0 
0.0 
0.0 
0.9999109552902155 
1.0 
0.9999194646645899 
1.0 
0.0 
0.0 
1.0 
0.0 
0.0 
1.0 
0.12966042099982975 
1.0 
0.0036578379982176233 
0.0 
0.15722257854738475 
0.0 
0.0 
0.0 
0.0 
0.0 
1.0 
1.0 
0.0 
0.5973940799066866 
1.0 
0.0 
0.9998898631848163 
0.6908215715916028 
0.0 
1.0 
0.0 
1.0 
0.0 
0.0 
1.0 
0.8570204388505449 
0.2563462901310356 
1.0 
0.0 
1.0 
1.0 
1.0 
0.0 
0.0 
0.0 
0.7907505723309091 
0.29345676570834933 
1.0 
0.0 
1.0 
0.00413968998772933 
0.0 
0.090083497036226 
0.0 
0.055991736170570475 
0.9693598898556058 
0.0 
0.0 
0.0 
0.0 
0.9999608863656866 
0.2504326921882312 
0.0 
0.20228862633200068 
1.0 
0.061307522533294065 
1.0 
0.0 
0.0 
0.0 
0.0 
0.0 
0.0 
1.0 
0.0 
0.0 
0.0 
0.0 
0.0032065865733991446 
0.9984296190293113 
0.9999999974257044 
0.0018689729726457573 
0.0 
0.0 
0.0 
1.0 
0.0 
0.0010579881126638517 
0.0 
0.0 
1.0 
0.0 
0.0 
0.0 
0.9836998109806084 
1.0 
1.0 
0.0 
0.0 
0.0 
1.0 
0.9998852208054314 
1.0 
0.0 
0.0 
1.0 
1.0 
1.0 
1.0 
0.0037554676878006387 
0.0 
0.9996169060394431 
0.003039818407987467 
0.0 
0.0 
1.0 
0.0 
0.0 
0.0 
0.0022882065782010566 
1.0 
1.0 
1.0 
0.0 
0.0 
0.0 
0.0 
0.0 
0.0 
0.0011984383514774444 
0.0 
0.0 
0.015508610134649065 
0.0 
1.0 
1.0 
1.0 
0.0006785525893102817 
0.0 
0.0 
0.0 
0.0 
0.0 
0.0 
0.0 
0.0 
0.0017133676844346749 
1.0 
0.0 
1.0 
0.0 
0.0 
0.0 
0.07430737168402285 
1.0 
0.0 
1.0 
0.0 
0.07092828577058143 
0.8737164078854407 
0.0 
0.99998231342063 
1.0 
0.0024503865757755897 
0.0 
1.0 
0.007379950675862026 
0.0 
0.0 
0.0 
1.0 
1.0 
0.0022970448875415175 
1.0 
0.0013596972185598185 
0.0 
1.0 
0.0017785552992521075 
0.0 
0.9998839905904678 
0.0 
1.0 
0.0 
1.0 
0.012199654443565975 
1.0 
0.0 
1.0 
1.0 
0.0 
1.0 
0.0 
0.0 
0.0 
0.0 
0.0 
0.0 
0.0 
0.0 
1.0 
1.0 
0.0 
0.0 
1.0 
1.0 
0.0 
0.0 
0.0 
1.0 
1.0 
0.0 
0.0 
1.0 
0.0 
0.001565645310102389 
0.0 
0.0 
0.0 
1.0 
0.0 
0.0 
0.0 
0.0 
0.0 
0.8719266851090168 
0.0007094852718433902 
0.7491542030333427 
0.0 
0.0 
0.0 
0.0 
0.0 
0.0 
0.0016351824372959473 
0.11393546103419841 
0.0 
0.0 
0.0 
0.01079543672539546 
0.0 
1.0 
0.1522955492890041 
0.0 
0.0 
0.0 
1.0 
0.1123645695366141 
0.0 
1.0 
0.0 
0.0 
0.0 
1.0 
1.0 
0.0 
0.0 
0.0 
0.0 
0.0 
0.0 
0.0 
1.0 
0.0 
0.0 
0.0 
1.0 
0.9999356203729787 
0.9995740567106481 
0.0 
0.0 
1.0 
1.0 
0.0 
0.0 
1.0 
0.004873969445149634 
0.0 
0.0 
0.0 
1.0 
0.0 
0.0 
1.0 
1.0 
0.0 
1.0 
0.0 
1.0 
1.0 
0.41332997211059935 
0.0 
0.0 
1.0 
0.0 
0.0 
0.0 
1.0 
0.0 
0.0 
0.0 
0.999999990031171 
1.0 
1.0 
0.008142203524840604 
1.0 
0.0 
0.0 
0.0 
1.0 
0.0 
0.0 
0.0 
1.0 
0.0 
0.0 
0.0 
0.0003589083523580131 
0.0 
0.08501277543949162 
0.0 
1.0 
1.0 
0.9999657384246712 
1.0 
0.0 
1.0 
0.0 
0.0 
1.0 
0.007460896711993032 
0.9999994820893895 
0.0 
0.0 
0.9999658598925479 
0.0 
0.0 
0.0 
0.0 
0.0008438676332152565 
0.9915109582939153 
0.0 
0.0 
0.0 
1.0 
0.0 
0.7055610717576782 
0.040364256747234414 
0.007403801447439211 
0.0 
1.0 
0.0 
0.0 
0.0 
0.0 
0.9999904857931351 
1.0 
0.0 
0.0005257103100342384 
1.0 
1.0 
0.0 
0.0 
0.0 
0.0 
0.0 
0.0 
0.9995174510266428 
0.0 
0.0 
0.0 
0.0 
0.0 
0.0 
0.999961405897436 
0.006336801986128075 
0.999996266116803 
0.0 
0.0 
1.0 
0.3388063336135267 
0.0 
0.0 
0.0 
1.0 
0.9999998560826185 
0.9999998619192936 
0.0 
0.0 
0.0 
1.0 
0.0 
0.1860675921143413 
0.0001520342083689138 
0.0 
0.0 
0.0 
0.0 
0.0 
0.0 
0.0 
1.0 
0.0 
0.0 
0.0 
0.0 
0.0 
0.0 
0.0 
1.0 
0.8819603754445683 
0.8743569672400981 
0.0 
1.0 
0.0 
0.0 
1.0 
0.0 
0.0 
1.0 
0.0 
1.0 
0.0 
0.0 
0.0 
0.0 
0.0 
0.0 
0.0 
0.0 
0.0 
0.0 
0.0 
0.0 
0.0 
0.9994954395316882 
0.0 
0.0 
0.0 
0.0 
0.0 
0.0 
0.7951347482517693 
0.0 
0.0 
0.0 
0.0 
0.0 
0.0 
0.0 
0.0 
0.0 
1.0 
0.9999655768576245 
0.0 
0.0 
0.0 
1.0 
1.0 
0.0 
1.0 
1.0 
0.0 
0.0 
0.0 
1.0 
0.0 
0.0 
0.0 
0.08363361101430636 
0.0 
0.0 
0.0 
0.0 
0.0 
0.0 
1.0 
0.0 
0.0 
1.0 
0.0 
0.0 
1.0 
1.0 
0.0 
1.0 
0.0 
0.0 
1.0 
1.0 
0.0 
0.0 
1.0 
1.0 
1.0 
0.0 
0.0 
1.0 
0.0 
0.0 
0.0 
0.0 
0.999994914147839 
0.0 
0.0 
1.0 
1.0 
0.0 
1.0 
1.0 
0.0 
0.0 
0.0 
0.999963776640859 
1.0 
0.0 
0.043522521335875905 
0.0 
1.0 
0.0 
1.0 
1.0 
0.0 
1.0 
0.9999999989026961 
0.0 
0.0 
0.0 
0.0 
0.0 
0.3337454980441803 
1.0 
1.0 
1.0 
1.0 
0.0 
0.283941134183133 
0.9999851252428708 
0.0 
0.0 
0.0 
0.0 
0.0 
0.05279089773845782 
0.005210867503202332 
0.0 
0.0 
0.9999998662168393 
0.0 
1.0 
0.730398208432707 
1.0 
0.9999944078516387 
1.0 
1.0 
0.0 
0.0 
0.9999890914410987 
0.0 
0.0 
1.0 
0.9560538076053748 
0.0 
0.0 
0.0 
0.0 
0.0 
0.0 
0.0 
0.0 
0.0 
0.0 
0.9999999568119898 
0.0 
1.0 
1.0 
0.0 
0.007655830460194927 
0.6183509162474061 
0.0 
0.0 
0.9999922138970102 
0.0 
1.0 
0.0 
0.0 
1.0 
1.0 
0.0 
0.0 
0.0 
0.0 
0.0 
1.0 
0.0 
0.0 
1.0 
0.0 
0.0 
0.0 
0.0 
1.0 
1.0 
0.0 
0.9999998886754861 
0.0 
0.0009448351502130989 
1.0 
0.0 
1.0 
1.0 
0.0 
1.0 
0.9999913713716974 
0.9999935786049267 
0.0 
1.0 
0.0 
0.0 
1.0 
0.0 
0.0 
0.0 
1.0 
0.0015290224093439727 
0.005143314960953342 
0.0 
1.0 
0.0 
0.0 
1.0 
0.004128303793180997 
1.0 
0.0 
0.9999999655015289 
0.0 
0.0 
0.0 
0.9877430580834707 
0.0 
0.0 
0.9999917642837968 
0.009222059760910771 
0.0 
0.0 
0.0 
1.0 
0.0 
1.0 
0.3304789560714027 
0.0 
1.0 
0.0 
0.0 
0.0 
0.0 
0.0011579929628427878 
0.0 
0.0 
0.0 
0.0 
0.0 
0.0 
0.0 
0.0 
1.0 
1.0 
0.0 
0.0 
0.9999999988523544 
0.0 
0.0 
1.0 
0.0 
0.0 
0.0 
0.5278212481753429 
0.0 
0.0 
0.0 
0.0 
0.005473048576275616 
0.0 
1.0 
0.9999999079529067 
1.0 
0.0 
0.0 
0.0 
0.0 
1.0 
0.0 
0.0 
0.0 
0.0 
0.0 
0.0 
0.0 
0.0 
0.9999999957875829 
0.0 
0.0 
0.0 
1.0 
0.0 
0.0 
0.0 
0.0 
0.0 
0.0 
1.0 
0.003404749619454112 
0.02411737729971489 
1.0 
0.0 
0.0 
0.0 
0.0 
1.0 
0.9999998141243911 
0.0 
0.1788320874138783 
0.0 
1.0 
0.0 
0.0 
0.0 
0.0 
1.0 
0.0 
0.0 
0.0005572687860042966 
0.004685731295669645 
0.0 
0.0 
0.0 
1.0 
0.0 
0.0 
0.0 
1.0 
0.0 
1.0 
0.0 
1.0 
0.0 
0.0 
0.0 
0.0 
0.0 
0.0 
0.0 
0.0 
0.017426110008955303 
1.0 
0.0 
0.0 
0.9999998833164239 
0.0 
0.0 
0.0 
0.0 
1.0 
0.0 
0.005397501554076546 
0.9997008417144204 
1.0 
1.0 
0.0 
0.0 
0.43275499589318855 
0.0 
0.0 
0.0 
0.0 
1.0 
0.0 
1.0 
0.267400387315523 
0.0 
0.966492530095956 
0.0 
1.0 
1.0 
0.0 
1.0 
0.0 
0.0 
0.0 
0.0 
0.8493349795600527 
0.0 
0.0 
0.0 
1.0 
0.0 
0.0 
0.0 
1.0 
0.0 
0.0 
1.0 
0.0 
0.0 
0.0 
1.0 
0.0 
0.0 
0.0 
0.0 
0.0 
1.0 
1.0 
0.0 
0.0 
0.0 
0.0 
0.0 
0.0 
0.0 
0.0 
0.9999999345130297 
0.0 
1.0 
1.0 
0.0 
0.0 
0.0 
0.0 
1.0 
0.0 
0.0 
0.007118500401824364 
0.0 
1.0 
0.999972001599156 
1.0 
0.0 
0.9999777936688014 
1.0 
0.0 
0.0 
1.0 
0.0 
1.0 
0.0 
1.0 
0.0007747927467865545 
0.0 
0.9429373464785176 
1.0 
0.0 
0.9106134661071176 
0.0007540964390994599 
0.9998271393015783 
0.0 
0.0 
0.0 
1.0 
0.0 
1.0 
0.0 
1.0 
1.0 
0.0 
0.0 
0.0 
1.0 
1.0 
0.0 
0.0 
0.0 
1.0 
0.0 
1.0 
0.0 
0.008038560519671941 
0.0 
0.0 
1.0 
0.0 
0.005887926660906905 
0.0 
1.0 
0.0 
0.0 
0.0 
1.0 
0.0 
0.0 
0.9507037343594591 
1.0 
0.0 
0.0 
0.9990875041101207 
1.0 
0.0 
1.0 
1.0 
0.0 
0.06565352347715975 
1.0 
0.0 
1.0 
0.0 
0.0 
1.0 
0.0 
0.0 
0.013840787378320717 
0.0 
0.0 
0.9999854942329911 
1.0 
0.0 
0.0 
0.0 
1.0 
0.0 
0.6894571633210689 
0.0 
1.0 
0.0 
1.0 
0.9999999931182483 
1.0 
0.0 
0.0 
1.0 
0.0 
0.0 
1.0 
1.0 
0.021635688566752246 
0.0 
0.2950345009647038 
0.0 
0.0 
0.02711482636382237 
0.0 
0.0 
0.0 
0.0 
1.0 
0.0 
0.0 
1.0 
1.0 
0.0 
0.0 
0.0 
0.0 
0.15972217311259096 
1.0 
0.0 
1.0 
0.0 
0.0 
1.0 
0.9730603011693912 
0.0 
0.0 
0.0 
1.0 
0.0 
1.0 
0.0 
0.0 
0.999684120817507 
0.0 
0.0 
0.9999039107437369 
0.9996371194439855 
0.0 
0.0 
0.9665834125046157 
0.0 
0.0 
0.8030999491561271 
0.0 
0.0 
0.0 
0.0 
0.04737355107197213 
0.0 
0.0 
1.0 
1.0 
0.0 
0.0 
0.00010178886630631125 
0.0 
1.0 
0.7751800539351807 
1.0 
1.0 
1.0 
1.0 
1.0 
0.0 
1.0 
0.00048748622958905564 
1.0 
0.0 
0.0 
0.9999999640247396 
1.0 
1.0 
0.0 
0.0 
0.0 
1.0 
0.0 
0.0 
0.012509678798638513 
0.0 
0.0 
0.0 
1.0 
0.0 
0.5523763931430982 
0.0 
0.06240306438563283 
0.0 
0.015031158816067829 
0.9999884112606097 
0.0013386552187570156 
0.0 
0.0 
0.0 
0.0 
0.0 
1.0 
0.0 
0.0 
0.0 
1.0 
0.0 
0.0 
0.0 
0.9999943689194144 
0.0 
0.0 
0.0 
0.0 
0.0 
0.0 
0.0 
1.0 
0.0 
0.0 
0.0 
0.0 
1.0 
0.0 
0.0 
1.0 
0.0 
0.0 
1.0 
0.0 
1.0 
0.0 
0.0 
0.0 
0.0 
0.0 
0.0 
1.0 
0.0 
1.0 
0.0 
0.999993798313381 
0.0 
0.0 
0.999999170340986 
1.0 
0.0006280339503091172 
0.0 
1.0 
0.0 
0.0 
0.0 
0.0 
0.0 
0.0 
1.0 
0.0 
1.0 
0.9533193074180252 
0.0 
0.0 
0.00031131889219364046 
1.0 
0.0 
1.0 
0.0 
0.0 
0.0 
0.0 
0.0 
0.0 
0.006132272269386726 
1.0 
0.0 
0.0 
1.0 
0.0 
1.0 
0.0 
0.0 
0.0 
1.0 
0.0 
1.0 
0.9999949135069267 
1.0 
0.0 
0.0 
0.0 
0.0 
0.0 
0.0 
0.0 
0.0 
0.0008156668128007462 
0.0 
1.0 
1.0 
0.0 
0.0 
0.0 
0.0 
0.9300252311480731 
0.0 
0.0 
1.0 
0.0 
1.0 
0.006740319977714849 
0.0 
0.012188442515348485 
0.0 
1.0 
0.0 
1.0 
0.0 
0.0 
1.0 
1.0 
0.0 
0.0 
0.0 
1.0 
0.0 
0.0 
0.00490950191328243 
0.9998335445133079 
1.0 
0.00795030694960784 
0.9999993039503635 
0.0 
1.0 
0.0010509364165082694 
0.0 
0.0 
0.0 
0.0 
0.0 
0.0 
1.0 
0.999999615575809 
0.0 
0.0 
0.019454025451937987 
0.0 
0.0 
1.0 
0.4213177624610268 
1.0 
0.0 
0.0 
1.0 
0.0 
0.002114453812194924 
0.0 
1.0 
0.0 
0.0 
1.0 
0.0 
0.0 
0.06867176415448815 
0.0 
2.238565610983911e-5 
1.0 
0.0 
0.0 
0.0 
0.0 
0.0 
1.0 
0.0 
0.0 
0.999985954358049 
0.0 
0.006841186343022805 
0.9979620152809886 
0.0 
0.0 
0.0 
1.0 
0.0 
0.0 
0.0 
0.0 
0.0 
0.005694867619991709 
0.0 
0.0 
0.0 
0.02103575119241562 
0.9686733419862988 
0.004889070716570604 
0.0 
0.0 
0.9999998237436454 
0.0 
1.0 
0.0 
1.0 
0.9999136460103615 
0.0 
0.0 
0.0 
1.0 
1.0 
1.0 
0.0 
0.0 
1.0 
0.0 
0.0 
0.0 
0.000707723041342866 
0.0 
0.0 
0.003325781300307175 
0.0 
0.0 
0.0 
0.0 
0.0 
0.0 
0.09053292606998316 
0.0 
0.0 
0.0 
0.9940202965861011 
0.0 
0.0 
1.0 
1.0 
0.0 
0.0 
0.0 
1.0 
0.0 
0.0 
0.34262268716062105 
1.0 
0.0 
1.0 
0.0026901846944107025 
0.0 
5.398582463705637e-5 
0.0 
0.0 
0.0030972816387834657 
0.0 
0.0 
0.9999443522657417 
1.0 
0.0 
0.0 
0.0 
1.0 
0.0 
1.0 
0.8525261462063044 
1.0 
0.0 
1.0 
0.0 
0.0 
0.999821335531407 
0.0 
1.0 
0.0 
1.0 
0.0 
1.0 
0.0 
1.0 
0.0 
0.0 
0.0 
0.9997705017319476 
0.0 
0.0 
0.0 
0.0 
0.0 
1.0 
0.0 
1.0 
1.0 
0.10119355802041445 
0.0 
1.0 
1.0 
0.0 
0.0 
0.0 
1.0 
1.0 
0.0 
1.0 
0.0 
0.0 
0.0 
0.0 
0.003801490641044374 
0.0 
0.0 
0.0 
0.0 
1.0 
0.9998696990427453 
0.0 
0.0 
0.012533285593198584 
1.0 
0.9999948882188839 
0.0 
0.0025910239060909185 
1.0 
0.0 
1.0 
0.0 
0.001613228844046038 
1.0 
1.0 
1.0 
0.0 
1.0 
0.0 
1.0 
1.0 
0.0029975016423469366 
0.0 
0.0 
0.0 
0.0 
0.0 
0.0 
0.0 
1.0 
0.0 
0.0 
0.0 
0.0 
0.1851498083607021 
1.0 
1.0 
1.0 
0.0 
0.0 
0.0 
0.0 
0.0 
0.9999999764937799 
0.0 
0.0 
0.0 
1.0 
0.0 
0.0 
1.0 
0.0 
0.0 
0.9999945934842558 
1.0 
0.0 
1.0 
0.0 
1.0 
0.0 
0.0 
1.0 
1.0 
0.0 
0.0 
1.0 
1.0 
0.0 
0.0 
0.9999999148362771 
1.0 
1.0 
0.0 
0.005339239900880881 
0.0 
0.0 
0.0 
1.0 
1.0 
0.0 
0.0 
1.0 
1.0 
0.0 
1.0 
0.0 
0.0 
0.9999940158974089 
0.0 
0.0 
1.0 
0.0 
0.0 
0.0 
0.0 
0.0 
0.0 
1.0 
0.7330423286649859 
1.0 
0.0 
0.0 
1.0 
0.0 
0.0026985426818864756 
1.0 
0.0 
0.0 
1.0 
1.0 
0.0 
0.0 
0.0 
0.0 
1.0 
0.00039954922681622245 
0.6308252881633475 
0.0 
1.0 
0.003945531913772839 
0.0 
0.0 
0.0 
0.9976978702418826 
1.0 
1.0 
0.0 
0.0 
0.0 
0.0 
1.0 
1.0 
0.0 
1.0 
1.0 
0.009016046773728142 
0.999996027756668 
0.0 
0.0 
0.0 
1.0 
1.0 
1.0 
1.0 
0.0 
0.0 
0.0 
0.0 
0.0 
0.0 
0.0 
0.0 
0.0 
0.6002085876506364 
0.0 
0.0 
0.5264676053730887 
1.0 
0.0 
0.0 
0.0 
1.0 
0.0035352185709041258 
0.0 
1.0 
1.0 
0.0 
0.0 
1.0 
1.0 
1.0 
0.0 
0.0 
0.0 
0.0 
0.0 
0.9999839074311018 
0.0 
1.0 
0.0 
0.0 
0.0 
0.0 
0.004966933201352053 
1.0 
1.0 
1.0 
0.0 
0.0 
0.0 
1.0 
0.0 
1.0 
0.0 
0.0 
0.0 
1.0 
0.026951660035500133 
0.0 
0.0 
1.0 
0.330820677782904 
0.0 
0.0 
0.0 
0.9999399227915748 
0.0012500770536072142 
0.0 
1.0 
0.0 
0.0 
0.0 
0.0 
0.0 
0.0 
0.0 
1.0 
0.9999988896567371 
1.0 
0.0 
0.0 
1.0 
0.0 
0.0 
0.0 
0.0 
0.0 
0.0 
0.009923343992613813 
0.0 
1.0 
0.0 
0.0 
0.0 
1.0 
1.0 
0.0 
0.0 
1.0 
0.9999996182356643 
0.33065783807569016 
0.0 
1.0 
0.003747191031655415 
0.0 
0.0 
0.4465471429163717 
1.0 
0.0 
0.0 
1.0 
1.0 
0.0 
0.0 
0.0 
1.0 
0.0 
0.0 
0.0 
0.0 
0.0 
1.0 
0.001753711644712388 
1.0 
0.9956150407030059 
1.0 
1.0 
1.0 
0.07792087630238584 
1.0 
1.0 
0.0 
0.37742880863195827 
0.0 
0.029131480105528653 
0.0039465719174334 
0.0 
1.0 
1.0 
1.0 
1.0 
0.0 
0.0 
1.0 
0.0 
0.9059142071423564 
0.0 
0.07386129243956499 
1.0 
0.627430437332719 
1.0 
0.9999802816508617 
0.7291996687457685 
1.0 
0.002984806044309081 
0.0 
0.0 
0.019875468102922896 
0.0 
1.0 
1.0 
1.0 
0.4920584732950837 
0.0 
0.0 
0.014308003151159931 
0.0 
0.0007235548077302388 
0.0 
0.0 
1.0 
0.0026610767819899434 
0.0 
0.0 
1.0 
0.19644710901616905 
1.0 
1.0 
0.0 
1.0 
1.0 
1.0 
0.0 
0.0 
0.0 
0.0015181819827381432 
0.0 
1.0 
0.0 
1.0 
0.0 
0.982578206540559 
0.0024624381975104415 
1.0 
0.0 
0.0 
0.999984609867384 
0.0 
0.04912659453324537 
0.0 
0.0 
1.0 
0.0 
0.0 
1.0 
1.0 
0.041312371355482005 
0.9998443147243915 
0.0 
0.0 
0.9973267750114213 
1.0 
0.0 
1.0 
1.0 
1.0 
0.0 
0.0 
0.0 
0.0 
0.0 
1.0 
0.0 
0.0 
0.08993894063936951 
0.016786991592365193 
0.0 
1.0 
1.0 
0.0 
0.0 
0.9999928799274194 
0.0 
0.9559616229793555 
0.0 
1.0 
0.0904114416782643 
0.0 
0.0 
0.9999806620345243 
1.0 
0.0 
0.9996947271189128 
0.00447134506371883 
0.0 
0.0 
0.0 
0.0 
0.0 
0.0 
1.0 
1.0 
1.0 
0.0 
0.0 
0.9997046218270009 
1.0 
0.0017069079343247297 
0.0 
1.0 
0.0 
1.0 
1.0 
0.0 
1.0 
0.0 
1.0 
0.0 
1.0 
0.9995952381512359 
0.0 
1.0 
0.0 
0.8304590778597474 
0.0 
1.0 
0.0 
0.18858341296016137 
0.0 
0.0 
0.0 
0.0 
0.0 
1.0 
0.0 
0.0 
1.0 
0.0 
0.9999999966764255 
0.09783481013418464 
0.0 
0.0 
0.0 
0.9998459968202389 
0.0 
0.0 
1.0 
0.0 
1.0 
0.0 
1.0 
0.0 
0.0 
0.0 
0.0 
1.0 
1.0 
1.0 
0.0 
1.0 
0.0 
0.0 
0.0 
1.0 
0.0 
1.0 
0.0 
0.0 
0.0 
1.0 
1.0 
0.0 
0.0 
0.012283244153491872 
0.021774963710111582 
0.0 
0.0 
0.999999999233568 
0.0 
0.0 
0.0 
1.0 
1.0 
0.0 
1.0 
0.0 
0.0 
0.9822715415719643 
0.0 
0.0 
0.0 
0.0 
1.0 
0.0 
0.0 
1.0 
0.0 
0.0 
0.0 
1.0 
0.0 
0.0 
0.0 
0.0 
0.0 
1.0 
0.12296996707996158 
0.9999309821218663 
0.0 
0.0 
1.0 
1.0 
0.13179836782065038 
0.0 
0.0 
0.0 
0.0 
1.0 
1.0 
0.0 
1.0 
0.0 
0.0 
1.0 
0.19150848183200242 
0.0 
0.0 
0.9266305077302037 
0.0 
0.0 
0.0 
0.0 
1.0 
0.0 
1.0 
1.0 
0.0 
1.0 
0.001950642003002226 
0.0 
1.0 
0.0032560487715804485 
1.0 
1.0 
0.0 
0.0 
0.0 
0.0 
1.0 
0.6502153869202746 
1.0 
0.0 
0.0039032146509581033 
1.0 
0.0 
1.0 
1.0 
0.002153064814162099 
0.0 
0.0 
1.0 
1.0 
1.0 
1.0 
0.0 
0.14876109866308754 
0.0 
1.0 
0.0 
1.0 
1.0 
1.0 
1.0 
1.0 
0.0 
0.0 
1.0 
1.0 
0.05145168595196418 
0.0 
0.0 
0.001527493894818751 
0.0 
0.0 
0.0 
1.0 
0.0 
0.0 
0.0 
1.0 
0.0 
0.0 
0.0 
0.14786942113632054 
0.0 
0.0 
0.0 
0.0 
1.0 
1.0 
0.0 
0.0 
0.0 
1.0 
0.0011801452029062045 
0.010067626624229631 
1.0 
1.0 
1.0 
1.0 
0.0 
0.003563407384472487 
1.0 
0.0 
1.0 
0.0 
0.0 
0.0 
1.0 
0.0 
1.0 
1.0 
1.0 
1.0 
0.00040336624887508195 
0.0 
0.0 
0.0 
0.39188788986305756 
0.9471123172048052 
0.0 
0.0 
0.0 
1.0 
0.0 
0.0 
1.0 
1.0 
0.999999963359257 
0.0 
0.0 
1.0 
1.0 
0.0 
0.0 
1.0 
1.0 
0.9999999998478158 
0.0 
0.0 
1.0 
0.0 
1.0 
1.0 
1.0 
1.0 
1.0 
0.0 
1.0 
0.0 
0.0 
0.0 
1.0 
0.0 
0.0 
0.0 
0.003066142856996007 
0.0027128613876434312 
1.0 
0.0 
0.0 
0.0 
0.0 
0.0 
1.0 
0.0 
0.0 
0.0 
0.0 
0.0 
1.0 
1.0 
0.0 
0.0 
1.0 
1.0 
0.0 
1.0 
0.0 
0.7867488622797169 
0.0 
1.0 
0.0 
0.0 
0.0 
0.0 
0.0 
1.0 
0.0 
0.0 
0.05009464511867651 
1.0 
0.0 
0.0 
0.0 
0.0 
1.0 
0.0 
0.0 
0.9999999584234033 
0.0 
0.0 
0.0 
1.0 
0.0 
0.0 
0.0 
1.0 
0.0 
0.0 
0.0 
0.0 
0.0 
0.0 
0.0 
1.0 
1.0 
0.0 
1.0 
0.7852848861898845 
1.0 
0.0 
0.0 
1.0 
0.0 
1.0 
0.0 
1.0 
0.999999723218633 
0.0 
0.0 
1.0 
1.0 
0.0 
0.0 
1.0 
1.0 
0.9999990108649661 
0.9818266269114129 
1.0 
0.0 
0.0 
0.9999992568011409 
0.0 
0.999994267972659 
0.0 
0.0 
0.0 
1.0 
0.0 
0.0 
0.0 
0.0 
1.0 
0.0 
0.0 
1.0 
0.0 
0.9999929926176379 
0.0 
0.2157785976960656 
0.0 
0.0 
0.0 
0.006493809152851474 
0.0 
1.0 
0.0 
0.0 
0.0 
0.9969364776070901 
0.7742668336697884 
0.0 
0.0 
0.0 
1.0 
0.004424508584511267 
1.0 
0.9999207354552976 
0.0 
1.0 
0.0 
0.0 
0.0 
1.0 
0.0 
1.0 
0.0 
1.0 
0.0019349972995071358 
1.0 
1.0 
0.0 
0.0 
0.7026365491580181 
1.0 
1.0 
0.0 
0.0 
0.0 
0.0 
0.003670649860902797 
0.0 
0.0 
0.0 
1.0 
0.0 
1.0 
1.0 
0.0 
1.0 
0.9997240373324412 
1.0 
0.0 
0.0 
0.9999999957442834 
0.0 
0.0 
0.0 
0.0 
1.0 
1.0 
0.9999961843336926 
0.0 
0.0 
0.0 
0.0 
0.0 
0.0 
2.374708541477617e-7 
1.0 
0.04643431012730975 
0.0 
1.0 
1.0 
0.0 
0.0 
0.9999535801512003 
1.0 
1.0 
1.0 
0.0 
1.0 
0.0 
1.0 
0.0 
1.0 
1.0 
1.0 
0.9999623805453027 
0.0 
0.0 
0.0 
0.0 
1.0 
1.0 
0.0 
0.0 
1.0 
1.0 
0.0 
0.009537459648272018 
0.27397149047279373 
0.0 
0.0023771550215277233 
0.0 
0.0 
1.0 
1.0 
0.0 
0.0 
0.0 
0.0 
1.0 
0.0 
0.0 
1.0 
0.00374222315515136 
1.0 
1.0 
0.0 
1.0 
1.0 
1.0 
0.0 
0.005534180770780441 
1.0 
1.0 
1.0 
0.0 
0.0 
0.0 
0.0 
1.0 
1.0 
1.0 
1.0 
1.0 
0.0 
0.0 
1.0 
0.0 
0.0 
0.0 
1.0 
7.380385170721967e-5 
0.0 
1.0 
1.0 
1.0 
0.6111969670141459 
0.004817577862229585 
0.0 
0.9999672832153687 
1.0 
0.0 
0.0 
0.0 
1.0 
0.0 
0.8503784154607 
0.9992852627980859 
0.0 
0.019654161398025276 
1.0 
0.0 
1.0 
0.999656159986039 
0.0 
0.0 
1.0 
0.0 
0.0 
0.0 
0.0012698738510393834 
1.0 
1.0 
0.0 
0.0 
1.0 
1.0 
0.0 
0.9986610193698345 
1.0 
0.0 
0.0 
0.0 
0.0 
0.0 
1.0 
1.0 
0.0 
1.0 
0.9971515116905614 
1.0 
0.0 
0.0 
0.0 
1.0 
1.0 
1.0 
0.018817116919868024 
0.0 
1.0 
0.0 
0.0 
1.0 
1.0 
0.0 
0.0 
1.0 
0.0 
0.0 
0.0 
0.0 
0.0 
1.0 
0.0 
0.0026078822436018194 
0.0 
0.0 
1.0 
0.0 
0.06577797451076578 
0.0 
0.9996851786350032 
1.0 
0.0 
0.0 
0.9999880724209582 
0.0 
0.0 
0.0 
0.0 
1.0 
1.0 
0.0 
0.003917197623509514 
0.0 
1.0 
1.0 
1.0 
1.0 
0.0 
0.0 
0.0 
1.0 
0.001752688934910732 
0.0 
0.0017868899499407177 
0.9999329495641028 
0.9964145911300266 
0.0 
1.0 
0.0 
0.0 
1.0 
0.060583707198421384 
0.0 
1.0 
0.0 
0.0 
1.0 
0.0 
0.0 
1.0 
0.0 
0.0 
1.0 
0.0013527816484728671 
1.0 
1.0 
0.0 
0.0 
0.0 
0.0 
0.0 
0.0 
0.0 
0.0 
0.24887020288690567 
1.0 
0.0 
0.01729270728332447 
0.8509827234339308 
0.0 
0.016949011052176926 
0.0 
0.0 
1.0 
0.0 
0.0 
1.0 
0.0 
0.0 
0.0 
1.0 
1.0 
0.0 
1.0 
0.0 
0.0 
0.0 
0.0 
1.0 
0.0 
0.0 
0.0 
0.0 
0.0 
1.0 
0.0 
0.2652081105166876 
1.0 
0.0 
0.0 
0.0 
0.0 
1.0 
0.6164398309130025 
1.0 
0.0 
0.0 
0.0 
0.0 
0.0 
0.0 
1.0 
0.0 
0.0 
0.0 
0.0 
1.0 
0.008389852259325356 
0.0 
0.0 
1.0 
1.0 
0.9999956532532525 
0.8668982692282172 
0.0 
0.0 
0.0 
0.0 
1.0 
0.0 
0.0 
0.0 
1.0 
1.0 
0.37288848230269067 
1.0 
0.0 
0.0 
0.0 
1.0 
0.0 
1.0 
1.0 
0.0 
0.0 
1.0 
1.0 
0.002940990997954173 
0.0 
0.0 
1.0 
0.0 
0.0 
0.0 
0.0 
0.0 
0.0 
1.0 
1.0 
0.48054597371660507 
0.0 
0.0 
0.0 
0.0 
0.0 
0.0 
1.0 
1.0 
0.029463308716152627 
1.0 
0.9999967308170054 
0.0 
0.0 
0.0 
0.0 
0.0 
0.0 
0.0025900505964610533 
1.0 
0.0 
0.0 
0.9999999821113255 
0.0 
0.0 
0.0 
0.0 
1.0 
1.0 
1.0 
0.0 
0.0 
0.003160527282146675 
1.0 
0.0 
1.0 
0.0 
0.0 
0.0 
1.0 
0.9999917689965865 
1.0 
0.0 
1.0 
0.0 
0.0 
1.0 
0.02203218441257429 
0.0 
0.0 
0.004368046578288076 
0.006021515482168751 
0.0 
1.0 
0.0 
0.04855667235893015 
1.0 
1.6512650962436916e-5 
0.0 
0.0 
0.0 
0.0 
0.0 
0.008207724202660407 
1.0 
1.0 
0.0 
0.9999996994852175 
0.5017086848813559 
0.9929714033883134 
0.0 
0.0 
0.0 
1.0 
0.0 
1.0 
0.0 
0.0 
0.0013740221668212926 
0.0 
0.0 
0.0 
0.0 
0.9999951804239009 
0.4618305566930846 
0.0 
0.0 
0.7557375738818866 
0.9999999992581143 
1.0 
0.07142843714060215 
0.0 
0.0 
0.0 
1.0 
0.0 
0.0 
0.054259886603220335 
0.0 
0.0 
1.0 
1.0 
0.0 
0.0 
0.0 
1.0 
1.0 
1.0 
1.0 
1.0 
0.0 
0.9999967164006373 
0.0 
0.9963770117357158 
1.0 
0.0 
1.0 
1.0 
0.0 
1.0 
1.0 
0.0 
0.008579415004887006 
0.0 
1.0 
0.005570214549590848 
1.0 
0.9994440303917296 
0.0 
0.501439236029525 
0.0 
1.0 
1.0 
1.0 
0.0 
1.0 
0.03663011297293501 
0.9999626737701074 
0.0 
0.0 
1.0 
0.9999716933009949 
1.0 
1.0 
0.0 
1.0 
0.01720769496583243 
1.0 
0.0 
0.0 
1.0 
0.7277887426163 
1.0 
0.0 
1.0 
1.0 
0.17123920985017813 
0.0 
0.0 
1.0 
0.0 
0.026143702810765237 
0.0 
0.3214469132248959 
1.0 
1.0 
1.0 
0.0 
0.5397974993720714 
0.0 
0.0 
1.0 
0.036606671663143374 
1.0 
0.0 
0.7190201770474617 
0.0 
1.0 
0.9999999690892974 
0.0 
1.0 
0.0025680198362584275 
0.0 
0.0 
1.0 
1.0 
0.0 
0.004537639236634098 
1.0 
1.0 
1.0 
0.0 
1.0 
1.0 
1.0 
1.0 
0.0 
1.0 
0.0 
0.13770405617624054 
0.0 
1.0 
1.0 
0.8783405884248318 
0.0 
0.0 
0.0 
0.0031418662907565825 
1.0 
0.08714486155963722 
1.0 
1.0 
0.3789620323315598 
0.32844425920217224 
1.0 
0.9999699500071814 
1.0 
0.0 
0.0 
1.0 
0.0 
1.0 
1.0 
0.0 
0.0 
0.0 
0.0 
0.0 
0.9813112988582949 
0.0 
1.0 
0.0 
0.0 
0.0 
0.0 
0.0 
0.0 
1.0 
1.0 
1.0 
1.0 
0.0 
0.0 
0.0021248281890993413 
1.0 
0.0 
1.0 
1.0 
0.0 
0.0 
1.0 
0.0 
1.0 
0.9303977842817216 
0.0 
0.0 
1.0 
0.0012638327087370002 
1.0 
0.0 
0.0 
0.0008467810075611276 
0.0 
1.0 
0.0 
0.09304830835138105 
1.0 
0.0 
0.0 
0.0017283347611225998 
0.0 
0.0 
1.0 
0.0 
1.0 
0.0 
0.0 
1.0 
0.0 
0.0019214033515395758 
0.0 
0.0 
1.0 
1.0 
0.0 
1.0 
1.0 
0.0 
1.0 
0.0 
0.0 
1.0 
0.0 
1.0 
0.0 
0.0 
0.0 
0.0 
1.0 
1.0 
0.0 
0.0 
0.0 
1.0 
0.0 
0.0 
1.0 
0.0 
0.0 
0.0 
1.0 
0.0 
0.0007950459424310985 
0.0 
0.0 
1.0 
1.0 
0.0 
0.0 
1.0 
0.0 
1.0 
0.0006741646159540187 
1.0 
1.0 
0.0 
0.0 
0.0 
0.0 
0.0 
0.0 
0.0 
0.0 
0.0 
1.0 
1.0 
0.9993868634061367 
0.0 
0.0 
0.0 
0.0 
0.0015014493314407802 
0.0 
0.0 
0.0035505255413772396 
0.0 
0.0 
1.0 
1.0 
0.0 
0.002144450788119986 
1.0 
1.0 
0.0026090447798432707 
0.0022635553598926742 
0.0 
0.0 
0.0 
0.0 
1.0 
0.0 
0.0 
1.0 
0.0 
0.0 
1.0 
0.0 
1.0 
1.0 
1.0 
0.0 
1.0 
0.0 
0.0 
0.0 
0.0 
0.0 
0.9999999977429478 
0.0 
1.0 
1.0 
0.0 
0.0 
0.0 
0.0015007985602188318 
0.0 
0.0 
0.0 
0.0024503095240902485 
0.0 
0.0 
0.000523320891787818 
0.08697468863349175 
0.0 
0.0 
0.0 
0.0 
0.0 
1.0 
1.0 
0.0 
1.0 
0.0 
0.30905780402322075 
0.0 
0.0 
0.0 
0.0 
1.0 
0.0 
1.0 
0.0 
0.0 
1.0 
0.39519269509557897 
0.0 
1.0 
0.8937638562045996 
1.0 
1.0 
1.0 
0.0 
0.0 
0.0 
0.0 
0.0 
0.0 
1.0 
1.0 
0.0 
0.0 
0.0 
0.0 
0.0 
0.0 
0.0 
0.0 
0.0 
0.0 
1.0 
0.0 
0.0 
0.0032913823088078316 
0.004503615679775991 
0.0 
0.0 
0.0 
0.0 
0.0 
0.0 
0.0 
0.0 
1.0 
0.0 
0.0 
1.0 
1.0 
0.0 
0.0 
1.0 
0.0 
1.0 
1.0 
1.0 
1.0 
0.0 
0.0 
0.0 
1.0 
0.0 
0.0 
0.0 
0.0020946480011018627 
0.0 
0.0 
0.0 
0.0 
1.0 
1.0 
1.0 
1.0 
0.0 
1.0 
0.0 
1.0 
0.0 
0.0 
1.0 
1.0 
0.9999976933785011 
0.9999973786519499 
0.0 
0.0 
0.0 
0.0 
0.0 
1.0 
1.0 
0.0 
0.0 
0.24688736358750238 
0.0 
1.0 
0.0 
1.0 
0.0 
0.0 
1.0 
0.0 
1.0 
1.0 
0.0 
0.0 
1.0 
1.0 
1.0 
0.0 
1.0 
0.1348306038857017 
0.0 
1.0 
0.0 
1.0 
0.9685062873108484 
0.0 
0.0 
1.0 
1.0 
1.0 
0.0 
0.0058765663178195135 
0.0 
0.09850111331871149 
1.0 
1.0 
0.0 
0.0 
0.0 
0.0 
0.0 
0.0 
0.0 
0.0 
0.002333851033748841 
1.0 
0.0 
0.005112144349063449 
0.0 
1.0 
1.0 
0.25837379424713514 
0.0 
0.0 
0.0 
0.0010767406965753721 
0.0 
0.0 
1.0 
1.0 
0.0 
0.0 
0.0 
1.0 
0.0051736483310166085 
1.0 
1.0 
0.0 
0.0 
1.0 
0.0 
0.0 
1.0 
0.0 
0.0 
1.0 
0.0 
1.0 
1.0 
0.0 
1.0 
0.0 
1.0 
1.0 
0.0 
1.0 
0.0 
1.0 
0.0 
1.0 
0.0 
0.0 
0.0 
1.0 
0.06148395648113876 
1.0 
1.0 
0.0 
0.2760665947821584 
0.12741619635926407 
0.0 
0.0 
0.0 
1.0 
0.0 
0.0 
1.0 
1.0 
0.0 
1.0 
1.0 
1.0 
0.04763122836271922 
1.0 
0.0 
1.0 
1.0 
0.0 
0.0 
0.9921198952082411 
1.0 
0.0 
1.0 
0.0 
0.6667714271358659 
0.03640502734857237 
0.0 
1.0 
1.0 
1.0 
0.0 
1.0 
1.0 
0.0 
0.0 
0.0 
0.06895838997994921 
0.0 
1.0 
1.0 
0.0 
1.0 
0.03444527327028316 
0.0 
1.0 
1.0 
0.0 
0.0 
0.0 
1.0 
0.0 
0.0 
1.0 
1.0 
0.02750159995111609 
1.0 
0.006554891334992162 
1.0 
0.0 
1.0 
1.0 
0.0 
0.0 
0.0 
0.0 
1.0 
1.0 
0.0 
1.0 
0.0 
0.0013068204883666657 
1.0 
0.533769035956103 
1.0 
0.0 
1.0 
0.0 
1.0 
1.0 
1.0 
0.0 
1.0 
0.0 
0.0 
0.0 
0.0 
0.0 
1.0 
0.0 
1.0 
0.0 
1.0 
0.2628776028854141 
0.0 
0.0 
1.0 
0.0 
1.0 
0.0 
1.0 
1.0 
0.0 
0.0 
0.0 
0.0 
0.0 
0.999251745942238 
1.0 
0.0 
0.0 
1.0 
0.24569623109876707 
1.0 
0.0 
0.0 
1.0 
0.0 
1.0 
1.0 
1.0 
0.0 
1.0 
1.0 
0.0 
1.0 
1.0 
0.0 
1.0 
0.006198091706494531 
0.0 
0.0 
1.0 
0.0 
0.0 
1.0 
0.0 
1.0 
0.0 
0.0 
1.0 
1.0 
0.0 
0.0 
1.0 
0.0029098519463124613 
0.0 
1.0 
0.0 
1.0 
0.0 
0.0 
0.0 
0.0 
1.0 
0.7409292445356533 
0.0 
0.25431686852489116 
0.0 
1.0 
0.01789552129557728 
1.0 
0.9999998709797493 
0.0 
1.0 
0.0 
1.0 
1.0 
0.0 
0.0 
0.0 
0.0 
1.0 
0.0 
0.9541846168900537 
0.0 
1.0 
0.0 
1.0 
1.0 
1.0 
1.0 
0.0 
0.0 
0.0 
0.0 
1.0 
1.0 
0.0 
1.0 
0.0 
0.0 
0.03875095982548116 
1.0 
0.0 
0.0 
0.0 
0.0 
0.0 
1.0 
1.0 
1.0 
1.0 
0.0 
0.0 
1.0 
0.0 
0.013550840006245127 
1.0 
0.0 
1.0 
1.0 
1.0 
0.021130060065965094 
1.0 
0.2469741383344461 
1.0 
0.0 
1.0 
1.0 
1.0 
1.0 
0.0 
1.0 
1.0 
0.0 
1.0 
0.003352032631718337 
0.0 
0.0 
1.0 
0.0 
0.0 
0.0 
1.0 
0.0 
0.00110220565894743 
1.0 
1.0 
0.0 
0.0 
1.0 
0.0 
1.0 
1.0 
1.0 
1.0 
1.0 
1.0 
0.9999288596604826 
0.0 
0.0 
0.0 
0.019031162629944736 
0.01366135056402949 
1.0 
0.0 
0.0 
0.0 
1.0 
1.0 
0.0 
1.0 
0.0 
0.0 
0.0 
0.9037645704392894 
0.0 
1.0 
0.0 
0.0 
1.0 
0.0 
1.0 
0.0046846472917163595 
0.0 
0.0 
0.0 
0.006407260373730481 
0.0 
1.0 
0.0 
1.0 
0.9999955261111424 
1.0 
0.9999569461301805 
1.0 
0.0 
1.0 
1.0 
0.0 
1.0 
0.9613051971221515 
0.9999997936436358 
1.0 
0.0 
0.0 
0.0 
0.0062196520252762195 
0.0 
0.9898633296493593 
2.8180769335999864e-7 
0.0 
0.0009113898556095066 
0.9879378509735266 
0.0 
0.9999585319131845 
0.0 
0.0 
0.0 
0.0 
0.9999747062403984 
0.9999998416224283 
0.0 
0.0 
0.0 
0.0 
0.0 
0.0 
0.0 
0.0 
1.0 
0.0 
0.0 
1.0 
1.0 
0.0 
1.0 
0.0 
0.0 
0.0 
0.0 
0.0 
0.0 
0.0 
0.0 
1.0 
1.0 
0.0 
0.0 
0.9900379192257518 
1.0 
0.0 
0.0 
0.02422246954284963 
0.0 
0.0 
1.0 
0.0 
1.0 
0.0 
0.0 
0.0 
0.0 
0.0 
0.0 
1.0 
0.0 
1.0 
0.0 
0.0 
0.0 
0.0 
0.0 
0.0 
0.0 
1.0 
0.0 
1.0 
1.0 
0.0 
1.0 
1.0 
1.0 
0.0 
0.0 
0.0 
0.0 
1.0 
0.0 
0.0 
0.0 
0.0 
1.0 
0.0 
0.0 
1.0 
0.0 
0.0 
0.0 
0.0 
0.0022902026636520373 
1.0 
0.0 
1.0 
0.1585879524662081 
0.0 
0.004013277230328067 
0.0 
0.0 
0.0 
0.0 
1.0 
1.0 
1.0 
0.9986740439891041 
1.0 
0.0 
1.0 
1.0 
0.9999915672297748 
1.0 
0.9999552269504229 
0.0 
0.0 
0.0 
0.0029505995486477092 
0.0016867922339085964 
0.0 
0.0004354003652279675 
1.0 
0.0 
0.008134026377450011 
0.14469256291388824 
0.003212308997738539 
0.17358468672300115 
0.0 
0.0 
1.0 
0.9999989177237206 
1.0 
1.0 
0.0 
0.0 
0.0 
0.0 
1.0 
0.9644777127601708 
1.0 
0.0729657929416724 
0.000462260273450617 
0.0 
0.0 
0.856204811866434 
1.0 
1.0 
0.06558975915519212 
0.19742060707106862 
0.9636064968877501 
1.0 
0.0 
0.0 
1.0 
1.0 
0.002806047964097135 
0.0 
0.07958736681675473 
0.0 
0.9998513702806532 
0.9995381809432846 
0.00225937235710527 
0.9999997999462754 
0.4282591134242841 
0.0 
0.0 
0.0 
1.0 
1.0 
0.028956514243451227 
0.017999232376129194 
0.18352749067433438 
1.0 
0.002075831014442009 
0.0 
0.0450769096760471 
0.0 
0.0 
0.03478293444241653 
1.0 
0.0 
1.0 
0.0 
1.0 
1.0 
0.026624797186786765 
0.015532431462723062 
1.0 
0.0 
0.002458259645717902 
0.1556693745906224 
0.0 
0.0 
1.0 
0.0 
0.0 
0.07846793096699449 
0.0 
0.0 
1.0 
1.0 
0.0 
1.0 
0.0 
0.0 
0.0 
0.0 
1.0 
0.0 
0.0 
0.0 
0.0 
1.0 
0.0 
0.0 
0.0 
0.0 
1.0 
1.0 
1.0 
0.0 
1.0 
0.0 
1.0 
1.0 
0.0 
0.0 
0.9949570228132754 
0.0 
0.009082651779199048 
0.0 
0.0 
0.6030518894689663 
0.1350855482373773 
0.0 
0.9999907352523791 
0.0 
1.0 
1.0 
0.0 
0.0 
0.0 
1.0 
1.0 
0.0 
0.9996399487272395 
0.0 
1.0 
0.5272385817359447 
0.0 
0.0 
0.4438163826857036 
0.0 
1.0 
1.0 
0.26003229908640746 
0.0 
0.0 
0.0 
0.0 
1.0 
1.0 
0.0 
0.0 
0.0 
0.9999866289669869 
0.0 
0.0 
0.9998617663341683 
1.0 
0.0 
1.0 
0.9999996114442388 
1.0 
0.04168570886106693 
0.06909224783810207 
0.0 
0.0 
0.0 
0.0 
0.06509953484212777 
1.0 
0.0 
0.0 
0.5596297869302147 
1.0 
1.0 
1.0 
0.0 
0.0 
0.0 
0.0 
0.9999852206906666 
0.0 
0.40955938827008864 
0.030184022161593778 
0.020800295543411465 
0.0 
0.0 
1.0 
1.0 
1.0 
1.0 
0.030422525416247615 
0.0 
0.004894902972284473 
0.0 
0.0 
0.999651978864566 
0.005281646239950862 
1.0 
0.0 
1.0 
0.0 
0.0 
0.0 
0.0 
0.999999743630272 
0.0012938868163861604 
0.0 
0.0 
0.0 
0.0 
0.04485080801881917 
0.0 
0.0 
0.0 
0.0 
0.9992278727884354 
0.0 
0.0 
0.9999860566060006 
1.0 
1.0 
0.0 
1.0 
0.0 
1.0 
1.0 
0.0 
1.0 
1.0 
1.0 
0.9992186528040685 
1.0 
0.0 
0.0 
1.0 
0.0 
0.9991496782380083 
1.0 
0.0 
0.2815958036508499 
0.06044430368997895 
0.0 
0.04888388969492156 
1.0 
0.999615417242674 
0.2084525238875365 
0.9999078754510282 
0.0 
0.0 
1.0 
0.0 
0.0 
1.0 
1.0 
0.9999968364749916 
0.85982135329058 
1.0 
0.0 
1.0 
0.0 
0.0 
0.0 
0.0 
0.7293407601829934 
0.0 
1.0 
0.25140670029486917 
0.0 
1.0 
0.33554390689513364 
1.0 
1.0 
0.0 
0.05382561220370612 
0.0 
1.0 
1.0 
0.7600635261645338 
0.0 
1.0 
1.0 
1.0 
0.0 
0.0 
0.0 
0.010240398846632203 
0.0 
1.0 
0.009701985604689906 
1.0 
0.9999812085929709 
0.0 
0.0 
1.0 
1.0 
1.0 
0.0 
0.0 
0.0 
1.0 
0.0 
0.0 
0.0 
1.0 
0.0 
1.0 
1.0 
0.0 
1.0 
0.0 
0.0 
0.0 
1.0 
0.1396469861065705 
0.0 
0.0 
1.0 
0.0 
0.0 
0.0 
0.0075240586574156975 
1.0 
1.0 
1.0 
0.0 
0.0 
1.0 
0.04430220981750118 
0.0 
0.0 
0.0 
0.9999900925543426 
0.0 
0.0 
0.0 
0.0 
0.0 
1.0 
1.0 
0.0 
0.0 
1.0 
0.0 
0.9999830173919795 
1.0 
0.012511795574195708 
0.0 
0.0 
0.0 
0.0 
0.0 
1.0 
0.0 
1.0 
0.0 
0.3299999285485886 
0.49365738925488417 
0.0 
0.0 
1.0 
0.03744967256685746 
0.0 
0.0 
0.0 
0.0 
0.0 
0.0 
1.0 
0.0 
1.0 
1.0 
0.0 
0.0 
0.0 
1.0 
0.0 
1.0 
0.0 
0.0 
0.0 
0.0 
1.0 
0.0 
1.0 
1.0 
0.0 
1.0 
0.9851632039523268 
0.0 
0.8998720927594093 
1.0 
0.0 
0.0 
1.0 
1.0 
1.0 
1.0 
0.9999712968031645 
0.0 
1.0 
1.0 
1.0 
0.0 
0.0 
0.14645226875415415 
0.0 
0.0 
1.0 
0.0 
0.0 
0.007382348031367391 
0.0 
1.0 
1.0 
1.0 
1.0 
0.0 
1.0 
0.2654761922788919 
0.0 
0.0 
1.0 
1.0 
0.0 
0.31758595390558936 
1.0 
0.0 
0.0 
0.5697798865085338 
1.0 
1.0 
0.0 
1.0 
1.0 
0.0 
1.0 
1.0 
0.31138323348166597 
1.0 
0.0 
0.0 
0.0 
0.0 
0.09793385505949814 
0.0 
0.6768585026973807 
0.0 
0.0 
0.0 
1.0 
1.0 
1.0 
0.0 
1.0 
1.0 
0.0 
1.0 
1.0 
0.0 
1.0 
1.0 
1.0 
0.0 
0.0 
0.0 
0.9999748479507066 
0.06823834027872816 
0.0 
0.9999999999839665 
0.0 
1.0 
0.0 
0.0 
0.0 
1.0 
1.0 
0.0 
1.0 
0.0 
1.0 
0.9013737078593899 
0.0 
1.0 
0.0 
1.0 
1.0 
0.0 
0.0 
0.0 
0.0 
0.0 
0.0 
1.0 
0.0 
0.0 
0.0 
0.0 
0.9999999999622678 
0.0 
1.0 
1.0 
0.2925218212618892 
0.0 
0.0 
1.0 
0.0 
0.9999999782436507 
0.0 
0.0 
0.0 
0.0 
0.0 
0.0 
0.0 
0.0 
0.00032175406804159395 
1.0 
0.010230599729056773 
0.0 
0.0 
0.0 
0.0 
0.9956978094871671 
0.0 
1.0 
0.0 
1.0 
0.0 
0.0 
0.0 
0.0 
0.0 
0.0 
1.0 
0.0 
0.0 
1.0 
1.0 
0.0 
0.999981346213721 
0.0 
0.0 
0.0 
1.0 
1.0 
0.0 
0.0 
0.0 
0.0 
1.0 
0.9980413431140637 
0.0 
0.0 
0.0 
1.0 
0.0 
1.0 
1.0 
0.0 
0.0 
0.9999878945108523 
0.9359776554362623 
0.0 
0.0 
1.0 
0.0 
0.0 
0.0 
0.0005160346283501791 
0.0 
1.0 
0.0 
1.0 
1.0 
0.0 
0.0 
1.0 
0.0 
0.0 
0.0 
0.0 
0.19869910949978908 
0.0 
1.0 
1.0 
1.0 
0.0 
0.00017975723042948732 
0.0 
1.0 
0.0 
0.0 
1.0 
0.0 
0.9999967794695716 
0.0 
0.0 
1.0 
0.0 
0.0 
0.0 
1.0 
0.0 
0.0 
0.0 
0.0 
0.0 
0.0 
0.0 
0.0 
1.0 
1.0 
0.0 
0.0 
0.0 
1.0 
0.0 
0.0 
1.0 
1.0 
0.0 
1.0 
