0.5757474476052338 
0.8606982320140545 
1.0 
1.0 
1.0 
1.7768943962542386e-5 
1.0 
1.0 
7.848513482275493e-9 
4.092838860740675e-9 
4.571854731251291e-7 
1.0 
1.0 
1.0 
1.0 
0.00026257233163955 
1.0 
0.8210610742158387 
7.533154884417686e-8 
0.581795777003626 
1.0 
1.0 
1.0 
1.0 
1.0 
1.0 
1.0 
1.0 
0.0 
1.0 
1.0 
1.0 
1.0 
1.0 
1.0 
1.0 
1.0 
2.1954606404394444e-9 
1.0 
1.0 
1.0 
1.0 
1.0 
1.0 
1.0 
1.0 
1.0 
1.0 
1.0 
1.0 
0.0 
1.0 
0.0 
1.0 
1.0 
2.7807071260249637e-5 
1.0 
2.4629741047165553e-7 
0.0012625202082637043 
1.0 
1.0 
7.437952223435754e-5 
1.0 
1.0 
1.2716295865838817e-8 
1.0 
0.002291702746913231 
0.6983214213218764 
1.0 
0.0276726432951238 
1.0 
1.0 
0.00040966867199445603 
1.0 
1.0 
0.39352300137105384 
0.2969061411193752 
1.0109878564406322e-7 
2.971630000675654e-7 
1.0 
1.0 
1.0 
6.140680679546575e-6 
1.0 
1.0 
1.0 
1.0 
0.8546965567592967 
9.012086721773691e-5 
1.0 
0.5962726535245474 
1.0 
1.0 
3.6283710090205393e-9 
0.0 
1.0 
1.0 
2.6863657625306676e-8 
1.0 
0.002058899871510863 
1.0 
1.0 
1.0 
1.0 
6.333291805419725e-8 
0.9946881533018868 
1.0 
0.36002058901663847 
1.0 
1.0 
0.9999769293480436 
1.0 
7.096880693047707e-5 
3.884480266059466e-8 
1.0 
1.0 
1.0 
1.0 
5.040323038713229e-7 
1.0 
1.0 
1.0 
1.0 
1.0 
0.9998079698237627 
1.0 
0.3018020734859094 
1.0 
0.0 
1.0 
1.0 
1.0 
1.0 
0.0 
1.0 
1.0 
1.0 
1.0 
1.0 
1.0 
1.0 
1.0 
1.0 
1.0 
1.0 
1.0 
1.0 
1.0 
0.001630259124704257 
1.0 
1.0 
1.0 
1.0 
1.0 
0.4231688402856508 
1.0 
1.0 
1.0 
8.349590049250044e-7 
0.0 
0.0 
1.0 
1.0 
0.0 
1.0 
0.062356637150354166 
1.0 
1.0 
1.0 
1.0 
0.9975437111752009 
1.0 
9.487842605859916e-7 
1.0 
0.19458416667862746 
4.636299538112135e-10 
1.0 
4.637004835900919e-10 
0.0 
0.0 
4.838166397601665e-6 
1.0 
8.116040968547802e-8 
0.0 
1.0 
3.2300043887051124e-7 
9.583676430193479e-5 
1.2746709618117602e-6 
1.0 
1.0 
1.0 
0.9990650863335583 
1.0 
1.0 
2.7946650477677235e-5 
1.0 
1.7315874362254109e-9 
1.0 
1.0 
0.0 
1.0 
1.0 
1.0 
1.0 
1.0 
1.0 
3.4578215214919357e-8 
0.0 
0.0 
1.0 
1.0 
1.0 
1.0 
1.0 
1.0 
1.0 
1.0 
1.0 
1.0 
1.0 
0.0 
3.875182668714941e-7 
0.0 
3.927973552348882e-7 
0.0 
0.0 
0.1258368832375348 
0.0 
0.0004274467827239747 
0.0 
0.004404234084710849 
1.0 
1.0 
1.0 
1.0 
8.629794883990726e-6 
3.191439722993821e-6 
2.7334779645071447e-6 
2.7010062409937448e-5 
1.0 
0.0014182756619872084 
1.0 
0.9999999654374007 
6.565368364711841e-5 
1.0 
0.0 
0.0 
1.2248581681598638e-8 
0.0 
1.3302995414112582e-8 
1.42820108881151e-6 
0.9991307487921344 
1.0 
0.0 
7.86847548162072e-8 
7.211836394927447e-8 
1.0 
1.778362358692974e-6 
6.335142969066518e-9 
0.0 
1.0 
0.0017580593435311135 
0.0 
0.0003901156923597398 
1.0 
0.0 
1.0 
3.080630004205348e-6 
0.00014868217800672042 
1.0 
7.231937422140158e-9 
1.0 
2.379926254269529e-5 
3.9898863231701035e-5 
0.0 
0.00018854040762542946 
0.999999992225612 
2.4782352998623618e-8 
7.960674717474557e-7 
5.4234062440290235e-8 
1.0 
0.9999873368739611 
0.077552150944862 
7.764861439303455e-8 
1.0577514384323952e-5 
1.0 
1.492443135394554e-6 
0.0010512179263363322 
1.0 
1.0 
1.0 
1.0 
1.0 
2.1570969922466e-7 
1.0 
1.0 
9.195503953536143e-5 
1.956465315425472e-6 
0.999992609195644 
0.9999870815153421 
0.9658365788224373 
0.0 
4.559959303499088e-8 
1.0 
1.2599461794375318e-6 
0.0 
0.9999999986439232 
2.1911298289522885e-6 
1.0 
1.0 
1.8133792111888408e-7 
1.0 
1.0 
0.0 
0.9999932706876106 
1.0 
0.0 
1.0 
0.9999999994239026 
8.49686792794633e-9 
1.0 
4.623439135548481e-8 
0.0003534204678363254 
0.0009064658217407719 
0.052732877387816346 
1.0 
1.0 
0.0 
1.0 
0.0 
5.687964261296688e-7 
0.999999999998101 
1.0 
0.0 
0.9999999999992298 
0.0 
1.0 
2.5407440826330953e-5 
0.0 
0.9999977299208552 
2.9500510807309977e-7 
0.00044976665735356344 
1.0 
3.9714460323132754e-5 
1.4217069529980028e-5 
1.1182949528923193e-5 
1.0 
1.0 
1.0 
0.0 
0.9999869098999025 
1.0 
0.9999999999996734 
1.0 
1.747953181782033e-6 
5.410298070694388e-8 
7.760036385181815e-9 
1.0 
0.9999999970026823 
1.0 
1.0 
1.0 
1.0 
0.0 
1.0 
1.0 
0.9999994774878526 
3.877539964363543e-5 
1.0 
1.0 
1.0 
0.003287832842973565 
1.0 
0.0 
1.0 
1.0 
1.0 
0.0 
7.646223535923193e-6 
0.9999999999957763 
9.58519583466905e-8 
1.0 
1.4370059564973798e-9 
0.1031221844505256 
1.0 
1.0 
0.0005483001679249819 
0.9999999999424127 
1.0 
1.0 
0.02378288816398824 
1.0 
0.9999999999999977 
0.9999999999698805 
1.0 
0.9999999845296093 
6.412063068929996e-6 
1.0 
5.786814139239429e-6 
0.9999997008944842 
0.0 
2.4680227580496287e-9 
0.9999999965248373 
1.0 
6.927523770232839e-5 
6.410021373545857e-6 
1.0 
1.0 
1.0 
0.9999999999861455 
0.0 
1.0 
1.0 
1.0 
5.9816129196323605e-6 
1.0 
0.0 
1.0 
0.9999999997348132 
0.9999970294363124 
0.9999999999999996 
0.9999999999964837 
1.0 
2.6606306419050188e-6 
1.0 
1.0 
1.0 
1.3105183785277686e-5 
2.4508036251082764e-7 
0.0007518175702482785 
8.293262036669861e-7 
7.221883528041266e-8 
1.0 
1.0 
1.0 
1.1814069086283611e-6 
1.0 
5.402768465451672e-8 
1.0 
1.0 
1.0 
1.0 
1.0 
0.00013412492209736662 
1.0 
1.0 
1.0 
1.0 
0.9999999999999585 
1.0 
1.0 
1.0 
1.0 
0.0 
1.0 
1.0 
6.875597074312149e-7 
1.0 
1.0 
1.0 
1.0 
1.0 
0.9930539380515266 
1.0 
1.0 
7.151690851380721e-8 
0.0 
0.00033794125373678963 
0.9999999999811072 
0.0 
0.0 
1.0 
0.99996413247459 
2.714247745464511e-8 
0.0 
1.0 
0.0 
1.0 
0.9999999999753129 
1.0 
0.0 
0.9999999999999999 
0.9999999999997914 
0.9999938251772745 
0.9999999166211344 
0.9999993438085535 
0.0 
1.0 
0.999999999999999 
1.374547749608056e-5 
2.1433629900128443e-8 
0.9999999999999964 
0.9999999999999046 
0.0 
1.0 
1.0 
1.0 
0.0 
1.4148418276906923e-5 
0.0 
0.999999999999972 
0.9999999999999457 
0.0 
0.9999999999999885 
0.9999999999793119 
1.0 
1.0 
0.0 
1.0 
0.0 
1.0 
0.9999999999999811 
0.0 
0.9999999999945458 
3.674845950398057e-6 
1.6108718260194673e-7 
2.668265551641332e-7 
1.0 
1.0 
1.0 
1.0 
0.9999999999998618 
0.9999999999999949 
0.0 
1.0 
1.0 
1.0 
0.9999999999897629 
1.0 
1.0 
0.9999999999971569 
1.0 
1.0 
0.0 
0.9999999999754522 
0.0 
0.9999999999999367 
1.0 
0.0 
1.0 
1.0058385600954575e-6 
1.0 
4.189767547795166e-8 
0.0 
0.9999999999999964 
0.9999999999884913 
1.0 
1.0 
1.6051114713953484e-7 
1.0 
1.0 
1.0 
0.9999999997708151 
1.0 
0.9999999988681111 
1.0 
0.0 
0.0 
1.0 
0.0 
1.0 
0.9999999999999473 
1.0 
1.0 
1.0 
1.0 
0.021984576765736438 
1.0 
1.0 
1.0 
0.0 
0.0 
0.9999315213181244 
0.9999999999999989 
0.9999999999999871 
1.0 
0.0 
0.9999999999943562 
1.0 
0.9999999999999998 
1.0 
1.0 
1.0 
0.0 
0.9999999999879676 
1.5289770162275191e-6 
2.1196672894162143e-7 
1.0 
0.0 
0.999999937448754 
0.0 
1.0 
0.9999999999850627 
0.9999999999663393 
0.9999999813449606 
1.0 
1.0 
0.995810138676252 
1.0 
0.9999999823956542 
4.440605531732115e-5 
1.0 
1.0 
0.0 
0.0 
3.3212582676277805e-9 
8.510599752396728e-6 
0.9999999999999959 
2.297923009448542e-6 
0.0 
0.9999999999999984 
1.0 
1.0 
0.0 
0.0 
5.835758298597347e-7 
0.0 
2.3400376359470072e-7 
1.0 
5.213668014021811e-9 
1.0 
1.0 
1.0 
0.9999999999999998 
0.9999999999915006 
1.0 
0.0 
0.9999999999999972 
1.0 
0.9999999999998437 
0.0 
1.0 
3.6812610529718834e-9 
0.9999999999999952 
1.0 
1.0 
1.0 
1.1754873136498371e-5 
1.0 
0.9999999999999939 
0.9999999999999983 
1.0 
3.3628918968459655e-6 
1.0 
1.0 
0.0 
0.0 
0.9999999999789891 
1.0 
1.0 
1.0 
0.0 
0.9999999999998638 
1.0 
1.0 
0.999999999999996 
1.0 
1.0 
1.0 
0.9999999999838016 
0.9999999999999987 
0.0 
1.0 
1.0 
3.063530602410779e-5 
2.792093599663894e-5 
1.0 
0.00010732456526082914 
1.0 
1.0 
1.0 
0.9999999999881164 
1.0 
0.9999999999999943 
0.0 
3.823311559386656e-8 
0.0 
1.0 
0.008865411638371526 
1.0 
1.0 
7.83138217362366e-6 
0.9999999999799811 
0.1245549602454787 
1.6280239638293185e-7 
1.0 
0.0 
1.0 
2.636299592090314e-5 
1.0 
0.9999999999781921 
1.0 
9.220179155593503e-7 
0.00015346342721016956 
1.0 
1.0 
1.0 
6.429728631584594e-6 
1.0 
1.0 
1.8024087428249909e-6 
0.5084570519758106 
1.0689981052319404e-7 
1.0 
1.0 
0.0 
0.9999999999999972 
1.0 
1.0 
1.0 
1.0 
4.8098465253628124e-5 
0.9999999999915641 
2.129001953956742e-6 
1.0 
2.326957734026753e-6 
0.00048710000497109387 
1.0 
0.9999999999999993 
1.0 
0.9999998870940529 
1.875117233974112e-5 
5.248162082598894e-7 
1.0 
0.9512443608979186 
0.055534907916199444 
1.0 
2.8410530277336514e-5 
0.00010445476108406545 
1.7437075726482338e-8 
1.0 
0.9999999999999999 
1.0 
1.9696433692567992e-5 
1.0 
1.0 
1.0 
6.909816569914469e-6 
0.9999984160121563 
1.0 
1.0 
0.0 
0.0 
1.504581758163224e-8 
0.00011870754171893833 
1.0 
9.78317612559622e-8 
1.0 
1.0 
1.0 
0.0 
6.053762177723406e-5 
0.0 
1.0 
0.9999999999911076 
5.609648565481297e-7 
5.8909838158456846e-5 
0.001141667889172519 
1.0 
0.0004532692812208007 
1.0 
1.0 
0.9999998866421281 
0.0 
1.3926431856852596e-5 
1.0 
0.004254357058618277 
0.0009557697445932625 
4.284994167395289e-6 
1.0 
3.3445548260254503e-9 
1.0 
1.069031304907223e-8 
0.0 
0.00018310525477713548 
0.0 
1.0 
1.0 
1.0 
1.0 
1.0 
1.0 
1.0 
1.0 
1.0 
0.0 
1.0 
1.0 
1.0 
0.0 
0.9999999999965682 
8.484707593643247e-7 
1.0 
0.9999999999411503 
1.0 
0.9999999999999998 
0.0 
1.0 
1.0 
0.0 
0.0 
1.0 
1.0 
1.0 
0.3841612282810725 
0.0 
1.0 
0.0 
2.7691198148741098e-5 
0.9999999999999928 
1.0 
1.0 
1.0 
5.674536819534238e-7 
0.9999999999999788 
0.00043978951818485603 
3.529241010988891e-8 
0.9999999567760623 
1.0 
1.0 
6.288250970140073e-8 
1.0 
0.9999999999990313 
1.0 
1.0 
1.6357073713047724e-6 
1.0 
1.0 
0.0 
0.002055052479622267 
1.0 
1.0 
0.9999999999999978 
1.0 
1.1561188646582706e-5 
1.0 
1.0 
0.0 
0.0 
1.0 
1.0 
1.0 
0.9998501855153964 
1.0 
1.0 
7.2563010656116855e-9 
9.915014467448385e-10 
1.0 
1.1171186141834154e-7 
1.0 
1.0 
8.991560945242974e-9 
0.9999999999999994 
1.0 
1.0 
0.0007777103996759025 
1.0 
1.641588491105275e-8 
1.0 
1.0 
0.0 
0.0 
8.531295904737671e-8 
1.0 
7.346208007940152e-7 
1.0 
2.659626608033582e-9 
0.0018652902770500215 
0.001812896715913437 
1.0 
1.0 
1.0 
1.0 
1.0 
1.0 
1.0 
0.9999998863625734 
1.0 
1.0 
1.0 
0.0 
2.501585775307263e-5 
1.574972202177189e-8 
0.9999999999999983 
2.0646527812346583e-9 
0.0 
1.0 
1.0 
0.9999999989020503 
1.0 
1.0 
1.993902113067081e-9 
1.0 
8.594391539625753e-6 
0.0 
1.0 
1.0 
1.0 
0.0 
1.0 
0.9999999999950473 
1.0 
0.9999999999988027 
1.0 
0.9999999999996626 
0.0 
1.6824540013214739e-6 
1.0 
7.791211616971923e-9 
1.0 
0.0 
1.6056078183870418e-8 
1.0 
0.0 
0.9999999889420023 
1.3143807381990052e-5 
1.0 
1.0 
0.00014184682131613345 
0.0 
0.0 
1.0 
3.6414203934048184e-9 
6.854240383183029e-8 
1.0 
1.0 
0.9999999999999007 
0.0002244324595902645 
1.0 
1.0 
1.0 
1.0 
1.0372816342571733e-8 
1.0 
1.0 
0.0 
1.0 
1.0 
1.0 
1.0 
8.485664228605285e-9 
6.336930865164122e-10 
1.0 
1.0 
0.0 
0.00023732987907588502 
1.0 
1.0 
1.6863611818909545e-5 
1.0 
1.0 
7.739776975523387e-8 
0.0 
0.04743497487730622 
1.0 
1.0 
0.9999999974593063 
1.0 
1.0 
6.085196136262726e-9 
1.5453790934237193e-6 
1.0 
0.0 
1.7170616661852532e-6 
1.0 
0.0 
1.0 
0.0 
1.0 
1.0 
1.0 
0.0 
2.312948269108577e-6 
0.00029960866979157494 
1.0 
1.0 
0.0 
0.0 
0.0 
1.0 
0.0 
1.0 
0.00010972043584460974 
0.0 
3.1986200969257033e-9 
0.03739337727410018 
1.1763854686434755e-7 
8.39961539658847e-9 
1.0 
1.0 
0.9999999999972902 
1.0 
1.0 
0.0 
2.9991460996897753e-9 
1.0 
1.1127281541994149e-6 
1.0 
0.0 
3.470499765497084e-6 
0.0 
0.0 
7.541689769182908e-9 
0.08484981774940283 
1.0 
9.124473894711706e-8 
0.0 
0.0 
1.0 
1.0 
3.420505922226439e-6 
1.566151173395005e-5 
1.0 
0.0 
1.0 
0.8096069082954908 
6.826763419983488e-8 
0.99999999999998 
2.12195600012024e-6 
0.0 
1.0 
1.0 
0.9999999999911846 
1.0 
7.662883151999126e-7 
0.8788805954882 
1.294038761770129e-5 
1.0 
1.0 
0.827556119573664 
1.0 
1.0 
4.1869213051085296e-9 
1.0 
1.0 
1.7064197639572203e-5 
1.0 
1.0 
0.0 
6.511127443960566e-12 
1.0 
1.0 
0.0005480711320920889 
3.020944398268454e-9 
1.0 
0.0 
1.0 
1.0 
1.0 
1.0 
1.0 
0.0 
1.0 
1.4639033263495293e-6 
1.0 
1.0 
8.779696124926992e-5 
1.0 
1.0 
0.0004539899639890745 
0.00017493560723441326 
0.0 
0.9992824984077474 
1.0 
1.0 
1.0 
0.0 
1.0 
0.0001980180387084167 
1.0 
0.0 
1.0 
1.0 
1.0 
0.9999999999975576 
0.0 
4.1310155502577457e-7 
1.0 
1.0 
0.0 
0.0 
1.0 
1.0 
1.0 
0.9999995738198801 
1.0 
1.0 
0.9999999999999998 
0.9999999999989806 
0.9999999999999553 
1.0 
1.0 
7.065361595152396e-7 
1.0 
0.0 
1.0 
1.0 
0.0 
0.0 
1.0 
1.0 
8.691233038987106e-9 
1.0 
5.871729191387853e-8 
6.40028314038237e-6 
1.0 
1.1452346261500903e-6 
1.0 
1.0 
0.0 
1.0 
1.0 
0.9999999999998662 
1.0 
1.0 
1.0 
2.8463082019427866e-5 
1.0 
1.0 
1.0159714119368886e-11 
0.9999999999999997 
1.0 
1.0 
0.0 
1.0 
0.00010246420220509658 
1.0 
1.0 
1.0 
1.0 
1.0 
1.0 
1.0 
1.0 
0.9999999999999856 
1.0 
2.551337722188945e-8 
0.0 
1.0 
0.0 
3.291203235468715e-5 
2.917674357961059e-7 
2.898586192415091e-9 
0.0 
0.9999999999990226 
1.0 
1.0 
1.0 
1.0 
1.0 
1.0 
0.0001896669677858526 
1.0 
1.0 
1.0 
1.0 
0.0 
1.0 
1.0062461239059364e-6 
1.0 
1.0 
1.0 
0.0 
0.547039615832529 
1.0 
0.0007321254608538997 
0.0 
1.0 
6.060291012696282e-7 
1.0 
0.0 
1.0 
5.901498450425872e-10 
0.9999850465069787 
0.0 
1.0 
1.0 
1.0 
1.8873586348991052e-5 
1.0 
1.5829861158981675e-7 
2.981720856617361e-5 
0.0 
0.9077296034536354 
0.9999999999999903 
1.0 
2.852345334834593e-7 
3.880033531362706e-7 
1.0 
6.110987164289169e-8 
2.6864664378988873e-7 
1.0 
1.0 
0.0 
0.0 
0.9999987721988349 
1.0 
0.9999999999996159 
1.0 
0.9999444391057762 
0.999959028898597 
0.0 
1.0 
2.2303839183951532e-7 
1.0 
1.382098705267289e-8 
1.0 
0.0 
1.0 
3.7486115235123286e-7 
1.0 
0.0034637829141598016 
4.326390668709315e-5 
1.0 
1.0 
1.0 
1.0 
0.0 
1.0 
1.0 
0.0 
0.9998123300599674 
1.0 
0.9999999999984934 
2.8424479726294103e-6 
1.0 
1.0 
1.0 
1.0 
1.0 
1.0 
1.0 
0.9999999999999999 
1.1204675500404045e-7 
1.0 
1.0 
1.0 
0.0 
2.2065839651938017e-7 
1.0 
0.8572175353110465 
1.0 
2.5072713311338066e-9 
1.0 
0.0 
0.0 
1.0 
1.187563173186379e-9 
0.003477103397086555 
0.9999999999998948 
1.9735649045171946e-8 
1.0 
1.0 
1.0 
1.0 
1.0 
7.100790820940582e-7 
0.0 
1.0 
1.0 
1.0 
0.0 
1.0 
1.0 
1.0 
1.0 
0.0 
0.9999986199002056 
2.2563231419238645e-8 
2.1526564569712496e-8 
0.0 
1.0 
1.0 
1.0 
1.0 
2.4162693529373136e-7 
1.0 
0.0 
1.0 
1.0 
1.0 
1.0 
1.0 
1.0 
1.0 
1.8114485761504545e-8 
1.0 
1.0 
0.0 
1.0 
1.0 
1.0 
1.6858349681843837e-8 
0.0 
1.0 
0.004652179360503262 
1.0 
0.0 
1.0 
1.0 
0.0 
0.9999999999999438 
0.9999999989626832 
1.976501588657429e-8 
1.0 
9.28213018644994e-6 
1.0 
1.0 
1.0 
0.00023498222196671994 
1.0 
0.9999997659644646 
1.0 
1.631163433382698e-7 
0.0 
1.0 
1.0 
0.0 
0.0 
1.0 
0.835397744031639 
1.0 
0.9999989522647733 
2.372175296365053e-7 
1.0 
0.0 
0.0009101755076207948 
1.0 
1.0 
1.0 
0.9999999999999999 
0.00011799209729456432 
0.0 
0.0 
1.0 
0.0 
0.0 
1.0 
1.0 
1.0 
1.0 
6.13798388661973e-8 
1.0 
1.0 
1.0 
1.0 
1.0 
0.9999789898726045 
1.0 
1.0 
1.0 
0.0 
1.0 
1.0 
1.0 
0.0 
0.0 
1.0 
1.0 
0.9999999999774313 
1.0 
1.0 
1.0 
1.0 
0.0 
1.0 
1.0 
0.0 
1.0 
1.0 
4.92729701278068e-7 
1.0 
0.0 
7.042288835573771e-6 
0.0 
3.2744802120234416e-7 
0.0 
1.0 
2.0445415337157992e-5 
1.0 
1.0 
1.0 
1.0 
1.0 
7.376863561539501e-8 
1.0 
0.9999999999999994 
0.0 
1.0 
0.0 
1.0 
1.0 
1.0 
0.9999999999999991 
0.0 
0.0 
0.0 
2.3461975438447653e-8 
1.0 
1.0 
1.0 
3.782887816190599e-5 
1.0 
1.0 
0.0 
0.0 
1.0 
0.0 
1.0 
1.0 
0.9999999999999998 
0.0 
1.5575054606535044e-8 
9.417098396746417e-10 
3.9086219137887665e-9 
1.0 
1.0 
1.0 
1.0 
1.0 
0.0 
0.9999999999999999 
1.3155854256248746e-9 
1.0 
1.0 
1.0 
1.0 
0.9096096528303972 
1.0 
6.683481448701958e-7 
0.0 
1.0 
1.0 
1.0 
1.0 
1.0 
0.0 
1.0 
0.0 
1.0 
1.0 
1.0 
0.0 
0.0 
0.0 
1.0 
1.0 
1.0 
1.0 
0.0 
0.0 
1.1243624056876905e-8 
0.9928283012062081 
1.0 
9.997794005661578e-9 
1.0 
4.1608828883232795e-10 
1.0 
0.0 
1.0 
0.0 
1.0 
8.641385508580621e-5 
1.0 
2.923871564788629e-10 
1.0 
3.687217066118623e-8 
0.0 
1.0 
0.0 
2.749848856833358e-6 
0.9999999999999993 
1.0 
7.539765549533181e-8 
1.0 
0.0 
7.006185577278308e-7 
1.0 
1.0 
1.0 
1.0 
5.988145066690994e-8 
1.0 
0.0 
1.0 
1.0 
0.0 
1.0 
1.0 
0.999999651096818 
1.0 
1.0 
0.0 
1.0 
1.0 
1.563679421660456e-7 
1.0 
1.0 
2.3874008518403672e-6 
1.0 
1.0 
1.0 
1.0 
0.0 
0.0 
0.0 
1.0 
1.6502179230410953e-8 
1.0 
3.088343975748e-8 
1.0 
1.0 
0.0 
1.3375545400992682e-6 
0.0 
1.0 
0.0 
4.8750248571830225e-9 
1.0 
0.0 
0.0 
1.632499940802842e-8 
0.9999999999999999 
1.0 
1.0 
1.0 
1.0 
1.0 
1.0 
0.0 
6.581709056037334e-5 
1.0 
1.0 
0.0 
0.0 
6.085860797326149e-9 
0.0 
3.6193546391604273e-10 
2.9181599056994075e-8 
7.84635804308356e-9 
0.0 
1.0 
1.0 
1.0 
1.0 
1.0 
0.0 
4.2348489406637863e-7 
1.0 
0.0 
0.0 
1.0 
1.0 
1.0 
1.0 
1.0 
0.0 
1.0 
1.0 
0.0 
1.0 
1.496318291284528e-7 
1.0 
0.007013280529332347 
5.8840668009800044e-9 
0.0 
0.0 
0.0 
3.6994659603207904e-8 
9.183614136978326e-7 
0.9999999999999999 
0.0 
1.0 
0.0 
1.0 
1.0 
0.000699848588160302 
1.5536971500647776e-8 
0.0 
7.31223508092919e-8 
1.0 
0.0 
1.0 
0.9999999999998926 
0.017037224631488122 
1.9911733758348804e-7 
0.0 
8.88479087025904e-7 
0.0 
0.9743127815631422 
1.0 
0.0 
1.0 
1.0 
1.0 
0.999999989614785 
1.0290785169753412e-7 
8.311337487613097e-6 
2.703791765470717e-7 
7.837628194074603e-7 
1.0 
1.0 
0.0 
0.0 
2.8495244311549087e-9 
0.0 
0.0 
1.0 
1.0 
0.0 
0.0 
1.0 
0.0 
1.0 
0.9999999999999996 
1.0 
1.0 
1.0 
5.685476195820171e-5 
0.9999999999999996 
1.0 
1.0 
1.0 
3.658646594998429e-5 
7.703381163311099e-7 
0.9999999999999719 
2.4902297282526764e-6 
6.724053431028185e-7 
0.9999999999999931 
0.0 
2.73769664211255e-8 
1.0 
0.0 
1.0 
0.9999999999999825 
1.0 
1.0 
0.9999049072528816 
0.0 
1.0 
1.2133061225717456e-9 
1.0 
9.336324967945623e-7 
2.1607713951816413e-9 
0.0 
0.0 
0.9999999999999921 
1.0 
1.0 
1.0 
9.927168966311793e-6 
4.241646258211894e-6 
1.0 
1.0 
3.984526638978104e-8 
7.0433656063553375e-9 
1.0 
1.0 
4.6046682705786167e-8 
1.0 
0.0 
1.0 
1.0 
1.0 
9.573799299913532e-9 
0.0 
1.0 
4.50233307086803e-8 
1.0 
0.9999999999999076 
1.0 
0.9999999999986082 
1.0 
4.4243079574423444e-6 
2.1775192705578578e-7 
1.0 
1.0 
6.985894804981621e-10 
8.973079068947986e-8 
1.0 
0.0 
2.1382243819918224e-5 
1.0 
7.183303663659325e-9 
1.0 
0.0 
1.0 
1.0 
1.0 
1.0 
0.9885353695193583 
1.0 
0.0 
1.0 
0.0 
1.0 
0.0 
1.387151130508464e-7 
8.248777402829824e-8 
1.262143697773631e-5 
1.0 
1.0 
4.5827331734507156e-10 
1.2317713904949724e-7 
2.1392070992376728e-7 
0.9999999999999809 
1.096943743222699e-6 
0.002302553307895647 
0.9999999999997212 
1.0 
0.9999999999325978 
1.0 
1.0 
1.0 
4.5136453267282607e-8 
1.0 
1.0 
1.0 
1.0 
1.260271927210027e-9 
0.0 
0.9999999999999984 
1.0 
3.724408017120595e-10 
1.0 
9.35988121477488e-6 
1.0 
0.7359518741207657 
0.0 
1.0 
1.0 
8.158338136063664e-5 
9.451945189351378e-8 
5.544034841922938e-7 
4.141950437846923e-9 
0.0032246317802880897 
0.0 
1.9920066830550285e-8 
1.5545701071551002e-6 
1.0514470771227019e-7 
0.0 
0.9999999999999817 
1.0 
2.668253932567413e-8 
0.004428567198252671 
1.7186864333091666e-5 
1.0 
1.0 
0.9999999984071349 
1.0 
1.0 
1.0 
0.0 
0.0 
1.9876755300006237e-8 
6.286175699272319e-6 
1.0 
0.9999999999992794 
1.0 
1.8544224842051824e-5 
4.6849400472842074e-6 
0.9999999999965467 
0.9999999999993561 
0.0 
1.0 
0.9999999999997365 
0.05793938821551749 
0.0 
6.011705740635242e-10 
1.0 
3.1824399110155676e-7 
0.0 
0.9999999999998812 
0.0 
1.0 
1.0 
0.9999999999983047 
0.9999999999987901 
1.0 
0.9999999999999818 
0.99999999974591 
0.0 
1.0 
3.8247236145035325e-9 
1.0 
0.9999999999999994 
0.0 
7.868501350739812e-9 
1.0 
1.0 
1.0 
7.070431363139677e-9 
7.70099687967002e-8 
0.0 
1.0 
0.0 
1.0 
1.0 
1.0 
1.0 
0.9999999999999477 
0.0 
0.9999999999981866 
1.0 
4.091099873407396e-7 
5.660117888659644e-10 
0.9999999999998977 
1.0666390618563667e-8 
0.9999999999908271 
5.659309290711172e-9 
0.9999999999999021 
1.0 
5.555003841772416e-8 
0.9999999999999999 
0.0 
1.0 
0.0 
0.9999999999999809 
0.0 
0.0 
0.0003037653164155528 
1.0 
1.0 
1.0 
1.4412114833224068e-7 
0.0 
0.0 
1.0 
1.0 
0.9999999999995259 
0.9999999999999435 
7.580061010596689e-5 
0.0 
1.0 
0.9999999999993613 
0.9999999999988569 
5.004386326720102e-8 
0.0002214577397789148 
1.0488024156294986e-6 
0.0003207019536568646 
0.0 
2.7408913763684183e-8 
0.9999998928539885 
7.528730207955969e-7 
1.0 
2.9411149266048995e-8 
6.508532439138104e-9 
0.9999999990789293 
1.0 
1.8402255751149888e-6 
0.0 
0.9999999996335863 
1.0 
0.0 
1.0 
1.0 
0.0 
1.0 
0.0 
1.0 
1.0 
1.0 
0.9999999999986415 
1.0 
0.0 
1.0 
0.0 
1.0 
1.0 
0.0 
0.9997608572760487 
0.9999999999997611 
1.0 
0.9999999999999306 
1.0 
1.0 
1.0 
1.5246661079758647e-6 
1.0 
1.0 
1.0 
1.0 
0.0 
0.9999999999947541 
0.9999999999999768 
3.550179979249398e-8 
1.0 
0.9999999999998179 
0.9999999999706921 
1.0 
1.2219357528131998e-7 
1.0 
1.0 
1.0 
1.0 
0.9999999999997704 
6.766859072938651e-7 
2.3196539626265476e-9 
1.0 
0.0 
0.9999486295586971 
0.0 
1.0 
0.9999999991750006 
0.9999999999999446 
1.0 
3.5080410661879644e-7 
0.0 
3.960547320300409e-8 
0.9999999999999255 
0.9999999999978442 
0.0 
1.0 
1.0 
1.0 
0.9999999172104871 
1.0 
0.9999999999999426 
0.9998925521122172 
1.0 
8.227992579946169e-10 
1.0 
0.0 
1.0 
1.0 
1.0 
0.0 
1.0 
3.526083969633146e-6 
0.0019233477755088465 
1.0 
0.0 
1.0 
0.0009973810403131954 
0.9999999999999781 
1.0 
1.0 
0.9999999993589639 
1.0 
0.0 
1.0 
1.0 
0.0 
1.0 
5.877031279079985e-6 
8.016127719629846e-6 
0.0 
0.0 
7.623462310923362e-7 
0.0008219189211583428 
0.9999999999997492 
1.0 
0.9999999999909656 
1.0 
9.591383877856182e-8 
0.002168988619712995 
1.0 
1.0 
1.0 
0.9999999998854893 
1.0 
1.0 
0.0011996375729194956 
1.0 
1.0 
0.9999999999583656 
1.0 
1.0 
0.0 
1.0 
0.9999999998150468 
0.999999999999925 
1.0 
0.0 
1.0 
1.0 
1.0 
0.9999999999940961 
1.0 
0.9999999999960546 
2.4851081194317298e-6 
3.95271437618822e-6 
1.3503620571244972e-6 
1.0 
2.8454886472024706e-8 
0.9999999997417485 
0.9999999999996061 
1.0 
0.0 
0.9999999996176754 
1.0 
0.9999999997620763 
1.0 
0.9878040369643719 
1.0 
0.0 
0.9999999999226951 
1.0 
1.0 
0.0 
0.9999999970100627 
1.0 
0.0 
1.0 
1.0 
1.0 
0.0008367852241532032 
3.1737109132088604e-5 
0.9999999961495372 
1.0 
1.0 
1.0 
0.9999744229543656 
0.9999999957943538 
1.0 
1.0 
0.0 
1.0 
1.0 
1.0 
0.9999999999999999 
0.999999999997481 
0.0 
1.0 
1.0 
0.013335090326221074 
1.0 
0.0 
1.0 
0.9997888108957268 
1.0 
1.0 
0.0004249555291040762 
0.9999872980580569 
1.0 
0.0 
0.9999999999971915 
0.9999999946171391 
1.0 
1.0 
1.0 
1.0 
1.0 
0.0 
1.0 
1.0 
1.0 
1.0 
1.0 
0.999999999817941 
1.0 
1.0 
0.9999999999998798 
0.9999928922416778 
1.0 
1.0 
0.9999999999995155 
7.875932816162714e-8 
1.6741759614683808e-6 
2.496432337009934e-6 
1.0 
0.9999999999988712 
0.9999999992927453 
1.0 
0.9999385564774406 
4.046176531541623e-8 
0.9999999999962451 
1.0 
1.0 
0.9999993981993177 
0.00043145695837436986 
0.0 
0.0 
1.0 
3.323866019695514e-7 
0.9999999997604276 
0.08319423632167923 
1.757937287488428e-7 
1.0 
3.279526551355931e-6 
0.9999999999915344 
0.9999999999997237 
1.0 
6.602863834705332e-5 
1.0 
1.0 
0.9999517822574845 
1.0 
1.0 
1.0 
0.9999999899191157 
1.0 
1.0 
1.0 
0.005352686221129938 
1.6071840143923195e-7 
0.9999999999997506 
0.00482501837357686 
1.0608962533124859e-6 
1.0 
0.9999999998882788 
1.0 
0.0002621990490446504 
0.9999999989701999 
1.0 
0.0 
1.0 
1.0 
0.0 
1.0 
1.0 
1.0 
1.0 
1.0 
1.0 
1.0 
1.0 
1.0 
0.9999999998915843 
1.6962555382243943e-7 
1.0 
1.0 
1.0 
1.0 
0.0016264708531784577 
3.818643569128773e-8 
1.0 
1.0 
1.0 
5.695362377607077e-6 
0.9999999624584973 
3.3223810336295445e-8 
1.392222718287317e-6 
0.0 
0.9997816561973842 
1.0 
1.0 
0.9999999993144617 
0.9999999997732 
0.9999999998982895 
0.0 
1.0 
0.0 
1.0 
1.0 
0.9999999999939827 
1.0 
0.9999999997456136 
4.826320207927862e-6 
0.0 
0.0014478929048672626 
1.0 
0.9999783504965256 
0.0 
0.9190190309809534 
1.0 
1.0 
1.0 
0.9999999239268492 
0.99999999989952 
1.0 
1.0 
1.0 
1.0 
0.0 
1.0 
0.9999999991362245 
1.1790429634725495e-6 
1.0 
0.0 
1.0 
0.9745883219216176 
1.0 
1.0 
1.0 
0.0 
1.0 
0.9999999998091497 
1.0 
0.010222264134791383 
0.9836625240088901 
1.0 
1.0 
0.9999911094231239 
0.9999912224877165 
1.0 
1.0 
1.0 
0.9999972568164586 
0.0 
0.9999999999961326 
1.0 
0.999999999922692 
0.0 
0.9999358956452045 
0.0 
0.0 
0.6353170733290183 
1.0 
1.0 
1.0 
0.0005066123825406784 
0.9999999367059555 
1.0 
0.9999999999992599 
1.0 
0.0 
1.0 
1.0 
1.0 
1.0 
1.0 
0.00015125545670674581 
1.0 
1.0 
2.3654193842962785e-9 
3.6113904379927033e-7 
0.999999368711462 
1.0 
3.3913559136920356e-7 
0.9999999999743038 
1.0 
0.9999999999999951 
0.9999999997283333 
0.9999999983770093 
1.0 
0.00024952006023853533 
0.0 
1.0 
1.0 
0.9999996482792735 
1.0 
1.0 
0.9999999967998648 
0.0 
5.579631507399658e-6 
1.0 
0.0007342702504849774 
1.0 
1.0 
0.9999999999996103 
1.0 
0.9999999622583801 
0.9999992682736211 
0.042553079338570374 
1.0 
1.0 
1.0 
8.644328832895778e-10 
0.0006597206063191196 
1.0 
1.0 
0.9999999999847766 
1.0 
0.9999999848444525 
0.41430129913788927 
1.0 
0.0 
1.0 
0.0 
0.9999971079526286 
0.0 
1.0 
1.0 
0.0 
1.0 
1.0 
0.0 
1.0 
3.008541498503207e-10 
0.9999976367285758 
0.48108799271534486 
0.9999999924977511 
0.9999999881342105 
1.0 
0.00048212832670239036 
0.9999999999754935 
0.9999993683812374 
0.0010248940717641033 
0.9999999321011112 
0.0 
4.1275603074255506e-5 
0.0 
0.0010728794655505112 
0.9999971340725302 
0.9999999999999964 
1.0 
1.0 
1.0 
0.9999836744069861 
8.518088652692319e-9 
1.0 
1.1121411426281496e-8 
0.0 
0.9999996146115598 
1.0 
1.0 
0.9999984458176873 
1.0 
1.0 
1.0 
0.999999979552835 
1.0 
0.0 
1.0 
1.0 
0.9999999999993118 
0.0 
1.0 
1.0 
0.9999999999999809 
1.0 
1.0 
1.0 
0.00022513090329206935 
1.0 
0.9997935452559483 
7.0281321065949e-7 
1.0 
0.0 
1.0 
0.0 
1.0 
0.9999999985564163 
1.0 
1.8773704929311446e-10 
6.366482810920556e-7 
5.880979819798635e-9 
0.9999997794391263 
1.0 
4.9410937845758596e-5 
0.0 
6.852406926069442e-6 
0.0 
1.0 
1.0 
0.9999965225323841 
0.9999793357038214 
1.0 
0.9999999999459068 
1.0 
0.9999999999991565 
0.9999999980493471 
1.0 
1.0 
0.0009929820266448136 
1.0 
0.9932488519018394 
1.0 
0.9999999999074579 
1.0 
1.0 
1.0 
1.0 
0.0 
2.3784126836954474e-9 
1.0 
0.0 
0.9999994449781766 
0.999999999977079 
1.3229179375412822e-7 
0.999999896802903 
1.0 
0.0 
0.0 
0.9638416531909574 
0.9999999999665494 
1.0 
1.0 
4.9129685583360126e-5 
0.0012381621081244772 
1.0 
0.019772206380628297 
1.0 
4.315744073708514e-8 
0.9999743344903885 
0.0 
0.010218877275078026 
1.0 
1.0 
0.9999999997250139 
1.0 
1.0 
1.0 
1.0 
0.9999955969844975 
1.0 
1.0 
1.0 
0.9999999999971351 
1.0 
1.0 
1.0 
0.9999158727606522 
0.0 
1.0 
1.0 
0.0 
0.8951155697848554 
1.0 
0.0 
0.9999999999999996 
1.0 
1.0 
0.0 
1.9954883653922882e-7 
0.00016003014577529377 
1.0 
1.0 
1.0 
1.0 
0.0 
4.090054097756375e-8 
1.0 
1.0 
0.9999998899357749 
0.9999999997794364 
0.9999999999999993 
0.9999999999999817 
6.796125810807127e-7 
0.0 
1.0 
0.999999996291607 
1.0 
1.0 
1.8086250350324556e-10 
0.8946095805070053 
1.0 
4.311118776633297e-6 
0.9999972208000598 
0.0 
0.002528240983927414 
0.008450781327769802 
1.0 
0.9996125165690076 
0.9999999999664673 
1.0 
1.0 
1.0 
0.9999998780398495 
1.0 
0.0 
0.4888741594299822 
1.0 
0.0 
1.0 
0.0024686616864483747 
1.0 
1.0 
0.9999999291934789 
1.0 
8.47276003495074e-9 
1.0 
1.0 
1.0 
1.0 
1.0 
1.0 
1.0 
0.00024383893440944085 
1.0 
1.0 
1.0 
1.0 
1.0 
1.0 
1.0 
1.0 
1.0 
1.0 
1.0 
1.0 
0.000772619927542705 
1.0 
1.0 
0.0 
1.0 
9.960628302966452e-5 
1.5236567629047174e-5 
1.0 
1.0 
0.0 
0.0 
7.098235605080415e-8 
0.9999999999977427 
0.0 
0.9999999994354566 
1.0 
3.5374415467898344e-6 
0.0 
1.0 
3.1290861648258185e-7 
0.0 
0.9999999428696223 
1.0 
0.9999983483413496 
1.0 
1.0 
1.0 
2.47046515764868e-5 
1.0 
1.0 
1.0 
1.0 
1.0 
1.0 
1.0 
1.0 
1.0 
1.0 
0.015087012000938304 
1.0 
1.0 
1.0 
1.0 
0.0 
0.9999924230674008 
1.0 
0.9999999998977912 
1.0 
1.0 
1.0 
0.4658193380673522 
1.0 
1.0 
0.999927941630826 
0.0 
0.9999999999996673 
0.0 
0.0 
1.0 
0.0 
0.0022318456317915163 
1.0 
0.0005732727096625127 
0.3535246975809395 
0.9999999987709953 
0.9999999999481823 
0.0 
2.2292124479780222e-5 
1.0 
1.0 
1.0 
1.0 
1.0 
1.0 
0.0 
1.0 
0.0 
2.26912870358957e-7 
0.9999999999669712 
0.0 
1.0 
1.0 
1.0 
1.0 
1.0 
0.0 
0.9999999999984015 
1.0 
1.0 
0.9999966727915068 
1.0 
2.9304280478612634e-7 
0.9999999999999981 
0.9999999994778741 
1.0 
1.0 
0.00044204634883315114 
0.9999965112492786 
1.0 
1.0 
1.0 
1.0 
1.0 
0.9999999999999989 
1.0 
3.623491779929848e-6 
0.04738279615207238 
1.0 
1.0 
1.0 
0.0002942022092319026 
0.9999999524417169 
0.0 
0.0 
1.0 
0.0 
1.0 
0.9999999999999761 
0.0018278424268909881 
1.0 
1.0 
1.0 
1.0 
0.0 
0.0 
0.9999996950749382 
0.9999991146050499 
0.0 
1.0 
0.7638493641869855 
1.0 
0.9999999999996567 
0.0 
1.0 
1.0 
0.9999999999942301 
0.9999999999999892 
0.0 
1.0 
0.9999999999966053 
1.0 
1.0 
1.2669756842460563e-6 
1.0 
0.9999999995366831 
0.0076299199490565605 
1.0 
1.0 
1.0 
1.0 
4.77297326216826e-5 
9.958415415340647e-5 
1.0 
0.1175893501338153 
2.854390698526295e-6 
1.0 
0.9999999298233235 
0.9999999999999708 
1.0 
1.0 
8.617670267329754e-5 
1.0 
0.002174124710654131 
0.29741991672214724 
0.0 
1.0 
1.0 
1.0 
0.0 
0.9999710037404609 
1.0 
0.0 
1.0 
1.0 
1.0 
1.0 
0.0 
1.0 
1.0 
0.999997513651616 
1.0 
0.0 
0.0 
1.0 
1.0 
0.0 
0.0 
0.0 
0.0 
1.0 
0.9999999999216578 
0.0 
1.0 
1.0 
5.711221278860459e-5 
0.0 
0.9999993622560661 
1.0 
1.0 
1.0 
1.0 
1.0 
0.030606663959274454 
1.0 
9.455906205148632e-5 
1.0 
1.0 
0.002334128555760813 
1.0 
1.0 
1.0 
0.2894857996297217 
9.688872709432594e-7 
3.4549043540663076e-7 
0.9999999998369886 
1.0 
0.0001030121845836102 
0.0 
0.9999999999996487 
1.0 
8.354501117291936e-7 
1.0 
0.7247625101863818 
1.0 
0.0 
0.0 
0.9999996154062101 
0.0 
1.0 
1.0 
0.9999146665881384 
0.999999999986155 
1.0 
0.001035256839239225 
1.0 
0.05008295667344709 
0.999999999999995 
1.0 
1.0 
0.0 
3.064979169810729e-5 
1.0 
1.0 
1.0 
1.0 
0.9999999750825312 
1.0 
0.999999999998838 
1.0 
1.0 
8.277740465994215e-5 
0.999999999999999 
1.0 
1.0 
1.0 
1.0 
1.0 
1.0 
0.000586798858711752 
1.0 
1.0 
1.0 
1.0 
1.0 
1.0 
1.0 
2.9712503731614014e-6 
1.0 
1.0 
1.0 
0.0 
1.0 
1.9753181868254123e-8 
1.0 
0.9999996809689502 
0.0 
1.0 
0.9999999999999998 
0.0 
0.9999999991607043 
0.03929038040258095 
1.0 
0.0 
1.0 
1.0 
1.0 
1.0 
0.0 
0.9999999998469169 
4.5741726241366426e-7 
1.0 
0.9999999999107553 
0.0 
1.0 
1.0 
1.0 
1.2267537169618941e-5 
1.0 
0.9999999999998228 
1.0 
0.0 
2.425208403794337e-6 
0.0 
1.0 
1.0 
0.0 
1.387580373248051e-5 
0.0 
1.0 
8.313260099222719e-8 
7.227363745523436e-7 
3.659210979006287e-6 
1.0 
9.792812732393345e-6 
0.0 
8.839187206235676e-5 
1.0 
1.0 
0.00018520021183974432 
0.00023604979555326555 
0.0 
1.0 
0.00025177628331954306 
1.0 
1.0 
0.9999999999497116 
1.0 
1.0 
0.0 
0.0028546296408148266 
1.0 
1.0 
3.373680165984081e-7 
0.04557185402549702 
1.0 
1.0 
5.7125492865026426e-5 
1.0 
1.0 
0.00045073662209020777 
0.9999999999999921 
1.0 
0.0 
0.004077788932450272 
0.0 
0.006713831435314168 
1.0 
1.0 
0.0 
0.9999990612727934 
0.5980557894376749 
4.057016890692314e-5 
1.0 
3.623777822882072e-7 
6.945103495622256e-5 
1.0 
1.0 
1.0 
1.0 
2.140830469808339e-6 
1.0 
0.029227193732586688 
1.0 
1.0 
1.0 
0.00015869010460660199 
0.0 
1.0 
1.0 
0.0 
1.0 
0.0 
0.9999969658440705 
0.0 
4.662981045241372e-9 
0.0 
1.0 
0.012099753272787771 
1.0 
1.0 
0.9999999999999775 
1.0 
1.0 
1.0 
5.25147935751238e-7 
1.0 
0.0 
3.8675712537425976e-8 
1.0 
0.0 
1.0 
1.0 
1.0 
0.0 
1.0 
1.0 
2.6777758169104274e-6 
1.0 
3.3653759514326853e-6 
0.9999760381622458 
1.0 
1.0 
0.0 
0.9989821349602107 
0.9999992067026688 
0.5459138962926453 
1.0 
1.0 
3.282360312004008e-8 
1.0 
0.9999187819262513 
1.0 
1.0 
0.9999999999349675 
0.0 
0.9999999071459483 
0.9790361342612423 
0.05524187368583403 
1.0 
0.0 
0.0 
0.999999996794964 
1.0 
0.9999999972749054 
0.9999999979793897 
1.0 
1.0 
1.0 
1.0 
0.9918005284989156 
1.0 
6.864583312123545e-8 
0.0004122077214757138 
1.0 
4.357906985506386e-10 
0.0003817938001422314 
0.9999410133216792 
0.9999998323289933 
1.0 
0.0 
7.068080515398502e-5 
7.96750063495727e-10 
1.0 
1.8617857577718033e-8 
0.0 
1.4316158915523388e-8 
1.8176549867895265e-7 
0.0 
0.00034058573903856355 
1.0 
2.4083007846643917e-5 
0.0 
1.0 
5.900857871836962e-9 
1.0 
1.0 
0.9999999999999996 
1.0 
1.0 
0.0010130434486321303 
1.0 
0.0 
1.0 
0.9957750632373039 
1.0 
1.0 
0.9999995059031692 
0.0 
0.9999999995052478 
4.757994349164143e-9 
1.0 
1.0 
4.0955618128494345e-6 
1.0 
1.0 
1.0 
0.0 
1.0 
1.0 
4.965484103983313e-5 
0.9997495547766909 
1.0338202179877947e-9 
1.0 
1.4858591363979886e-10 
0.9999996911195126 
1.0 
1.0 
1.0 
1.0 
0.0001103092745062415 
2.918255183207153e-5 
1.0 
0.999999999604021 
1.0 
1.0 
0.9999999825644622 
1.0 
0.9999999999999976 
1.0 
1.0 
1.0 
0.0 
1.0 
0.0 
1.0 
1.0 
8.118099676783077e-7 
1.0 
1.9255304541313941e-7 
1.0 
1.0 
1.715700319874907e-8 
5.18817246098763e-6 
1.0 
1.2528045514865374e-5 
1.0 
1.0 
6.303977940491202e-9 
0.9999999999964037 
0.0 
1.0 
1.0 
2.372817003581493e-6 
1.0 
1.0663997993237884e-6 
1.6935730388260996e-10 
1.0 
1.0 
1.0 
1.0 
0.0 
5.2906706575543535e-5 
1.0 
0.9999999999999981 
0.0 
1.0 
1.0 
1.0 
1.0 
0.0007388160897417573 
1.0 
1.0 
5.6264149408926e-5 
0.0 
1.0 
2.920923013759989e-6 
1.0 
1.3779918881950662e-8 
0.4100455775961138 
0.0 
1.0 
9.721464815901029e-8 
1.0 
1.0 
1.0 
0.9999998160309497 
4.8351729487668075e-6 
0.9999999999999414 
0.0 
0.9997453026532199 
0.9999999999999958 
1.0 
0.0 
1.0 
0.002024742237371443 
1.0 
0.001860753510071503 
0.9999999999997202 
3.5265196004743844e-7 
0.9999996868592729 
0.003427596250224075 
1.0 
0.0 
1.0 
1.743507377526917e-6 
3.928645507923333e-5 
1.0 
1.0 
1.0 
0.9999999999997671 
7.525935148029341e-7 
1.0 
1.0 
0.0 
0.8289014928567163 
1.0 
1.0 
0.0 
6.670457996753231e-11 
1.367649322688634e-6 
1.0 
1.8543479807726714e-5 
0.0 
1.0 
1.0 
1.0 
1.0 
0.00021053437983716114 
1.0 
1.0 
2.5905906272151153e-5 
1.0 
1.0 
1.0 
5.05959993617691e-5 
0.0 
1.0 
0.000103558821080316 
0.0 
0.0 
1.0 
2.5248493976614433e-6 
0.9999999999992857 
4.875274020973539e-6 
1.0 
1.0 
1.6788730711507039e-6 
1.0 
1.0 
2.2461073319452906e-5 
1.0 
1.0 
1.0 
1.0 
1.0 
0.0 
1.0 
0.0024647600990007146 
0.9999999999999996 
1.0 
4.946963368374196e-6 
1.0 
6.354311656901687e-10 
0.00011724951333467463 
8.109340537823155e-8 
1.0 
1.0 
1.0 
1.0 
0.0 
0.00010474069590803052 
0.9999999999999047 
1.0 
1.0 
1.0 
1.5353439780547605e-10 
1.0 
1.0 
0.9999999999999998 
0.0 
1.4402873752616614e-8 
1.0 
2.448658196346518e-5 
0.0 
1.0 
5.737267113987299e-7 
8.009243275278083e-6 
1.0 
0.9999999999999997 
4.376421831209964e-9 
1.0 
0.9999999999535408 
1.0 
0.0005050498798218881 
0.0 
1.0 
1.0 
0.0 
1.0 
1.0 
1.0 
1.0 
1.0 
1.0 
1.0 
1.0 
1.0 
1.0 
0.0 
0.0 
4.476921972802434e-9 
0.007168136120273027 
1.0 
1.0 
0.004483400633420225 
6.4444329153593916e-6 
0.999999999999996 
1.0 
1.0 
1.0 
1.0 
1.0 
1.0 
1.0 
1.0 
1.0 
1.5652281956791665e-9 
0.9782269721028547 
0.002110553512722554 
1.0 
1.0 
9.621758224310875e-8 
0.9999999483067443 
1.2371949870298193e-8 
0.0 
1.0 
1.0 
1.0 
1.0 
0.0 
1.0 
1.0 
1.0 
1.0 
1.0 
1.0 
1.0 
3.159510431875082e-6 
1.0 
1.0 
1.0 
7.963624287356126e-7 
1.0 
1.0 
0.9996832364252622 
1.0 
3.0561822017256096e-9 
1.0 
1.0 
1.0 
0.0 
3.5900631703593226e-10 
1.0 
9.675026441075324e-10 
1.0 
0.00022999290684672116 
1.0 
1.0 
9.416984386167859e-8 
1.0 
1.2466505249055944e-6 
0.0 
1.0 
1.0 
0.0 
5.734380984885958e-7 
0.0 
1.0 
0.0 
0.0 
1.0 
0.0 
1.0 
0.0 
0.0002535282293446664 
0.0 
2.210775348794706e-5 
0.9881143578959417 
1.0 
1.0 
1.0 
1.0 
4.063336956147699e-7 
1.0 
1.0 
1.0 
1.0 
1.0 
2.4780171319357117e-7 
0.9999999999999994 
1.0 
1.0 
1.0 
1.0 
0.0 
0.0 
1.0 
0.41625031099934234 
1.0 
0.0 
1.0 
1.3553903308742365e-5 
1.0 
1.298820136673152e-8 
0.0 
0.0 
1.0 
1.0 
1.1724149703603791e-6 
0.0010118610406207396 
1.0 
1.0 
1.0 
1.7269035841771905e-8 
1.0 
1.0 
1.0 
1.0 
0.0 
0.99999999999971 
1.0 
1.0 
1.3381023552911566e-8 
0.00016692617788895345 
1.0 
0.0 
0.0 
1.0 
1.0 
1.0 
2.02839574547606e-8 
1.0 
1.0 
1.1412563648234067e-8 
1.0 
0.0 
0.0 
0.0 
8.519734688346774e-8 
1.1856355779818874e-5 
1.0 
1.0 
1.0 
1.0 
1.0 
1.0 
0.988479273382523 
0.014030671264736175 
1.0 
1.5933915847345377e-6 
0.0 
2.21046875596818e-6 
1.2154794744355523e-5 
1.0 
1.0 
1.0 
1.747905739451981e-8 
1.0 
1.4675583591146683e-6 
1.0 
1.0 
1.0 
3.222493520394554e-6 
0.0 
1.0 
1.0 
1.0 
0.0 
0.0 
1.0 
0.0001329162793856385 
1.0 
0.0 
1.2684834700608068e-8 
1.0 
2.0677898710758335e-5 
1.0 
1.0 
1.0 
1.117797242290722e-6 
0.0 
4.2900074651826526e-8 
1.0 
0.0 
1.0 
9.969966596146341e-10 
1.0 
1.0 
0.0 
1.0 
0.0 
1.7744287182833532e-7 
0.0 
0.0 
1.0 
1.0 
0.0 
1.0 
1.0 
0.0 
1.0 
1.0 
1.0 
1.0 
5.532631384049136e-6 
1.0 
0.0 
2.224420361347734e-5 
9.192870719594351e-8 
3.899936233235805e-7 
0.9999962211576808 
0.0 
1.0 
0.0001751471832050918 
0.0 
1.0 
1.0 
1.0 
1.0 
0.6468279106964159 
1.0 
2.955023172956992e-7 
0.9998468188067205 
0.0 
0.49175118013929836 
2.521946160476666e-7 
3.3977933302707106e-8 
9.674996503778105e-11 
1.0 
0.0 
1.9809997554536086e-5 
1.0 
1.0 
1.0 
8.058829503632332e-9 
1.171885616207979e-8 
1.0 
0.0 
1.0 
0.9999999999999993 
0.0 
1.0 
2.561221949003017e-7 
4.2534639830979244e-7 
7.132042366172711e-5 
0.0 
0.0 
0.15627582039432664 
1.0 
0.0 
1.0 
1.0 
0.0 
0.0 
1.0 
0.0 
1.0 
0.00019964592572687992 
1.0 
4.708628118017916e-7 
1.0 
2.9507331513555157e-8 
0.13718687147369293 
1.0 
1.0 
1.0 
0.0 
1.0 
0.0 
1.0 
1.0 
3.4685724270235093e-9 
1.0 
1.0 
1.0 
1.513212279796523e-8 
1.0 
1.7801815494127495e-7 
0.0 
2.010373621473289e-6 
0.0 
3.757854264742386e-8 
0.0 
4.337121109363289e-11 
0.0 
1.0 
1.0 
0.0 
1.0 
1.0 
1.0 
0.0 
1.0 
0.0 
1.0 
1.0 
8.693018530628316e-8 
1.0 
0.0 
0.00029626332456811257 
4.947357370022446e-8 
1.0 
1.0 
1.0 
1.0 
1.0 
1.0 
1.0 
1.0 
0.9999997723315374 
0.00033348679574353256 
1.0 
0.0 
1.0 
0.0 
1.4867211585369105e-8 
0.0 
0.0 
1.0 
0.999999993898363 
1.0 
0.0003262795558273531 
1.0 
0.0 
2.695997800110866e-6 
1.0 
1.0 
9.371714232615606e-7 
0.0 
0.0 
0.0 
3.1600671533292644e-7 
0.0 
1.0 
0.0 
3.269707965910549e-12 
1.0 
0.00046111180264636403 
1.0 
1.0 
0.0 
0.0 
2.1487407701643512e-5 
0.0 
1.7925027057858165e-7 
0.0 
1.0 
1.1216550332969326e-8 
1.0 
5.655222905592861e-9 
4.561734655941166e-6 
1.0 
0.0 
0.0 
1.0 
1.759586298105613e-10 
1.0 
1.2146495663295646e-8 
1.0 
1.0 
0.0 
7.034668848689657e-11 
3.246676594802662e-9 
1.0 
5.598535510375805e-7 
2.6293863805826314e-9 
2.2558229963799288e-5 
1.0 
0.0 
1.0 
1.0 
0.0 
1.0 
3.0092293191548775e-11 
1.0 
1.0 
1.0 
1.0 
1.0 
1.0 
1.0 
1.5202281007208418e-9 
1.0 
1.0 
0.0 
1.0 
0.9931802950456136 
0.0 
1.0 
8.07117496255714e-8 
8.396630914411042e-10 
0.9998940557417296 
1.9244865284906906e-9 
0.0 
1.0 
1.0 
1.0 
3.796240779123891e-10 
1.0 
1.0 
1.0 
1.0 
0.0 
3.6174601683906343e-9 
1.0 
1.0 
7.989314317674806e-8 
1.0 
1.0 
1.0 
1.0 
1.0 
9.775197140364773e-6 
1.0 
1.0 
1.0 
1.0 
4.832531683139367e-8 
1.0 
1.0 
1.0 
1.8787204741449958e-5 
1.0 
1.0 
1.0 
0.9204421891395637 
1.0 
0.0 
0.0023902783549273727 
1.0 
1.0 
2.864699632136003e-9 
4.037277660611297e-8 
8.03642731146461e-6 
1.0 
1.0 
1.0 
1.0 
0.9999975547182907 
1.0258208692693398e-8 
5.220992682547928e-9 
7.402729161221331e-6 
0.0 
0.0 
1.0 
1.0 
3.7223508508038334e-7 
1.0 
5.738109449274446e-9 
0.0 
1.0 
0.0 
1.0 
1.0 
1.0 
1.0 
1.0 
0.0 
0.0 
1.0 
1.0 
1.0 
3.768687303889747e-8 
1.0 
9.069599042484578e-6 
1.0 
1.0 
0.0 
1.0 
1.0 
1.0 
1.0 
0.0 
1.0 
1.0 
1.0 
1.0 
1.0 
1.0 
9.446425777304267e-7 
5.115026848858426e-10 
0.0 
2.9414545924906786e-5 
1.591061195591976e-9 
5.7664077245299996e-6 
3.683903951689198e-5 
0.0 
1.0 
1.0 
0.0 
5.1928373926328594e-11 
0.9999999868049418 
0.0 
0.0 
8.544457127772979e-6 
2.565769556344751e-6 
1.0 
0.0 
0.0 
7.16875636439517e-8 
1.0 
0.0 
1.0 
0.9999999999514356 
0.9998504577956453 
1.4495837034957358e-7 
1.0 
0.0 
3.1591377459104852e-9 
1.0 
1.0 
1.0 
0.0 
0.0 
1.0 
1.0 
4.0959805227905826e-8 
0.0 
1.0 
9.84103021767317e-10 
2.598996485377924e-5 
1.0 
0.00018998897121040104 
1.0 
1.0 
0.0008697717050555566 
0.0 
1.0 
1.0 
0.0 
0.9999999999901561 
1.0 
4.4460454226566175e-6 
1.0 
0.0 
0.0 
1.0 
8.424497909324943e-7 
0.0 
1.0 
1.6266329813424324e-7 
0.0 
1.9163055327922128e-7 
0.0 
1.0 
1.0 
1.0 
0.00034332178797260633 
1.0 
0.0 
1.0 
0.0012655934523065513 
2.3524558273791674e-5 
1.0 
1.0 
1.0 
0.0 
1.6380022406027202e-7 
1.0 
2.1728352295741283e-9 
1.0 
1.0 
0.0 
1.0 
1.0 
1.0 
0.0 
6.619397466664721e-7 
1.0 
0.0002173712551441938 
0.9999999945446336 
1.0 
1.0 
2.7231738952963887e-5 
2.1624608988665516e-8 
1.0 
1.0 
0.0 
0.0 
1.0 
0.0 
1.0 
0.0008192278658749671 
1.0 
1.0 
1.0 
0.4954310666423878 
0.01069139055461351 
6.257464395745908e-6 
1.4167278428207327e-8 
1.0 
1.0 
1.0 
0.47150056441798255 
1.0 
1.0 
0.0 
1.0 
1.0 
1.0 
0.0 
3.6667959562047324e-7 
1.0 
1.0 
1.0 
1.3633802548958352e-5 
1.0 
1.0 
1.0 
6.174314014027199e-6 
0.9999999999999927 
1.0 
0.9999999999999812 
1.0 
1.0 
1.0 
1.0 
1.0 
1.4526875471326957e-8 
1.0 
1.0 
1.0 
1.0 
1.0 
0.0 
1.0 
1.0 
0.9999999999999999 
1.0 
8.105782477837764e-6 
0.00021988203088099562 
1.0 
0.0 
0.0 
0.0 
0.0 
1.0 
2.972740276711867e-7 
1.0 
1.0 
1.0 
4.480863868643769e-8 
0.0 
0.0 
1.0 
1.0 
3.6259562587382475e-7 
0.0 
1.0 
1.0 
0.0 
0.0 
1.0 
1.0 
8.018673301973069e-11 
0.0 
1.0 
1.0 
1.0 
0.0 
0.0 
1.0 
0.9913286228905306 
0.0 
0.0009277448403239137 
1.0 
0.0 
1.0 
1.0 
1.0 
2.6630184633054527e-6 
0.9999999999999998 
1.1605430161921809e-6 
1.0 
0.9999999999999998 
0.999999289686208 
2.00246615010236e-5 
2.1573507949858056e-6 
0.0 
0.0 
1.0 
0.0 
1.0 
1.0 
1.0 
1.0 
1.0 
1.0 
1.0 
2.226264996234894e-11 
0.0 
1.0 
1.0 
1.0 
1.0 
1.0 
0.0 
1.1212947712360007e-9 
0.0 
0.9343038346323779 
1.0 
1.0 
1.0 
1.0 
0.0 
9.366439830470335e-10 
1.0 
1.0 
0.0 
1.0 
1.0 
1.0 
0.0 
1.312988085443949e-11 
1.0 
1.0 
0.555756068378556 
1.0 
1.0 
1.0 
0.0 
1.0 
1.0 
1.0 
0.0 
0.0 
3.5225606579144066e-6 
1.0 
1.0 
1.0 
0.999999999999972 
1.5041506716414708e-5 
1.0 
1.0 
1.0 
0.004265691449861645 
1.0 
1.0 
0.03256006684181975 
0.0 
1.0 
1.0 
1.0 
1.0 
5.5368676862540425e-5 
0.0 
1.0 
9.937517997521675e-6 
0.9999997518908204 
0.9999796285664222 
1.0 
0.9999999999999808 
1.0 
0.9999999999188607 
1.0 
1.0 
0.9999999995052885 
1.0 
0.0 
1.0 
1.0 
1.0 
1.0 
1.0 
0.9999999999829744 
1.0 
0.0 
1.0 
3.9594130261232543e-8 
1.0 
3.9569539486338407e-7 
0.9999999972797301 
6.995924709586269e-5 
1.0 
0.0004366439964890637 
1.0 
5.7736920235612495e-5 
1.2631921537259226e-7 
1.0 
1.0 
0.0 
0.9999999999343484 
0.00046210646771534117 
1.0 
0.0 
1.0 
5.6748689464192714e-8 
0.0 
0.9950457024524089 
0.0 
0.0 
1.0 
1.0 
1.0 
1.0 
1.0 
0.005793276559669662 
0.0 
1.0 
1.0 
2.5117370763389896e-6 
0.0 
1.0 
1.0 
0.0 
1.0 
0.0 
1.0 
2.0790738525914206e-7 
1.0 
1.0 
0.9999999999999829 
1.0 
1.0 
1.0 
1.0 
2.571856476469082e-10 
0.0 
1.0 
0.9999999996440623 
0.0 
9.741574446411389e-5 
2.4737916206664726e-8 
4.6054346201601856e-8 
1.0 
1.0 
1.0 
1.0 
1.0 
2.568383790828788e-5 
3.379213896199658e-10 
0.0 
1.0 
0.9999999999999954 
0.0 
1.0 
1.0 
0.0 
1.0 
1.0 
1.4283285462314669e-5 
1.0 
0.92678688633014 
5.3545656181909024e-5 
0.0 
1.0 
1.0 
0.9999999954361375 
1.0 
1.0 
1.0 
0.0 
1.0 
1.0 
1.0 
0.9999999999999973 
1.0 
0.0 
1.0 
0.0 
0.0 
1.0 
0.0 
5.670498992453099e-7 
1.0 
1.0 
0.0 
0.0 
1.0 
1.0 
0.0 
0.999868415224688 
1.0 
1.0 
1.0 
0.0 
0.0 
1.0 
1.0 
0.0 
1.0 
9.688414163976887e-8 
1.0 
1.0 
0.0 
1.0 
0.9999999999999993 
1.0 
1.0 
0.9999999999999988 
1.0 
1.0 
1.0 
0.8502276540582352 
1.0 
0.0 
1.9362734789450507e-8 
1.0 
1.0 
1.0 
0.0 
3.4341786029241594e-9 
0.0 
0.0 
1.0 
1.0 
2.6911045356829045e-7 
1.0 
1.0 
8.49069250921469e-8 
0.0 
0.0 
0.0 
1.0 
9.590165511386313e-9 
0.0 
1.0 
0.0 
4.5940120229192766e-6 
3.1994888502424215e-5 
2.1301487136536214e-7 
1.0 
1.0 
0.0 
1.0 
1.0 
0.0 
1.0 
0.03856247319720064 
1.0 
1.0 
1.0 
0.0 
1.0 
1.0 
1.0 
0.0 
1.0 
0.0 
5.315430820584468e-8 
0.0 
1.0 
1.0 
1.0 
1.0 
0.9999999375197643 
1.0 
1.0 
1.2420903343061262e-5 
1.0 
0.9266891393164784 
2.452704328307371e-8 
1.0 
1.0 
0.0 
0.9999999999503322 
1.0 
1.0 
0.9999999999958601 
1.0 
0.0 
1.0 
1.0 
0.0 
1.0 
1.0 
2.123947120811031e-7 
4.720254572603769e-5 
1.0 
1.0 
6.258581917962623e-7 
0.0 
0.0 
0.9999999998372974 
1.0 
0.0 
1.0 
1.0 
1.0 
1.0 
0.9999999999999853 
0.0 
0.0 
1.0 
0.0 
0.9999999930912087 
1.0 
1.0 
0.0 
1.0 
0.9999999764634758 
1.0 
0.0033761840996016086 
0.0 
1.0 
1.0 
0.0 
0.0 
1.0 
0.0 
1.0 
0.0 
1.0 
0.0 
0.0001058693866665691 
0.0 
1.0 
0.06230851132805309 
1.0 
1.0 
0.0 
1.3141914402096473e-8 
1.0 
1.0 
1.0 
1.0 
4.895349764307965e-7 
0.9999999934092412 
0.9999999999963957 
1.0 
5.278568475052289e-9 
0.0 
1.0 
9.662315256929715e-9 
1.0 
1.0 
1.0 
1.0 
2.021691554521544e-7 
0.9999999999999998 
0.0 
1.0181578848657343e-7 
0.0 
7.361073740139531e-5 
0.0 
0.9999999999749366 
1.0 
1.6006413167586475e-6 
1.0 
1.0 
1.0 
1.0 
1.0 
0.0 
1.0 
1.0 
1.0 
0.0 
0.999999999999993 
0.0 
1.0 
1.1030380176554658e-9 
1.0 
2.0553982124669148e-6 
2.46900213601116e-9 
0.00011101914725467475 
0.0 
3.92776371130518e-5 
0.0 
1.0 
9.739149743247402e-7 
0.834730955852086 
1.0 
0.9999999990992247 
1.0 
1.0 
0.9998704651371257 
1.0 
2.5936533739546304e-5 
0.0 
0.0 
9.465856965902343e-5 
1.0 
0.0 
0.0 
1.0 
0.9999999999999986 
1.0 
1.0 
1.0 
1.0 
0.0 
1.0 
1.802990973037699e-8 
1.0 
0.0 
0.0 
1.0 
9.670563788107916e-9 
6.910313213930603e-10 
0.0 
0.0001556197207443497 
1.0 
0.0 
1.0 
0.005303285070340351 
1.0 
1.0688551088283903e-8 
5.207321861583382e-9 
1.0 
1.0 
0.0 
1.5658885544300422e-7 
1.0 
1.0 
1.0 
0.9999999999999952 
1.1614165947628913e-9 
0.0 
5.697158519034453e-6 
0.0 
0.9999999953978925 
0.9999999176949328 
1.0 
0.9999999971590602 
0.0 
0.06579614838122674 
1.705803979764793e-8 
1.0 
0.9999999998990495 
0.0 
0.0 
0.0 
1.0 
0.9999999937141328 
0.0 
1.0 
2.2870659777233557e-9 
0.9999999999776069 
0.999999999880186 
1.0 
1.0835682341228274e-9 
1.0 
0.0 
0.00012289582700492527 
1.0 
0.9999999997298212 
1.0 
0.0 
1.0 
0.0 
6.161869511363369e-8 
1.0 
0.0 
0.0 
1.0 
0.9999999999999983 
0.0 
7.179057344568981e-7 
1.0 
7.666320644998556e-9 
0.0 
1.0 
1.2190673279651238e-8 
0.0 
0.0 
0.9999999901161745 
0.00019925447340605272 
1.0170378675113581e-9 
0.0 
0.00036693762524725476 
0.0 
1.0 
0.0 
2.0635644216990633e-8 
1.0 
0.6979657451471605 
1.0 
0.0 
1.0 
1.0 
0.01264123104157785 
1.0 
1.0 
2.679645042338845e-7 
0.0 
1.0 
9.645705875133593e-8 
1.0 
0.0 
1.0 
1.1009806713611698e-5 
1.0 
6.222415822908556e-6 
1.0 
1.0 
1.0 
0.0 
0.0 
0.9999999996158608 
0.0 
0.9999999999673919 
6.879581798826315e-6 
0.9999999602539172 
1.0 
0.0 
0.0 
8.01971941236117e-8 
0.0 
1.0 
1.0 
2.6182022409470665e-6 
1.0 
1.0 
1.0 
0.0 
4.5951800564865295e-7 
3.266593906080673e-8 
0.0 
0.9999999980720073 
1.7737405908229729e-6 
8.162289974113995e-6 
4.157118505419687e-8 
0.0 
1.6223622112586177e-6 
0.9999999740870099 
1.8282416145973504e-5 
5.933505240721469e-7 
1.5263796448755716e-7 
0.9999999999584847 
5.0968423968233286e-8 
2.1058567303520362e-7 
4.405296368291843e-8 
0.0 
0.9999999999999997 
0.0 
4.5398877013825875e-6 
0.9999999801731301 
0.0 
1.0 
1.0 
1.0 
0.9999999999999959 
1.0 
1.0 
0.0 
2.4126215539075835e-8 
9.406603432568526e-9 
1.0 
0.9991051953643705 
5.234376770206582e-8 
5.612415183557409e-9 
0.0 
0.0 
1.0 
0.6967208331229581 
1.2756721142016162e-9 
2.3421322211317453e-6 
1.0 
0.999999999999999 
0.0 
1.0 
1.0 
3.209266356849399e-6 
0.0 
1.0 
2.1611195845130006e-7 
1.0 
2.1454819408893798e-8 
1.0 
2.0491623659731706e-8 
1.0 
0.0 
1.0 
1.0 
1.0 
1.0 
1.0931319390463851e-7 
1.0 
0.0 
0.0 
1.0 
0.3610123556476917 
0.0 
1.0 
1.0 
9.633322378979744e-9 
2.6604575034284445e-8 
1.0 
1.0 
0.0 
0.0 
3.037585028475381e-7 
1.0 
1.0 
0.0 
0.9999999999999998 
1.0 
0.4686799237784639 
8.599897143302263e-9 
7.875782951629253e-8 
7.408354101188966e-8 
1.0 
2.5972581566146875e-8 
0.0 
1.0 
0.0 
6.6560371543725905e-9 
3.287620932459339e-6 
1.0 
0.43467907237903686 
0.9999999776845323 
1.0613574631950152e-8 
1.0 
3.980974026074077e-9 
1.0 
1.0 
0.0 
7.143197054011732e-8 
0.0 
6.9363160387573274e-9 
3.4605547672550325e-9 
0.0 
1.0 
1.1660708771845714e-5 
7.230100690701444e-9 
0.0 
1.0 
0.0 
2.9801355805988404e-6 
1.0 
0.0 
0.0 
1.0 
0.0 
1.0 
1.740757400986419e-9 
1.0 
1.0 
1.0 
0.9999999999999996 
0.00606856496855027 
0.0 
0.0 
1.0 
0.0 
0.0 
1.780778569206663e-9 
0.0 
3.4988828913679054e-5 
2.3994303849785116e-8 
0.0 
0.0 
1.0 
0.053206846214491045 
0.0 
1.0 
0.0 
1.0 
1.7311539215968694e-5 
0.0 
0.0 
1.0 
8.10112464729533e-5 
0.0 
0.9980405597790232 
1.0 
0.0 
0.5537264578581883 
0.0 
1.0 
1.4470641467739673e-9 
0.0 
1.0 
0.0 
2.4736829923394566e-9 
0.0 
0.8033753098871661 
0.00011616604292518105 
1.0 
6.589761912731187e-6 
1.0 
0.0 
0.0 
1.0 
0.9999999539805646 
0.0 
1.0 
1.867982882217878e-5 
0.9999499188261805 
1.0 
1.0 
1.0 
2.090037728235616e-8 
3.020820890380214e-5 
1.0 
0.0 
1.0 
1.0 
1.0 
1.0 
3.201315365253282e-8 
0.0 
8.581937379839436e-7 
1.0 
0.0 
7.302287168698333e-8 
1.0 
1.0 
1.8279016850506252e-7 
0.0 
0.0 
1.0 
0.0 
0.9999999998906066 
1.0 
1.0 
0.9999999999798741 
0.9999999999758571 
1.0 
2.4357589011529627e-9 
1.0133190232036657e-7 
0.9991982552705264 
3.4504702454921624e-8 
1.0 
1.0 
0.0 
1.0 
2.4080096028674145e-8 
1.345747617418163e-8 
1.0 
1.0 
1.2632977010325393e-8 
0.0 
1.0 
1.0 
0.0 
6.44513956555148e-6 
1.0 
0.0 
0.0 
1.0 
0.9031485114322989 
0.0 
1.3948599308956948e-8 
2.4864849504323324e-7 
1.0 
1.0 
1.0928045491057968e-7 
1.0 
1.0 
0.0 
0.0 
1.0 
1.0 
1.0 
1.0 
3.3185187050985153e-7 
1.0 
7.542857674376208e-7 
0.0 
1.0 
0.0 
1.0 
1.0 
1.0 
9.594837417434326e-7 
0.0 
2.1772492940886733e-6 
1.0 
1.0 
0.0 
0.0 
0.0 
1.0 
1.0 
1.0 
1.0 
1.0 
1.0 
0.0 
1.0 
1.0 
1.0 
1.0 
1.0 
1.0 
1.0 
1.0 
1.0 
0.0 
1.0 
1.0 
1.0 
1.0 
1.0 
1.0 
3.8897653485475456e-7 
1.0 
1.0 
0.0 
1.0 
0.9766000894434168 
1.0 
1.0 
0.0 
1.0 
1.0 
1.0 
0.0 
1.0 
1.0 
1.0 
0.0035438144500741084 
1.0 
1.0 
1.0 
0.0 
1.0 
4.1670665612029485e-7 
1.0 
1.0 
1.0 
1.0 
1.0 
0.00013292725108256237 
0.0 
6.954897787138298e-5 
1.0 
1.0 
1.0 
1.0 
0.0001560983742834172 
1.0 
1.0 
1.0 
1.0 
1.0 
1.0 
1.0 
1.0 
0.0 
1.0 
1.0 
0.0 
1.0 
1.0 
0.0 
1.0093328842373709e-7 
1.0 
1.0 
1.0 
1.0 
1.0 
0.5972785708790154 
1.0 
0.0 
1.0 
1.0 
0.9998493687893177 
1.0 
1.0 
1.0 
1.0 
0.9999999999501231 
0.0 
1.0 
1.0 
1.0 
0.0 
0.0009319422420855552 
1.0 
0.0 
3.4900144636727746e-9 
0.41772632548221217 
1.0 
1.0 
1.0 
1.0 
0.0020547853890563106 
1.0 
0.00027487593043423286 
0.0 
1.0 
1.0 
1.0 
1.0 
3.961225766958046e-7 
1.5012583770820134e-6 
0.0 
1.0 
0.2171266936558559 
1.0 
1.0 
4.938776948321768e-6 
0.802649983237417 
1.0 
0.004466725804662155 
1.0 
1.0 
4.485438249595868e-9 
0.9999999999986297 
1.0 
1.0 
1.0 
1.984073474507793e-8 
2.5136285206290518e-5 
0.8257331141999201 
1.0 
1.0 
0.024723512827821693 
1.0 
1.0 
1.0 
1.0 
1.0 
1.0 
1.0 
9.833244782085609e-5 
1.0 
1.0 
0.0 
1.0 
8.18488387168082e-9 
1.0 
1.0 
0.005220093860100157 
1.0 
1.0 
1.0 
1.0 
1.0 
1.0 
1.0 
0.0003382702734481159 
1.0 
1.0 
1.0 
1.0 
1.0 
1.0 
1.0 
1.0 
1.0 
0.9999878408954739 
1.0 
1.0 
0.0 
1.0 
1.0 
4.325410927946531e-9 
0.00036623702270057866 
1.6630995853268943e-5 
0.0015226444913100407 
4.947875760068028e-7 
1.311675659107644e-7 
0.18538433082845487 
1.0 
1.0 
1.0 
1.0 
1.0 
1.0 
1.0 
1.0 
1.0 
1.0 
1.0 
1.0 
1.0 
1.0 
1.0 
1.0 
4.951658002574721e-5 
0.0070533045404479276 
0.8436594097935692 
1.0 
0.00751652556275847 
1.0 
1.0 
1.0 
1.0 
0.0 
0.0 
6.491254009699507e-8 
1.2881059061736647e-6 
1.0 
0.0 
0.00032077919592833165 
1.0 
0.5538910600029181 
1.0 
1.0 
1.0 
1.0 
1.0 
1.8459577223888798e-5 
1.0 
1.0 
1.0 
1.0 
1.0 
1.0 
1.0 
1.0 
1.0 
7.937323300257614e-8 
0.0 
1.0 
1.0 
1.0 
1.0 
7.41116365801847e-5 
0.0 
0.006036006993127457 
1.0 
1.0 
1.0 
1.0 
1.0 
1.0 
1.0 
1.0 
1.0 
3.550184455804272e-5 
0.9993134015069493 
1.0 
1.0 
0.0 
1.0 
1.0 
3.441771382150384e-6 
0.0 
0.0001434433574854779 
1.0 
3.928580477017793e-6 
1.0 
1.0 
1.0 
1.0 
5.5301696975217806e-5 
8.572853164056289e-7 
1.0 
1.0 
1.0 
1.0 
2.7725250505398218e-8 
1.0 
1.0 
0.0 
1.0 
1.0 
1.0 
1.0 
1.0 
1.0 
2.971716133572126e-6 
1.0 
1.0 
1.0 
1.4779530547841577e-9 
1.0 
1.0 
1.0422469119604714e-6 
0.0020137542248521412 
0.0003103785125737369 
1.0 
0.6786449620608375 
0.0 
1.0 
1.0 
1.0 
0.00024012531142095648 
1.0 
2.339055196003541e-9 
1.0 
0.0 
1.0 
1.5653250881732646e-5 
0.7011903927166636 
1.0 
1.0 
1.0 
0.5863766215345737 
5.936227456389136e-5 
1.6474856077539058e-6 
0.00023307698986632202 
1.0 
7.31065831140718e-9 
1.0 
0.010320205648695032 
1.0 
1.0 
0.0 
2.057890680542758e-6 
7.374786488913031e-6 
4.771357513611523e-5 
8.056991858032193e-6 
0.7954152294936193 
2.5237981257547996e-8 
1.883275324600467e-5 
1.0 
1.0 
1.0 
3.815577944760888e-5 
1.0 
1.0 
1.0 
1.0 
1.0 
1.0 
1.0 
2.1200809482181794e-7 
6.629092175794341e-6 
1.0 
2.8585106827614597e-7 
1.0 
1.0 
1.0 
1.0 
1.0 
1.0 
0.0 
1.0 
1.0 
0.32228365079005955 
1.0 
1.0 
0.005449686065704511 
1.0 
1.0 
1.0 
6.679482520026856e-6 
0.0008519529784796544 
0.0 
1.0 
1.0 
0.9999999999870455 
1.0 
1.0 
0.9999457824724011 
3.0094523613846753e-7 
1.0 
0.0 
1.3944496179841074e-5 
0.00035379923156662814 
0.9204740447185434 
1.0 
1.0 
0.0 
0.0 
1.0 
5.116311330631956e-10 
2.2933218032928452e-5 
1.0 
1.0 
1.0 
0.9996613015361723 
2.000811345256744e-6 
1.4377787313394883e-7 
1.0 
1.0 
1.0 
0.0 
1.0 
1.0398666334749335e-5 
1.0 
1.0 
7.4278876885725645e-6 
0.7553385948713941 
1.6845489225978862e-7 
1.0 
1.0 
1.0 
1.0 
1.0 
1.0 
1.0 
1.0 
0.004838862151309795 
1.0 
1.0 
1.0 
1.0 
0.00017710377103841596 
1.0 
1.0 
0.0 
1.405215727317981e-6 
0.0 
1.0 
0.00012947400755965052 
0.006839855362929263 
1.0 
1.0 
5.145030184198681e-5 
3.147588121678026e-5 
1.0 
1.0 
1.0 
1.0 
4.297655640714051e-5 
1.0 
1.0 
