0.05470340035304125 
1.0 
1.0 
1.0 
1.0 
2.6703450754758936e-9 
1.0 
1.0 
3.7027779988992885e-5 
1.927882209879881e-6 
3.095748280238979e-8 
1.0 
1.0 
1.0 
1.0 
1.4243050694195943e-10 
1.0 
0.0 
0.00047125677384258086 
0.0 
1.0 
1.0 
1.0 
1.0 
1.0 
1.0 
1.0 
1.0 
1.0493861031668773e-5 
1.0 
1.0 
1.0 
1.0 
1.0 
1.0 
1.0 
1.0 
1.4030878710415735e-6 
1.0 
0.0 
1.0 
1.0 
1.0 
1.0 
1.0 
1.0 
1.0 
1.0 
0.0 
1.0 
6.479150585688128e-6 
1.0 
1.4727092658964708e-7 
1.0 
0.0 
1.1104849839778743e-9 
1.0 
4.25496132101842e-8 
7.668739891931346e-11 
1.0 
1.0 
7.143671146626417e-10 
1.0 
1.0 
5.103493664972835e-5 
1.0 
0.0 
0.0 
1.0 
0.0 
1.0 
1.0 
8.959964912395514e-11 
1.0 
1.0 
0.0 
0.0 
0.0006850826122788262 
0.002478672648281664 
1.0 
0.0 
1.0 
3.5162584236484943e-9 
0.0 
0.0 
1.0 
1.0 
0.0 
0.051361688304131944 
1.0 
0.0 
1.0 
0.0 
1.2637558870023675e-5 
1.9814035329302515e-7 
0.0 
1.0 
3.6781772217614094e-7 
1.0 
0.0 
1.0 
1.0 
1.0 
1.0 
1.6689024826696568e-7 
0.0 
0.0 
0.0 
1.0 
1.0 
0.0 
1.0 
4.3872046945792744e-10 
0.00017383602465051258 
1.0 
1.0 
1.0 
1.0 
0.005359598065430303 
1.0 
1.0 
1.0 
1.0 
1.0 
1.0 
1.0 
0.0 
0.999934359833003 
0.0 
1.0 
1.0 
1.0 
1.0 
0.0 
1.0 
1.0 
1.0 
1.0 
1.0 
1.0 
1.0 
1.0 
1.0 
1.0 
1.0 
1.0 
1.0 
1.0 
0.0 
1.0 
1.0 
0.0 
1.0 
1.0 
0.0 
1.0 
1.0 
0.0 
0.0021874461690617017 
0.0 
0.0 
1.0 
1.0 
0.0 
1.0 
0.0 
1.0 
1.0 
1.0 
1.0 
0.0 
1.0 
1.1752141750197099e-8 
1.0 
0.0 
0.0 
0.0 
0.0 
0.0 
0.0 
0.010570832913376719 
1.0 
7.405068802372735e-8 
0.0 
0.0 
2.9039248757327327e-8 
2.6961965108696954e-10 
1.1477281479899648e-8 
1.0 
1.0 
1.0 
0.0 
0.0 
1.0 
0.03708600734109454 
1.0 
3.2331435356344286e-6 
1.0 
0.0 
0.0 
0.991130412863575 
1.0 
1.0 
1.0 
1.0 
1.0 
0.00016098628204404362 
0.0 
0.0 
1.0 
1.0 
1.0 
1.0 
1.0 
0.9999195234820835 
1.0 
1.0 
1.0 
1.0 
1.0 
0.0 
0.0 
0.0 
4.0721586094529475e-10 
0.0 
0.0 
0.0 
0.0 
0.0 
0.0 
0.0 
1.0 
1.0 
1.0 
1.0 
0.0 
0.0 
6.606167308759635e-11 
0.0 
1.0 
0.0 
1.0 
1.0 
0.0 
0.9899106343942415 
0.0 
0.0 
0.0 
0.0 
0.0 
1.2584198551210287e-5 
1.0 
1.0 
0.0 
0.0002615449863507171 
2.3011672167453663e-6 
1.0 
0.0 
0.0 
0.0 
1.0 
0.0 
0.0 
7.205136720106661e-11 
0.9976443900456087 
0.0 
0.9873817839000109 
1.6153055059516373e-5 
2.0349352433920926e-12 
1.0 
0.0 
1.0 
1.6597044793899126e-10 
3.6570352729022895e-11 
0.0 
0.0 
1.0 
0.0 
2.2987797402029445e-9 
1.9394853821879138e-6 
1.0 
1.0 
0.0 
0.0 
9.640169228337117e-11 
0.0 
0.0 
1.831774505240908e-11 
0.0 
1.0 
0.0 
0.0 
0.0 
0.0 
0.0 
0.0 
5.065641454961207e-11 
8.510472295178954e-5 
1.0 
1.0 
1.0 
1.5310364524940572e-8 
0.0 
1.0 
2.1569026595883386e-5 
1.6452870890434757e-8 
0.9556193709425308 
5.423262925330462e-5 
1.0 
1.0 
0.0 
1.0 
1.0 
0.0 
1.0 
1.0 
0.0 
1.0 
1.0 
0.0 
0.05392053837379432 
0.0 
0.0 
0.0 
0.0 
1.0 
1.0 
0.0 
0.0 
0.0 
2.1185721355379924e-5 
1.0 
0.0 
9.354696523244615e-9 
1.0 
0.0 
1.0 
0.0 
0.0 
1.0 
0.0019226947285855538 
0.0 
1.0 
0.0 
0.0 
0.0 
1.0 
0.0 
1.0 
4.094811882959724e-9 
1.0 
1.0 
1.0 
1.0 
5.4716354299805907e-5 
0.0 
0.0 
1.0 
1.0 
0.16190757494414776 
1.0 
0.7192802692225724 
0.0 
0.0 
1.0 
1.0 
1.0 
0.0 
1.0 
1.0 
0.0 
0.0 
1.0 
0.0 
1.0 
0.0 
1.0 
0.0 
0.0 
1.0 
0.0 
1.0 
0.0 
0.27009969905072695 
0.6836797498916346 
0.0 
0.0 
1.0 
1.0 
0.0 
0.0 
1.0 
1.0 
1.0 
1.0 
1.0 
0.0 
0.3951535622822178 
0.0 
1.0 
0.0 
2.4119594822380862e-9 
1.0 
1.0 
0.0 
0.0 
1.0 
1.0 
0.772491919579966 
0.7092627809685378 
0.03989384752601652 
1.0 
0.0 
0.0413588163780759 
2.414854752402662e-10 
0.0 
9.009857292259173e-9 
0.0 
1.0 
1.0 
1.0 
1.0 
0.0 
0.00010068459623385545 
0.0 
0.0 
0.0 
5.1647386806564425e-6 
9.003655091595675e-6 
0.0 
3.5117193638959145e-5 
0.0 
0.0 
0.0 
1.0 
0.0030405885219155705 
1.0 
0.0 
1.0 
1.0 
0.0 
1.0 
1.0 
0.0 
1.0 
0.06265016033836467 
1.0 
0.0 
1.0 
1.0 
1.0 
0.0 
0.5997159795879837 
0.0 
1.0 
0.0 
0.0 
1.0 
0.23236932463375357 
1.0 
1.0 
1.0 
0.0 
0.0 
0.0005747460147257412 
0.0 
2.0369449921131283e-9 
0.0 
0.0 
0.0 
0.0 
0.3046806409642723 
1.0 
0.0 
0.0 
1.0 
0.0 
1.0 
1.0 
1.0 
0.0 
1.0 
1.0 
1.0 
1.0 
1.0 
0.0 
1.0 
1.0 
0.0 
0.0 
1.0 
1.0 
0.0 
1.0 
1.0 
1.0 
0.0 
0.0 
0.0 
1.0 
1.0 
0.0 
1.0 
1.0 
1.0 
1.0 
0.0 
1.0 
0.08635355239333006 
1.0 
1.0 
0.0 
1.0 
0.0 
5.1549497053665024e-6 
0.0 
1.0 
1.0 
0.5122450018972703 
0.9618623791850069 
1.0 
1.0 
0.0 
1.0 
1.0 
1.0 
0.9654087437915162 
1.0 
1.0 
1.0 
1.0 
0.6102242416687753 
0.0 
1.0 
0.0 
1.0 
0.0 
0.0 
0.0 
0.0025512141672518964 
1.0 
0.0 
0.0 
1.0 
1.0 
1.0 
0.0 
0.0 
0.9758223915665168 
0.0 
0.8516122981217543 
1.0 
1.0 
1.0 
0.49359068833085323 
0.0 
2.666774119246748e-9 
0.0 
0.0 
0.8728411875860381 
1.0 
1.0 
0.0 
0.03641573549816053 
0.0 
0.0 
0.0 
1.0 
1.0 
4.1344541635980635e-9 
0.0 
1.0 
1.0 
1.0 
0.0 
0.0 
0.03625147041345639 
1.0 
1.0 
1.0 
1.0 
1.0 
1.916792647391093e-9 
1.0 
1.3330796286384697e-10 
0.0005260410443636759 
1.0 
0.0 
0.0 
0.0 
0.15530325745120133 
1.0 
0.6440156769934612 
0.9058878322823735 
0.39197004581900546 
0.2924806953392763 
0.09596562466239032 
1.0 
1.0 
5.555610570216472e-11 
0.0 
1.0 
0.0 
0.0 
0.0 
0.0 
1.0 
0.0 
0.0 
1.0 
0.4376500154536539 
0.0 
0.0 
0.0 
0.00146305810467202 
0.01506476394979305 
0.0 
1.0 
0.0 
0.9683602316496203 
0.9988176424914239 
1.0 
1.0 
1.0 
0.0 
0.0 
0.0 
0.4489284384032583 
1.0 
0.0 
1.0 
0.0 
1.0 
1.0 
1.0 
0.021981632668821013 
0.0 
1.0 
0.0018015547104940448 
1.0 
1.0 
0.0 
0.0 
1.0 
0.0 
0.0 
1.0 
1.0 
0.0 
0.7433040899592466 
4.7578809050535925e-9 
1.0 
1.0 
0.27916354578166425 
1.0 
0.9552228259205368 
1.0 
1.0 
0.3842153531198422 
0.0 
0.0 
0.0 
0.0 
0.0 
0.0 
1.0 
3.2169623701516484e-11 
1.0 
3.121407241537059e-11 
0.0 
0.0 
1.0 
1.0 
0.0 
0.00015283124555512468 
0.0 
0.16830771907850345 
0.0 
0.16846392676171534 
0.0 
0.0 
1.0 
0.0 
0.0 
1.0 
0.0 
1.0 
0.0 
0.0 
0.0 
0.0 
0.0 
0.0 
0.0 
0.0 
1.0 
0.0 
1.0 
0.0 
0.016744755304973852 
9.448026737663525e-11 
0.0 
0.0 
0.0 
0.0 
0.0 
0.0 
1.0 
0.9816233153189889 
0.0 
0.0 
1.0 
0.0 
1.0 
0.005490081503331518 
0.0 
0.08450401292917623 
0.0 
1.0 
1.0 
0.0 
0.0013609971289795875 
1.0 
0.0 
0.0 
1.0 
0.0 
0.0 
0.0 
1.0 
1.0 
0.0 
0.0 
0.0 
0.6517508818946839 
1.0 
0.0 
1.0 
0.3326182568806208 
1.0 
0.0 
0.0 
6.874236326312078e-5 
0.0 
0.6614876460036735 
0.00027799854344243456 
1.0 
0.0 
0.49436239681690164 
0.0 
0.0 
0.0 
0.20010332563209884 
1.0 
0.0 
0.0 
0.0 
1.0 
0.0 
0.6302019200098345 
0.0 
0.0 
0.0 
0.0 
1.0 
0.0 
0.0 
0.0 
1.0 
4.519554947892774e-9 
1.0 
3.827442932050495e-10 
0.0 
0.0 
0.0 
0.018938874238116465 
1.0 
1.0 
1.0 
1.0 
0.0 
0.0 
0.840971504178146 
0.0 
0.0 
1.0 
0.0 
1.0 
0.0 
0.0 
0.0 
0.0 
0.0 
1.0 
1.0 
0.0 
1.0 
1.0 
0.0 
0.0 
1.0 
1.0 
0.0 
0.0 
0.0 
1.0 
0.0 
0.0 
1.0 
0.0 
1.0 
1.0 
0.0 
1.0 
0.0 
0.0 
0.0 
1.0 
1.0 
3.703481270276547e-5 
0.0 
0.0 
1.0 
1.0 
0.0 
1.0 
0.0 
0.0 
0.0 
0.0 
0.0 
1.0 
1.0 
0.0 
1.0 
1.0 
0.0 
9.121581391084561e-7 
1.0 
0.0 
1.0 
0.09444878561033114 
1.0 
1.0 
1.9936126267547177e-10 
0.0 
1.0 
0.0003198919456874824 
1.0 
1.0 
0.0 
1.0 
1.0 
0.0 
0.0 
1.0 
0.0 
1.0 
1.0 
0.0 
0.03480459043700424 
0.0 
1.0 
2.348422041752094e-5 
1.0 
1.989646725789664e-12 
0.0 
0.0 
1.0 
1.0 
1.0 
0.0 
1.0 
1.0 
0.0 
1.0 
0.0 
1.0 
1.0 
0.0 
0.0 
0.0 
1.0 
2.749292315616e-11 
1.2035959706778761e-5 
1.0 
1.0 
0.0 
1.0 
1.0 
0.0 
1.0 
0.0 
0.07650547362307766 
1.0 
1.0 
1.0 
0.0 
1.0 
0.0 
1.0 
0.0 
0.0 
0.0 
0.0 
0.0 
0.0 
0.0 
1.0 
0.0 
4.4397600078175866e-5 
1.0 
2.443768311067185e-6 
1.0 
0.0 
1.0 
1.0 
0.0 
6.187786249562439e-6 
0.0 
1.0 
1.0683109351822732e-6 
0.0 
0.0 
1.0 
0.0 
0.0 
1.0 
0.0 
1.0 
0.0 
9.98280627319284e-7 
0.0 
1.0 
0.0 
0.0 
0.0 
1.0 
1.0 
0.0 
0.0 
1.0 
1.0 
6.637316115875569e-10 
0.0 
1.0 
1.0 
5.754988688715311e-7 
1.0 
0.0 
7.809392432724021e-8 
0.0 
0.0 
1.0 
1.0 
1.0 
1.0 
1.0 
2.4568936118149624e-11 
0.0 
1.0 
0.0 
0.0 
1.0 
0.0 
1.0 
0.0 
1.0 
1.0 
0.0 
0.0 
0.0 
1.497056396543404e-10 
1.0 
1.0 
0.0 
0.0 
6.478240674893653e-7 
0.0 
3.278138251558762e-5 
0.6724521582773633 
0.0 
3.116860268683168e-7 
1.7708816358874488e-10 
4.9254697961919786e-11 
7.726422703186067e-8 
2.1110614339000963e-6 
1.0 
1.0 
0.0 
1.0 
1.0 
0.0 
0.0 
1.0 
0.0 
1.0 
1.4063901258316507e-6 
0.0 
0.0 
1.3845928464261113e-6 
1.514637942045694e-12 
0.0 
0.0 
0.0 
3.603562797101639e-7 
0.0 
1.0 
1.0 
0.0 
0.0 
1.0 
0.0 
1.0 
0.0 
1.8650664306352643e-7 
0.0 
0.0 
0.0 
1.0 
1.0 
0.0 
1.0 
0.0 
0.0 
0.0 
1.0 
1.0 
0.0 
1.0 
0.0 
0.0 
1.0 
1.0 
0.0 
1.0 
1.0 
0.0 
0.0 
1.0 
1.0 
0.0 
0.0 
0.0 
0.0 
1.0 
1.0 
1.0 
0.0 
1.0 
0.0 
1.0 
0.0 
1.0 
0.1828802286251667 
0.0 
1.0 
1.0 
0.0 
0.0 
0.0 
0.0 
1.0 
0.0 
1.0 
0.0 
1.0 
0.0 
1.0 
3.831185711903443e-10 
1.0 
1.0 
1.0 
0.0 
0.0 
0.0 
0.0 
0.0 
3.186847865549538e-6 
3.265060767710523e-10 
1.0 
1.0 
1.0 
0.0 
1.0 
1.0 
0.1543940261433855 
0.0 
1.0 
1.0 
0.6886659554948893 
0.0 
1.0 
0.0 
1.0 
1.0 
1.6995134017676086e-10 
9.025173256140645e-10 
1.0 
1.0 
5.476425187671126e-7 
1.0 
0.0 
0.0 
1.0 
1.4812044409220882e-8 
1.0 
1.0 
0.0 
1.0 
1.0 
1.0 
1.0 
1.0 
1.0 
0.0 
1.0 
1.0 
0.0 
1.0 
1.0 
1.0 
0.0 
1.0 
0.0 
0.0 
1.0 
0.0 
1.0 
1.0 
1.0 
1.0 
1.0 
1.0 
1.0 
0.0 
3.170618764622646e-10 
1.0 
1.4955776259221955e-9 
0.0 
0.0 
0.0 
0.060237772554969087 
0.0 
1.0 
1.0 
0.0 
1.0 
1.0 
1.0 
0.0 
1.0 
0.0 
1.0 
1.0 
0.0 
1.0 
0.0 
0.0 
1.0 
1.0 
0.0 
0.0 
1.0 
0.0 
4.086240725025895e-10 
1.0 
0.0 
1.0 
1.0318024964709456e-10 
1.0 
0.0 
1.0 
1.7573611634492616e-10 
1.0 
1.0 
1.0 
0.0 
1.0 
0.0 
0.0 
6.93729618662745e-9 
0.0 
1.0 
1.0 
3.527565069301684e-8 
0.0 
1.0 
1.3492565273379477e-11 
0.0 
1.0 
1.0 
0.0 
0.0 
0.0 
1.0 
0.0 
0.0 
0.0 
0.0 
0.0 
1.0 
0.0 
1.0 
3.3004317479379617e-7 
1.0 
0.0 
0.0 
0.0 
1.0 
8.4139915397713e-11 
0.0 
1.0 
1.0 
1.0 
1.0 
7.824068238089968e-8 
1.0 
1.0 
0.0 
0.0 
1.0 
0.0 
0.0 
1.0 
1.0 
0.0 
1.0 
1.0 
1.0 
1.0 
1.0 
0.0008821578706962434 
1.0 
1.0 
1.0 
0.0 
0.0 
1.0 
0.0 
1.0 
0.0 
0.0 
0.0 
8.975867442771933e-10 
1.0 
0.0 
0.0 
1.0 
0.0 
1.0 
1.0 
1.0 
1.0 
0.9348860545250606 
0.0 
0.0 
1.0 
0.0 
0.0 
0.0 
0.0 
1.0 
1.0 
1.0 
4.7231313391810586e-8 
0.0 
0.0 
7.356740789230143e-11 
0.0 
1.0 
1.0 
1.0 
1.0 
0.0006544932214576465 
1.0 
0.0 
1.0 
1.0 
1.0 
0.07375933480854352 
1.0 
1.0 
1.0 
2.763645381422142e-7 
0.0 
0.49549583423645716 
3.7977213360692693e-7 
1.0 
1.0 
1.0 
4.0449761063526184e-12 
0.0 
1.0 
0.0 
1.0 
1.650029140438572e-7 
1.0 
0.0 
0.0 
1.0 
1.0 
1.6783120826965514e-7 
1.0 
0.0 
0.0 
0.3275920912750369 
1.0 
9.312051808518523e-11 
1.0 
0.0 
1.0 
0.0 
0.0 
0.0 
1.0 
0.0 
0.0 
1.0 
0.0 
0.0 
1.0 
0.0 
1.0 
0.0 
0.0 
1.0 
1.0 
1.0 
1.0 
0.0 
0.0 
0.0 
1.0 
0.09252684861051093 
5.648735869962334e-6 
1.0 
1.0 
1.0 
1.0 
0.0 
1.0 
1.0 
1.0 
1.0 
1.0 
1.0 
1.0 
1.0 
1.0 
0.0 
1.0 
1.0 
1.0 
0.0 
3.5293656366596497e-9 
1.0 
1.0 
0.9974061404334121 
1.0 
1.0 
0.0 
1.0 
0.0 
1.0 
1.0 
0.0 
1.0 
1.0 
2.9232359299950512e-8 
1.0 
1.696635716006029e-6 
3.93288238818453e-9 
1.576893595923756e-7 
0.0 
0.0 
1.0 
0.0 
1.0 
1.0 
1.0 
1.0 
1.0 
0.0 
1.0 
0.0 
0.0 
1.0 
0.0 
1.0 
1.0 
1.0 
0.0 
0.0 
0.0 
0.0 
8.033895639931219e-7 
1.0 
1.0 
1.0 
0.0 
1.0 
1.0 
0.0 
7.57047187841379e-7 
1.0 
0.0 
0.0 
1.0 
0.23078714203217404 
0.0 
6.542856837464262e-6 
0.0 
0.0 
1.0 
0.0 
1.0 
1.0 
1.0 
0.0 
1.0 
0.0 
1.0 
1.0 
1.0 
1.0 
0.0 
0.0 
0.0 
0.0 
1.0 
1.0 
0.0 
1.0 
1.0 
0.0 
1.0 
0.0 
1.0 
0.0 
1.0 
0.0 
0.0 
0.0 
0.0 
1.0 
0.0 
0.9783775621262045 
0.0 
0.0 
0.0 
0.7366413413106054 
1.0 
0.0 
1.0 
0.0 
0.0 
6.8705298082371525e-6 
0.0 
8.245290019138945e-7 
1.0 
0.0 
0.684323840075061 
0.0 
1.0 
3.267915269264627e-6 
0.0 
1.0 
0.0 
0.0 
1.0 
1.0 
0.0 
1.0 
0.0 
0.0 
1.0 
1.0 
1.0 
1.0 
0.0 
1.0 
0.0 
1.0 
1.0 
0.0 
1.0 
1.0 
0.0 
0.0 
0.9984963619176614 
0.0 
1.0 
1.0 
0.0 
0.9825088918059263 
1.0 
0.005353902088264014 
1.0 
1.0 
1.0 
0.0 
0.0 
0.0 
0.0 
1.0 
0.0 
1.0 
0.0 
1.0 
1.0 
0.0 
7.916805676116751e-9 
0.0 
0.0 
0.0 
7.6544596408719e-7 
1.0 
0.0006919261325396227 
0.0 
6.804020293085724e-8 
1.0 
1.0 
1.0 
1.0 
1.0 
1.0 
1.0 
0.0 
0.0 
0.0 
1.0 
0.0 
0.0 
1.642915464710294e-7 
0.0 
0.0 
0.0 
0.0 
0.0 
1.0 
0.0 
1.0 
1.0 
0.0 
0.0 
0.0 
1.0 
0.0 
0.0 
1.0 
0.6238094924572208 
0.0 
1.0 
0.0 
0.0 
1.0 
1.0 
0.0 
1.0 
0.00021725807447816947 
1.0 
0.792743489074137 
0.0 
0.0 
0.0 
0.0 
0.0 
0.0 
1.0 
0.0 
1.0 
0.0 
1.0 
1.0 
0.0 
4.735471218710404e-7 
0.0 
0.0 
1.0 
0.0 
1.0 
1.0 
0.5848373088075575 
0.00019039004684137838 
0.0 
0.001708668593899139 
0.0 
0.0 
1.0 
0.0 
1.0 
1.0 
1.0 
1.0 
0.0034007876313925513 
0.0 
0.0 
0.0 
1.0 
1.0 
0.0 
0.0 
0.0 
0.0 
0.0 
1.0 
1.0 
0.0 
0.0 
1.0 
0.0 
1.0 
1.0 
1.0 
1.0 
1.0 
3.04089894324375e-10 
1.0 
0.0 
0.0 
1.0 
0.0 
0.0 
1.0 
0.0 
0.0 
1.0 
0.0 
2.2525898588537735e-11 
1.0 
0.0 
0.8221666579743969 
1.0 
1.0 
1.0 
1.0 
0.0 
1.0 
0.0 
1.0 
0.013447716903509226 
0.0 
0.0 
0.0 
1.0 
1.0 
1.0 
1.0 
0.0 
0.007510631628569505 
1.0 
1.0 
0.0 
7.929225555645711e-5 
0.0 
1.0 
0.0 
1.0 
0.0 
1.0 
0.0 
1.0 
7.529615035614358e-11 
0.0 
1.0 
1.2142167593330335e-6 
1.0 
1.0 
1.0 
1.0 
1.0 
0.0 
0.0 
0.0 
0.0 
0.0 
0.0 
1.0 
0.0 
0.022574463948002114 
1.0 
2.0388570199295182e-7 
1.0 
0.0 
1.0 
1.0 
1.0 
0.0 
0.0 
1.0 
0.0 
0.9898608888080098 
0.0 
1.0 
0.0 
0.0 
0.0003587787078693423 
8.39801277330593e-12 
1.0 
1.0 
0.0 
2.519918311855569e-6 
0.0 
1.0 
0.002695774083414923 
0.0 
1.0 
1.0 
0.9998048195527267 
1.0 
1.0 
0.0 
7.369350990332052e-5 
1.0 
1.0 
1.0 
1.0 
0.0 
0.0 
1.0 
0.6913845761583673 
0.0 
1.0 
0.0 
1.0 
0.0 
0.0 
1.0 
0.0 
0.0 
0.0 
1.0648405187380388e-5 
0.0 
0.0 
0.0 
0.0 
0.0 
0.0 
2.6461854055062244e-7 
1.0 
0.0 
0.0 
0.0 
0.0 
0.0 
1.0 
1.0 
1.0 
1.0 
1.0 
3.6062864480228373e-6 
0.0 
5.335944414767216e-7 
0.0 
1.0 
1.0 
1.0 
0.0 
0.009724173291791566 
1.0 
0.5373969689056306 
0.0 
0.37673376612991566 
1.0 
0.0 
0.0 
0.0 
0.36056752871735426 
3.576829707291986e-6 
0.0 
1.0 
1.4366954837215751e-5 
1.0 
1.0 
0.641026569495648 
1.0 
1.0 
0.0 
0.9999301293903881 
0.0 
0.0 
0.0 
1.0 
1.0 
0.0 
0.0 
0.0 
1.0 
1.0 
0.0 
0.0 
0.0 
1.0 
0.0 
0.0 
0.0 
0.0 
1.0 
0.0 
0.0 
1.0 
1.0 
7.075331505629086e-5 
0.0 
0.7166686524308996 
0.00014481710226303007 
0.0 
0.0 
1.0 
0.0 
1.1887333449685915e-6 
1.0 
3.635888300600524e-8 
1.0 
0.0 
1.0 
8.648792569083337e-8 
0.030836061095326994 
0.0 
1.0 
1.0 
0.0 
1.8884345230160608e-6 
0.0 
0.0 
0.0 
1.0 
0.0 
0.0 
0.0 
0.0 
1.0 
0.4867769560099385 
1.0 
0.0 
9.164433894914338e-6 
0.0 
0.0 
0.06444675814445977 
1.2156703750178546e-5 
0.0 
0.0 
0.0 
0.0 
0.0 
1.0 
1.0 
0.002163317557813661 
0.004952940429668276 
1.0 
1.0 
0.005834113222753631 
1.0 
1.0 
8.86734101134902e-7 
1.0 
0.0 
1.0 
1.0 
0.0 
0.7343974190841208 
0.6459676028431832 
0.0 
0.3537435013708402 
1.298475454680489e-7 
0.0 
1.0 
0.0 
1.0 
1.0 
1.0 
1.0 
1.0 
0.0 
0.0 
0.0 
0.0 
1.0 
1.0 
1.0 
1.3938849642159004e-6 
0.0 
0.0 
0.0 
0.0 
1.0 
0.07051016264240297 
0.0 
0.0 
0.0 
1.0 
0.0 
1.0 
1.0 
0.0 
0.0 
1.0 
0.0 
1.0 
1.8103886430892556e-7 
0.0 
1.0 
1.0 
1.0 
4.46978973918946e-7 
1.60691911414835e-5 
0.0001747520132636247 
1.0 
1.0 
2.546991872234643e-7 
0.10259172555647471 
0.0 
0.0 
1.0 
1.0 
0.12858693351065303 
1.0 
1.0 
0.0 
1.0 
0.0 
0.0 
0.0 
1.0 
0.0 
0.0 
0.0 
0.0 
1.0 
0.0 
0.0 
0.0 
0.0 
0.9789662682490922 
0.0 
1.0 
0.0 
0.0 
1.0 
0.0 
0.0 
0.0 
0.0 
0.008832024850184866 
0.0 
0.0 
0.0 
0.0 
1.0 
0.7865367234282358 
0.9987675239614145 
1.0 
0.0 
0.0 
0.0 
0.0 
1.0 
1.0 
0.0 
0.35264252666207524 
0.0 
0.0 
0.4332351463523846 
0.9931688443151505 
1.0 
1.0 
0.0 
1.0 
1.0 
0.0 
0.0 
0.023500669030970856 
1.0 
1.0 
1.0 
1.0 
1.0 
1.442130453503134e-7 
0.0 
0.0 
0.0 
1.0 
1.4390969211230158e-7 
1.0 
0.10588304325043084 
1.0 
0.0 
0.9704920534390752 
1.0 
1.0 
1.0 
0.0 
1.0 
0.0 
1.0 
1.0 
0.0 
0.0 
0.337668831208791 
1.0 
0.0 
1.0 
0.4749336192950414 
1.0 
0.0 
0.00516706997355634 
1.0 
0.6685862171137096 
0.0 
1.0 
1.0 
1.0 
1.0 
1.0 
0.0 
1.0 
0.0 
1.0 
1.0 
1.0 
0.0 
1.0 
1.0 
0.0 
0.0 
3.5866188233962796e-6 
0.6685693031776655 
1.0 
1.0 
1.0 
0.0 
1.0 
1.0 
0.0 
1.0 
1.0 
0.0 
0.0 
0.0 
1.0 
0.0 
0.0 
1.0 
0.0 
0.0 
0.9942960236198234 
1.0 
1.0 
1.0 
1.0 
0.0 
0.0 
0.0 
0.0 
0.5485052505018576 
6.720190606633621e-5 
0.0 
0.0 
1.0 
0.048912087744933136 
0.9899241165339978 
1.0 
1.0 
0.0 
1.0 
0.0 
1.0 
0.9381662724673768 
0.0 
0.0 
8.175383828359313e-6 
1.0 
1.723126225697226e-8 
1.0 
0.0 
0.0 
0.0 
0.0 
1.0 
1.0 
0.0 
0.0 
1.0 
0.0 
1.0 
1.0 
1.496174527343869e-7 
1.0 
0.018325297956505775 
0.0 
0.0 
1.0 
0.0 
0.0 
1.0 
0.0 
0.0 
0.0 
0.9980764659669933 
1.0 
0.0 
1.0 
0.0 
0.0 
1.0 
1.0 
6.042671767985832e-12 
0.0 
0.0 
0.0 
1.0 
1.0 
0.0 
0.0 
1.0 
1.0 
0.0 
0.0 
0.0 
0.0 
0.0 
1.0 
0.0 
0.00023240724923392615 
1.0 
0.0 
0.0 
0.0 
0.9894561473974991 
0.0 
0.0 
0.0 
1.0 
0.0 
1.0 
0.0048310141259142745 
0.9420570884960642 
1.0 
0.0 
1.0 
0.0 
0.0 
0.0 
1.0 
1.0 
0.7391650904670615 
0.0 
0.0 
0.0 
1.0 
1.0 
6.719114862683628e-5 
0.0 
1.0 
1.0 
0.2783132171252095 
1.0 
0.9768646632927582 
0.9528203542989527 
1.0 
1.0 
1.0 
7.765389224359961e-6 
1.0 
0.0 
0.0 
0.7641365581087959 
0.0 
0.9351680212368829 
0.00028256110613228706 
1.0 
0.569665530073667 
1.0 
0.0 
1.0 
0.07525319679053666 
0.2559727756690355 
0.0 
0.8835607546757384 
1.0 
1.0 
0.0 
1.0 
1.0 
0.0 
0.0 
0.0 
0.0 
0.0 
1.0 
0.12617878500874505 
0.0 
1.0 
0.3175956913008699 
0.0 
1.0 
0.0 
1.0 
0.0 
0.0 
0.0 
1.0 
0.0 
1.0 
0.0 
1.0 
1.0 
0.8836271682774035 
1.0 
1.0 
0.0 
1.0 
1.0 
0.0 
0.00739233383476617 
0.0 
1.0 
0.0 
1.0 
0.9981060674763916 
1.0 
0.9989874056382588 
0.0 
0.0 
0.0 
0.0 
0.0 
1.0 
0.0 
0.0 
1.0 
0.9935385394256832 
0.0 
0.0 
0.9990948433301291 
0.0 
0.40576852805373215 
1.0 
0.03701035545841875 
0.9571772963389265 
1.0 
0.0 
0.0 
0.7918579699698184 
1.1826734333112711e-5 
1.0 
0.0 
0.0 
0.20421082195649745 
1.0 
0.005735931040952342 
1.0 
1.0 
0.0 
1.0 
0.06158934040816347 
0.0 
0.0 
1.0 
0.0 
0.0 
0.0 
0.0 
0.0 
0.0 
0.0 
0.0 
0.0 
0.0 
0.0 
1.0 
1.0 
1.0 
0.0 
1.0 
1.0 
0.0 
0.6406113021240919 
0.0 
0.0 
0.0 
0.0 
0.0 
1.0 
1.0 
1.0 
0.0 
0.0 
0.0 
0.0 
3.4903447761047395e-8 
0.0 
0.0 
0.0 
0.0 
0.0 
0.13736733867805118 
0.0 
1.0 
1.0 
0.0 
0.0 
0.0 
1.0 
1.0 
0.0 
1.0 
1.0 
1.0 
0.0 
0.0 
1.0 
0.0 
1.0 
0.0 
0.0 
0.0 
0.0 
1.0 
0.0 
0.0 
0.0 
1.0 
0.0 
0.0005778710129509425 
5.654318915904738e-7 
1.0 
0.49442607420505286 
0.0 
0.0 
0.0 
0.0 
1.0 
1.0 
1.0 
1.0 
1.0 
0.0 
0.0 
1.0 
0.9766525603257432 
0.024542943454342596 
1.0 
0.0 
1.0 
0.0 
0.0 
1.0 
0.0 
1.0 
1.0 
0.0 
0.0 
4.439791750800031e-10 
0.0 
5.0110811017710814e-11 
0.0 
1.0 
0.0 
1.0 
1.0 
0.0 
3.360232702732537e-5 
0.0 
0.0 
1.0 
1.0 
0.0 
0.0 
1.0 
0.0 
0.0 
0.0 
0.3987397932484915 
0.0 
0.0 
0.0 
0.0 
1.0 
1.0 
1.0 
0.0 
0.0 
0.0 
0.0 
1.0 
0.0 
0.0 
1.0 
0.0 
0.0 
1.0 
0.0 
1.0 
1.0 
0.0 
0.0 
0.0 
0.0 
1.0 
0.1420686664314821 
0.0 
0.0 
0.0 
0.0 
1.0 
1.0 
1.0 
1.0 
0.0 
0.0 
0.0 
0.0 
0.8895151769986975 
0.0 
1.0 
1.0 
0.0 
0.0 
1.0 
0.0 
1.0 
1.0 
0.0 
0.0 
1.0 
0.00012805555530428876 
1.0 
0.0 
0.4370908045389526 
0.0 
1.0 
0.9267878193197571 
0.9426147189950973 
0.0 
1.0 
0.0 
0.0 
0.3610780884610727 
0.0 
1.0 
1.0 
0.0 
0.0 
0.0 
1.0 
0.0 
0.0 
1.0 
0.0 
1.0 
0.48431480051864195 
0.028424516972257834 
1.0 
1.0 
1.0 
1.0 
0.00672926783298627 
1.0 
1.0 
1.0 
1.0 
1.0 
1.0 
1.0 
1.0 
1.0 
1.0 
0.0 
1.0 
0.0 
0.0 
1.0 
0.0 
0.0 
0.0 
1.736153355514994e-9 
1.0 
0.027664950779253433 
0.0 
0.0 
0.0 
0.0 
0.0 
0.9650314098823422 
0.0 
0.0 
0.39359409760722736 
1.0 
0.0 
0.0 
0.0 
0.0 
0.0 
1.0 
1.0 
1.0 
0.0 
1.0 
0.0 
0.0 
0.0 
1.0 
1.0 
1.0 
0.0 
0.90479667885841 
0.0 
0.0 
1.0 
1.0 
1.0 
1.0 
0.0 
0.0 
1.0 
0.0 
1.0 
1.0 
1.0 
0.0 
0.0 
1.0 
0.0 
0.0 
1.0 
0.0 
0.0 
1.0 
0.0 
0.0 
0.0 
0.0 
0.0 
0.9344178709781561 
1.0 
0.0 
0.0 
1.0 
1.0 
0.0 
1.0 
1.0 
1.0 
0.0 
1.0 
0.0 
0.0 
1.0 
0.0 
0.5928074045666888 
1.0 
0.0 
1.0 
1.0 
1.0 
0.060617335444080184 
0.6834202660559017 
1.0 
1.0 
1.0 
0.0 
1.0 
0.0 
1.0 
1.0 
0.0 
0.0 
1.0 
1.0 
1.0 
1.0 
1.0 
1.0 
0.0 
0.0 
0.0 
1.0 
1.0 
0.0 
0.0 
1.0 
0.0 
0.0 
1.0 
2.927496773511937e-11 
1.0 
1.0 
0.0 
0.0 
0.46978993874046976 
1.0 
1.0 
0.0 
0.0 
0.0 
1.0 
0.0 
0.0 
0.0 
0.0 
1.0 
0.0 
0.0 
0.0 
0.20075379518313421 
1.0 
0.0 
1.0 
0.0 
1.0 
1.0 
0.0 
0.0 
0.8011403458792303 
0.000360784482182838 
0.0 
1.0 
1.0 
0.9366098422333055 
0.04206586225981024 
0.04814991491395685 
0.0 
0.0 
0.0 
1.0 
0.0 
1.0 
0.5864089624106368 
1.0 
0.0020244640401471652 
0.0 
0.14127247101548157 
0.0 
0.0 
0.0 
1.0 
1.0 
0.0 
0.0 
1.0 
0.0 
1.0 
0.02565553323084568 
0.0 
1.0 
0.0 
0.0 
0.0 
1.0 
1.0 
3.936987925973522e-8 
1.346153365820588e-7 
1.0 
0.0 
0.0 
8.528055142368222e-8 
0.0 
1.1083042637787694e-8 
0.38620322130984747 
0.0 
1.5681326327851272e-6 
0.0 
1.0 
0.0 
0.0 
0.0 
0.0 
0.17677987272394804 
0.04199315860296419 
0.0 
0.3553234477659276 
0.0 
0.0 
0.0 
1.0 
0.0 
0.0 
0.9989604126216884 
0.0 
1.0 
0.0 
0.0 
0.0 
0.951763490755627 
0.5646047732510971 
0.004569009505231399 
0.0 
0.0 
1.0 
0.0 
1.0 
0.07253173535106486 
1.0 
0.0 
0.0 
0.0 
0.0 
1.0 
0.4127288561102042 
0.0 
0.9536677115257086 
0.2798378245646069 
0.0 
0.6548319914273245 
0.0 
1.0 
0.043665430087470314 
1.0 
0.0 
0.0 
0.0 
0.5475517373158197 
1.0 
0.10348440719551849 
1.0 
0.0 
1.0 
1.0 
0.0 
0.0 
1.0 
0.6639695163740299 
0.0 
0.9981127300146235 
0.06378481051659717 
1.0 
1.0 
0.0 
1.0 
0.9895573106371468 
1.0 
0.18295358251598196 
1.0 
0.0 
0.7047074709533433 
3.6032215368081227e-9 
0.0 
0.0 
1.0 
0.0 
1.0 
0.0 
0.0 
1.0 
0.0 
1.0 
1.0 
0.0 
0.9546046306950263 
0.0 
0.0 
0.0 
0.0 
1.0 
1.0 
1.0 
0.0 
0.9999999171750544 
0.0 
0.0 
0.3297045824313142 
0.0 
0.0 
1.0 
0.4362975856145801 
0.0 
1.0 
0.0 
0.0 
0.0 
0.0 
0.0 
1.0 
0.5616902055451831 
0.0 
0.0 
0.0 
1.0 
0.0 
8.109509797352564e-9 
0.0026749541963929533 
1.0 
0.01916670858212746 
1.499378603133511e-5 
0.006994379723405265 
0.0 
1.0 
0.007449228458476876 
0.0 
0.0 
1.0 
0.0 
0.0 
1.0 
1.0 
1.0 
0.0 
0.0 
0.0 
0.0 
0.0 
0.0 
0.0 
0.0 
1.0 
0.0 
1.0 
0.0 
2.01163263959078e-11 
0.0 
0.986262792130744 
0.0 
0.0470484600617536 
0.0 
1.0 
1.0 
1.0 
0.0 
1.0 
0.0 
0.0 
0.0 
0.0 
0.0022673130535167344 
0.0 
0.0 
0.0 
1.0 
0.0 
1.0 
0.017887736278072882 
1.0 
0.0 
0.0 
0.0 
0.0 
1.0 
0.0 
0.0 
1.0 
0.0 
1.0 
0.0 
5.663725658259984e-7 
0.0 
0.11411783879471969 
0.4889331081079413 
1.0 
1.0 
1.0 
1.0 
0.0 
1.0 
0.0 
0.0 
0.0 
0.0 
1.0 
0.0 
1.0 
1.0 
0.00014268867537522905 
0.0 
0.0 
1.0 
0.0 
0.0 
0.0 
0.0 
0.026175987448314616 
1.0 
0.0 
0.9002846575273546 
1.0 
0.18208815865793684 
0.0 
1.0 
4.6565165981967217e-7 
0.0 
0.0 
0.0 
1.0 
0.0 
0.0 
1.0 
0.002799453345257341 
0.0 
1.0 
0.0 
6.104214436833395e-6 
0.0 
1.0 
0.9929231463750978 
0.9759127161092944 
0.5480221023580644 
1.0 
1.0 
1.0 
0.004432346735475705 
1.0 
7.136034376679137e-8 
0.0 
1.0 
0.0 
0.0 
0.0 
1.0 
0.0 
0.0 
0.0042566224655703495 
5.351962662709379e-10 
1.0 
4.5291890013608336e-8 
0.0 
0.0 
0.0 
0.0 
0.0 
1.0 
0.03235406098958385 
0.0 
0.880824231442383 
0.0 
0.0 
0.0 
1.0 
0.027032571015226933 
1.0 
0.00011581058401424706 
0.0 
0.0 
1.0 
0.0 
1.0 
0.0 
0.05037826499431652 
0.0 
0.8655968667777044 
1.1422944948846442e-7 
0.035891436469160196 
0.7044275329658274 
0.0 
1.0 
0.0 
1.0 
0.0 
1.0 
0.0 
0.0006982374392015618 
0.0 
2.0991221836988477e-10 
1.0 
0.0 
0.0 
0.0 
1.0 
1.0 
1.0 
0.0 
0.0010587684934757918 
0.993394958812016 
0.8895515206649376 
1.0 
1.0 
1.0 
1.0 
1.0 
0.0 
0.9556549179006743 
0.0 
0.0 
0.0 
0.0 
0.3930770078850079 
1.0 
0.0 
0.6874662306033348 
0.0 
1.0 
1.0 
0.0 
0.0 
1.0 
0.0 
1.0 
6.488039791692966e-5 
0.0 
6.731905527657599e-9 
0.0 
1.0 
1.0 
0.0 
0.0 
0.0 
0.0 
1.0 
1.0 
1.0 
0.7180882414529322 
0.0 
0.0 
0.6576578245120548 
1.0 
0.0 
0.5446127963370927 
1.0 
1.0 
0.2781051989063362 
0.0 
0.0 
0.0 
0.0 
0.0 
1.0 
0.0 
0.0 
0.0 
0.7088394784525363 
0.0 
0.0 
0.0 
0.0 
0.34347881100233235 
1.0 
0.0 
0.0 
1.0 
0.0 
0.0 
1.0 
1.0 
0.0 
0.0 
0.0 
1.0 
0.0 
0.0 
0.0 
1.0 
0.08004097262888507 
1.0 
0.0 
0.03847475659048117 
0.0 
0.0 
1.0 
0.0 
0.0 
1.0 
0.0 
1.0 
0.10769982317532754 
0.0 
0.6455427508580298 
0.9427878758412557 
1.0 
0.0 
0.0 
0.0 
1.0 
0.0005083215941446554 
0.0 
0.0 
0.0 
1.0 
0.20309199487785484 
0.017955458546863035 
1.0 
1.0 
0.0 
1.0 
0.0 
0.0 
0.000202216640394082 
0.0 
0.0 
0.0 
0.0 
0.0 
0.0 
0.0 
1.0 
0.0 
0.0 
1.0 
0.005651016262969552 
1.0 
1.0 
0.0 
1.0 
1.0 
1.0 
1.0 
1.0 
0.0 
1.0 
0.15648258395208753 
0.0 
1.0 
0.0001099655735293771 
1.0 
0.0 
0.0 
2.731411316721065e-7 
0.0 
0.0 
1.0 
1.0 
0.0 
1.186111032115366e-10 
1.0 
0.05629383652975917 
1.0 
1.0 
0.0 
1.0 
0.0 
1.0 
0.0 
8.621703854317773e-5 
1.0 
0.0 
0.0 
1.0 
0.0 
0.00024184162105517665 
0.0 
1.0 
0.0 
1.0 
0.9338303209317605 
1.0 
0.052007485300710615 
0.0 
0.0 
0.0 
0.0 
0.7990848428524957 
0.19176718758997877 
1.0 
1.0 
0.0 
1.0 
1.0 
1.0 
1.0 
1.0 
0.0 
0.0 
0.0 
0.0 
1.0 
1.0 
0.16439101597345815 
0.0 
1.0 
1.0 
1.0 
1.0 
1.0 
1.0 
1.0 
1.0 
0.0 
1.0 
0.0 
0.0 
1.253077932226333e-10 
0.0 
0.8558282571340983 
0.0004013919447342302 
0.8386766136134266 
2.64848508647283e-7 
0.0 
1.0 
1.0 
1.0 
1.0 
0.0 
1.0 
1.0 
0.0 
0.9997665437364195 
0.0 
1.0 
1.0 
0.0 
0.0 
1.0 
1.0 
0.0 
1.0 
1.0 
0.0 
1.0 
4.253075320035913e-8 
1.0 
0.39690310213876145 
1.0 
0.0 
0.0 
1.0 
2.1378418137144213e-5 
0.37834575982283436 
0.0016905790003096891 
1.0 
1.0 
0.0003647904408938655 
1.0 
0.0 
0.0 
0.003165410273713144 
1.0 
0.0 
0.0 
0.0 
1.0 
0.0 
0.0 
0.0 
0.0 
0.0 
0.0 
0.010367186287831301 
0.0 
0.0004207447260047213 
0.0 
0.0002911152526551501 
1.0 
0.0 
1.0 
0.0 
0.0 
1.0 
0.00016558801410828414 
1.0 
0.0 
0.0 
1.0 
1.0 
0.0 
1.0 
0.8908872009515594 
0.0 
0.0 
1.0 
0.0 
1.0 
0.0 
0.0 
0.0 
1.0 
0.0 
0.0 
0.0 
1.0 
1.0 
0.0 
0.07292165428845897 
0.0 
0.0 
1.0 
0.0 
1.0 
1.0 
1.0 
0.0 
0.0 
1.0 
1.0 
1.0 
8.923269639700566e-5 
0.0 
1.0 
0.0 
0.0 
1.0 
0.0 
1.0 
0.0 
0.030989622366238746 
0.5205883123178572 
0.0 
1.0 
0.0 
0.0 
5.5599377585843755e-6 
0.0 
0.0 
1.0 
1.0 
1.0 
0.23124578336266416 
1.0 
1.0 
0.0 
0.0 
1.0 
0.0 
0.0 
0.0 
0.0 
1.0 
1.0 
1.0 
0.0 
0.0 
0.0 
1.0 
1.0 
1.0 
0.0 
0.0 
1.0 
1.0 
1.0 
0.0 
0.0 
1.0 
0.0 
0.0 
0.0 
0.0 
1.0 
0.0 
1.0 
1.0 
1.0 
0.0 
0.0 
0.0 
1.0 
2.2215832077844384e-5 
0.0 
0.0 
0.0 
1.0 
0.0 
1.0 
0.0 
7.1869229251829225e-6 
0.0 
0.0 
1.0 
0.9600295546074328 
0.0 
1.0 
0.0 
0.0 
1.0 
0.0 
1.0 
1.0 
0.0 
1.0 
0.0 
0.0 
0.0 
0.0 
0.0 
0.0 
1.0 
0.0 
0.0 
1.0 
0.0 
1.0 
1.0 
0.0 
1.0 
0.0 
0.0 
0.0 
0.0 
0.0 
0.0 
0.0 
1.0 
0.0 
0.0 
0.0 
0.0 
1.0 
0.0 
3.3987217709370286e-7 
1.0 
0.0 
0.0 
1.0 
0.0 
1.0 
0.0 
0.0 
0.0 
0.0 
0.0 
0.0 
1.0 
0.0 
1.0 
1.0 
0.0 
0.0 
1.0 
0.0 
1.0 
0.00339277940361819 
0.0 
0.0 
1.0 
0.0 
0.0 
1.0 
0.009334072351033753 
1.0 
0.0 
1.0 
0.0 
1.0 
1.0 
0.0 
0.0 
0.0 
1.0 
0.0 
0.35503661399001113 
0.0 
0.0 
0.0 
0.0 
1.8571180765843717e-7 
0.0 
0.0 
0.0 
1.0 
0.0 
0.0 
1.0 
0.0 
1.0 
0.0 
1.0 
1.8944120120485456e-8 
1.0 
1.0 
0.0 
1.0 
0.0 
0.0 
0.0 
0.0 
1.0 
1.0 
1.0 
1.0 
1.0 
1.0 
1.0 
0.0 
0.009006497958131235 
1.0 
1.9414821366993702e-8 
1.0 
0.0 
2.212508120835374e-7 
0.0 
0.0 
1.0 
1.0 
0.9997779791816017 
0.0 
1.0 
3.4953298875637413e-7 
0.0 
1.0 
1.0 
2.5553411637746984e-8 
0.0 
0.0 
0.0 
0.0 
0.0 
1.0 
0.0 
0.0 
0.574210523665942 
0.0 
1.0 
1.0 
0.0 
0.0 
0.0010021682689444402 
0.0 
8.957848232725748e-9 
0.0 
1.0 
0.0 
1.0 
1.1817277688149728e-7 
5.723690382917745e-9 
1.0 
0.0 
0.0 
1.0 
0.0 
1.0 
0.0 
0.0 
1.0 
0.0 
0.0 
1.8017012698696437e-8 
1.0 
0.0 
4.980961772106046e-8 
0.0 
0.22842167149643902 
0.0 
0.0 
0.0 
0.0 
0.0 
0.0 
1.0 
0.0 
1.0 
0.0035654149230374683 
1.0 
0.0 
1.0 
0.0 
0.0 
0.0 
0.0 
1.0 
0.0 
0.0 
1.0 
1.5575207874573508e-8 
0.0 
0.0 
0.0 
0.0 
1.0 
1.0 
1.0 
0.0 
1.0 
1.0 
1.0 
1.0 
0.0 
0.0 
1.0 
1.0 
0.0 
1.0 
1.0 
1.0 
1.0 
1.0 
0.0 
1.0 
1.0 
1.0 
0.0 
0.0 
1.0 
1.0 
1.0 
5.03400230187334e-5 
0.0 
0.0 
1.0 
0.0 
1.0 
0.0 
0.0 
0.0 
1.0 
0.0 
0.00019960494117911626 
0.0 
1.0 
1.0 
0.0 
1.0 
0.0 
0.0 
0.0 
0.0 
0.0 
0.0 
0.0 
1.0 
0.0 
1.0 
3.918529574749642e-5 
0.0 
1.0 
0.0 
1.0 
1.0 
0.0 
1.0 
1.0 
0.0 
0.0 
1.0 
0.4817321414768387 
0.0 
0.0 
1.0 
0.00042215483791976737 
0.14905492141366558 
1.0 
0.0 
0.0 
1.0 
1.0 
1.0 
0.0 
1.0 
1.0 
1.0 
0.0 
1.0 
1.0 
2.2997160712323483e-8 
0.0 
5.219612654741993e-12 
0.0016310602402803648 
0.0 
0.0 
1.4447279772514624e-9 
1.8951559516988364e-8 
0.0 
0.0 
0.0 
0.0 
1.0 
0.0 
0.0 
0.0 
0.0 
0.0 
0.0 
0.0 
0.0 
1.0 
0.0 
1.0 
1.0 
0.0 
0.0 
1.0 
0.0 
0.0 
1.0 
1.0 
1.0 
0.0 
0.0 
1.0 
1.0 
0.00016740514658044947 
1.1267859926841215e-5 
1.0 
0.0 
3.4267416974848103e-10 
1.0 
0.0 
1.0 
1.0 
0.050504387581521884 
0.0 
1.0 
1.0 
0.0 
1.0 
1.0 
5.712644454165778e-9 
1.0 
0.0 
0.0 
1.0 
0.0 
0.0 
0.0 
0.0 
0.0 
0.0 
0.0 
1.0 
1.0 
1.0 
0.021526091938487493 
0.11286881874873912 
0.0 
1.0 
0.047874227922971746 
0.0 
0.40534119713239936 
0.0 
0.0 
0.0 
0.0 
1.0 
4.553906014252348e-5 
0.0 
1.0 
0.0 
1.0 
1.0 
0.0 
0.0 
0.0 
1.0 
3.610265070725082e-10 
1.0 
1.0 
1.0 
1.4144896201513005e-9 
0.0 
1.0 
1.0 
2.835506923073636e-12 
0.0 
1.0 
0.0 
0.09576759196280835 
0.01470826318507822 
1.0 
0.9365789304035347 
1.0 
0.0 
0.0 
0.0003333680951926301 
0.0 
1.0 
1.0 
1.0 
0.0 
1.0 
1.0 
0.0 
1.0 
1.0 
1.0 
0.0 
0.0 
1.0 
1.0 
1.0 
8.167698597067737e-10 
0.0 
1.0 
1.0 
0.00023126620239093495 
0.0 
1.0 
0.6515999025847272 
1.0 
0.0 
1.0 
0.999934166995985 
1.0 
0.0 
1.0 
0.0 
1.0 
1.0 
0.0 
0.0 
1.0 
1.0 
1.0 
0.0 
0.0 
0.0016594830795999902 
0.0 
0.0 
5.923895856681865e-11 
0.0 
0.0 
1.0 
0.0 
0.0 
0.0 
0.004654369912685155 
0.0 
0.0 
0.0 
1.0 
1.0 
0.0 
0.0 
1.0 
1.0 
0.0 
0.0 
1.0 
1.0 
0.0 
0.0 
0.19787692054171296 
1.0 
1.0 
0.0 
0.0 
0.451423927383439 
0.0 
0.0 
0.007551215594436235 
1.0 
0.0 
1.0 
1.0 
0.0 
0.0 
1.0 
0.0 
1.0 
1.0 
0.0 
0.0 
1.3426640031505532e-8 
1.0140918960591622e-11 
0.0 
1.0 
0.0 
1.0 
0.03771415024896374 
1.0 
1.0 
1.0 
0.0 
1.0 
0.0 
0.0 
0.9993500195707554 
1.0 
1.0 
0.8038445491650492 
0.0 
0.0 
0.0 
0.0 
0.0 
1.0 
0.0 
1.0 
0.08696467214180546 
0.0 
0.0 
0.005617263073895068 
1.0 
0.008997759636280512 
1.0 
1.0 
1.0 
0.0 
0.0 
1.0 
0.0008464839501491678 
0.0 
1.0 
0.0 
0.0 
0.0 
1.0 
0.5729902874824646 
1.0 
0.0 
0.0 
0.0 
1.0 
1.0 
1.0 
0.612214830608564 
2.6486693868529307e-9 
1.0 
1.0 
0.001194077652000617 
2.2100603374847676e-11 
1.0 
1.0 
0.0 
0.049926963784844916 
1.0 
1.0 
1.0 
1.0 
0.0 
0.0 
1.0 
0.0 
1.0 
0.0 
1.0 
0.0 
1.0 
1.0 
1.0 
0.5023911368033191 
1.0 
1.0 
0.0 
1.0 
1.0 
1.0 
1.0 
0.0 
1.0 
1.0 
0.0 
1.0 
0.0 
0.5899410057220794 
0.0 
0.973210900512325 
4.514498748551391e-12 
0.0 
0.0 
1.0 
0.0 
0.0 
0.0 
1.0 
0.0 
1.0 
0.0 
1.0 
0.0 
1.0 
0.0 
0.0 
0.0 
0.0 
0.0 
1.0 
1.0 
1.0 
1.0 
1.0 
1.719426298955486e-11 
0.0 
1.0 
1.0 
1.1649074015990628e-8 
0.0 
0.08778033386763391 
0.0 
0.0 
1.0 
5.769246445183447e-11 
0.5969134237234978 
0.0 
1.0 
1.0 
0.0 
0.7816985241383089 
1.0 
1.0 
1.0 
0.0 
0.0 
1.0 
1.0 
0.0 
7.457458103992787e-10 
0.0 
0.0 
0.0 
1.0 
1.0 
1.0 
1.0 
0.0 
0.0 
0.0 
1.0 
1.0 
0.0 
0.0015671333517011576 
0.32409361922677377 
0.0 
1.0 
1.0 
3.114964156131043e-9 
1.0 
0.0 
0.00023929256441501136 
0.0 
1.0 
1.0 
0.0 
1.0 
0.0 
1.0 
0.0 
1.0 
0.0 
0.4145948134584015 
0.0 
1.0 
0.0 
0.0 
0.0 
0.0 
0.0 
0.0 
0.0 
0.0006784803853478387 
1.0 
0.0 
0.0 
1.0 
1.0 
0.0 
0.09953353169337485 
1.0 
0.0 
1.0 
0.0 
0.0 
1.0 
0.0 
0.0 
0.0 
0.0 
0.5420871744905117 
0.0 
0.0 
1.0 
1.0 
1.0 
1.0 
1.0 
1.0 
0.6905224548645558 
1.0 
0.0 
1.0 
0.0 
0.0 
1.0 
1.0 
0.0 
0.0 
1.0161734008698438e-9 
0.0 
0.0 
1.0 
1.0 
0.0008446277535813851 
1.0 
1.0 
0.0 
0.0 
0.0 
0.0 
0.39795402841796684 
0.0 
0.0 
0.0005452309432741262 
0.0 
0.0 
0.0 
0.0 
0.38206286219828123 
1.0 
0.0 
1.0 
1.0 
0.0 
1.0 
0.0 
1.0 
1.0 
1.0 
0.0 
1.0 
1.0 
1.0 
0.0 
1.0 
0.0 
0.0 
0.0 
1.0 
0.34853860191986447 
1.0 
1.0 
0.0 
0.3540466715603039 
1.0 
0.0001261904082497227 
1.0 
0.0874405473095172 
0.0 
1.0 
1.0 
0.0 
0.8665440932521177 
1.0 
0.0 
0.9995849096466757 
1.0 
0.0 
1.0 
1.0 
0.0 
1.0 
0.0 
0.0 
0.0 
1.0 
1.0 
0.0 
0.0 
0.0 
0.8296348072052128 
1.0 
0.0 
1.0 
1.0 
1.0 
1.0 
1.0 
0.0 
0.0 
0.0 
0.0 
1.0 
1.0 
1.0 
0.0 
1.0 
1.0 
1.0 
0.0 
0.0 
1.0 
0.0 
0.0 
0.0 
0.0 
0.0 
1.0 
0.0 
0.0767969960636154 
0.0 
0.0 
0.0 
1.0 
0.05836059621310737 
1.0 
0.0 
0.0 
0.0 
1.0 
1.0 
1.0 
0.0 
0.0015327096404067037 
0.0 
1.0 
0.0 
0.0 
0.0 
1.0 
0.0 
0.056253478356197255 
1.0 
1.0 
1.0 
5.4090254561979095e-6 
0.28876100232172625 
0.0 
0.0 
0.0 
0.0 
0.0 
1.0 
1.0 
1.118797348108001e-9 
1.0 
1.0 
1.0 
1.0 
1.0 
0.0 
0.0 
1.0 
0.3304779578335042 
0.0 
0.0 
0.0 
0.0 
0.0 
1.0 
0.0 
0.0 
0.0 
0.0 
0.0 
0.0 
1.0 
0.0 
0.0 
0.0 
0.0 
1.0 
1.0 
1.0 
1.0 
0.0 
0.0 
0.0 
0.0 
0.6236265603142943 
0.0 
0.0 
1.0 
1.0 
1.0 
0.0 
0.2191201867979541 
0.0 
0.0 
0.0 
0.0 
0.35716735954779827 
0.0 
0.0 
1.0 
0.0 
2.6044419789761778e-9 
0.0 
0.0 
0.0 
1.5615500424164585e-7 
1.0 
0.0 
1.0 
0.0 
0.0 
0.0 
1.0 
0.0 
4.3654204785362385e-8 
1.0 
0.0 
1.0 
1.0 
2.1275153503489473e-9 
0.0 
8.165375257953661e-5 
0.0 
1.0 
0.0 
1.0 
0.0 
0.0 
0.0 
0.0 
1.0 
0.6554826293063657 
0.0 
0.0 
0.0 
1.0 
1.0 
0.0 
1.0 
0.0 
0.0 
0.8842708758390103 
1.0 
5.816918013092233e-9 
1.0 
0.0 
0.0 
1.0 
0.666238625441481 
1.0 
0.0 
1.0 
0.0 
0.0 
1.0 
0.0 
0.0 
1.0 
1.0 
0.0 
0.0 
0.0 
9.263826103788577e-10 
0.0 
1.0 
6.012112591500897e-7 
0.0 
0.0 
1.0 
4.049979011691709e-10 
4.936617226450971e-9 
1.684937807372162e-8 
0.0 
1.5348757390232972e-8 
1.0 
1.2068078892441228e-9 
0.0 
1.0 
0.0 
1.0 
0.0 
1.0 
1.0 
0.0 
1.0 
1.0 
0.0 
0.0 
1.0 
2.7223397672673356e-11 
0.0 
0.0 
1.0 
0.0 
1.0 
0.0 
1.0 
1.0 
1.0 
0.0 
0.0 
1.0 
0.0 
1.0 
0.0 
1.0 
1.0 
0.0 
0.0 
0.0 
0.0 
1.0 
1.0 
0.0 
1.0 
1.0 
0.0 
0.0 
1.1852784120150106e-5 
1.3130926101675257e-10 
0.0 
1.0 
0.0 
0.0 
0.0 
0.0 
0.0 
1.0 
0.0 
0.0 
0.0 
0.4918212235428263 
8.956835506968183e-8 
0.0 
0.0 
0.0 
1.0 
0.0 
0.0 
0.7412095653891485 
0.0 
1.0 
1.0 
1.0 
1.0 
0.0 
0.0 
0.0 
0.0 
0.0 
1.0 
0.8072631721265691 
0.0 
0.0 
0.0 
0.0 
1.0 
0.0 
0.0 
0.0 
1.0 
1.0 
0.0 
0.0 
1.0 
0.007222279002567586 
0.0 
1.0 
1.376694022145977e-11 
0.0 
0.0 
0.0 
0.0 
1.0 
0.0 
1.0 
1.0 
0.0 
1.0 
0.0 
0.0 
0.0 
0.0 
1.0 
0.0 
0.0 
1.0 
1.0 
0.0 
0.0 
1.0 
0.0 
0.0 
0.0 
0.0 
1.0 
1.0 
0.0 
1.0 
0.0 
0.0 
4.9436617662271326e-8 
0.0 
8.745498485803834e-11 
1.0 
0.0 
0.0 
1.0 
0.0 
0.0 
1.847037887766578e-9 
1.0 
0.0 
0.0 
1.655743995741012e-9 
1.0 
2.488565942143066e-8 
1.0 
1.0 
3.4642899750606636e-8 
0.0 
0.0 
0.0 
4.9804188141163686e-8 
0.0 
1.0 
0.0 
3.744488618523166e-9 
0.0 
1.0 
0.0 
0.0 
1.0 
0.0 
0.0 
1.0 
0.0 
1.0 
2.245861070640713e-8 
1.0 
1.0 
1.0 
1.0 
0.0 
0.0 
0.0 
1.0 
0.0 
0.0 
2.5541892237837574e-8 
0.0 
0.0 
0.0 
0.0 
0.0 
1.0 
0.0 
0.0 
1.0 
0.0 
1.0 
0.0 
0.0 
0.0 
1.0 
0.0 
0.0 
0.0 
1.0 
0.0 
0.0 
0.0 
0.0 
1.1210895639512573e-8 
0.0 
1.0 
0.0 
1.0603254233588867e-8 
0.0 
0.0 
5.541540282552729e-10 
1.0 
0.0 
1.0 
0.0 
0.0 
1.0 
1.0 
0.0 
1.0 
0.002500769427311093 
0.0 
1.0 
1.0 
1.0 
0.0 
0.0 
0.0 
0.0 
1.0 
1.0 
1.0 
0.0 
0.0 
1.420251689760707e-6 
0.0 
1.0 
0.0 
0.0 
0.0 
1.0 
0.0 
0.0 
0.0 
1.0 
0.0 
0.5375630717238338 
0.0 
1.0 
0.9987548305900655 
0.9996024467953103 
1.0 
0.0 
0.0 
0.0 
0.0 
1.0 
1.0 
0.0 
1.0 
3.324431589559715e-10 
0.0 
1.0 
1.0 
0.0 
0.0 
1.0 
1.0 
0.0 
8.408473513709875e-10 
1.0 
0.0 
0.0 
1.0 
0.0 
0.0 
0.0 
0.0 
1.0 
1.0 
0.0 
1.0 
1.0 
0.0 
0.0 
1.0 
1.0 
1.0 
1.0 
2.0137785734090994e-11 
1.0 
3.0853975505259366e-12 
0.0 
0.9997733468503944 
0.0 
1.0 
1.0 
1.0 
0.0 
0.0 
0.0 
1.0 
1.0 
2.215606904086668e-6 
0.0 
0.0 
1.0 
1.0 
1.0 
1.0 
1.0 
1.0 
0.0 
1.0 
1.0 
1.0 
1.0 
1.0 
1.0 
1.0 
1.0 
1.0 
0.0 
1.0 
1.0 
1.0 
1.0 
1.0 
1.0 
0.0 
1.0 
1.0 
0.0 
1.0 
0.0 
1.0 
0.0 
0.0 
1.0 
1.0 
1.0 
0.0 
1.0 
1.0 
1.0 
1.3786598922220906e-11 
1.0 
1.0 
1.0 
0.0 
1.0 
0.0 
1.0 
1.0 
1.0 
0.0 
1.0 
0.0 
0.0 
0.0 
1.0 
1.0 
1.0 
1.0 
0.0 
1.0 
0.0 
1.0 
1.0 
1.0 
1.0 
1.0 
1.0 
7.316477671334353e-7 
1.0 
1.0 
0.0 
1.0 
1.0 
0.0 
0.0 
1.0 
1.0 
1.0 
1.0 
1.0 
0.0 
1.0 
0.0 
1.0 
1.0 
0.0 
1.0 
0.0 
1.0 
1.0 
0.9988255010663422 
0.0 
1.0 
1.0 
1.0 
2.21248096464614e-8 
6.163105766239324e-11 
1.0 
0.0 
0.0 
0.0 
0.0 
1.0 
0.0 
0.9999726046767101 
0.0 
1.0 
1.2240644017791813e-10 
0.0 
0.0 
1.0 
1.0 
1.0 
1.1402729348244883e-7 
0.020656792496743428 
0.0 
1.0 
0.0 
1.0 
1.0 
4.030771937675324e-9 
0.0 
1.0 
0.0 
1.0 
1.0 
8.038026919794334e-6 
0.9998225579218178 
1.0 
0.0 
1.0 
3.52005619913214e-5 
8.126583482318135e-10 
0.0 
1.0 
1.0 
0.0 
1.0 
1.0 
1.0 
1.0 
1.0 
1.0 
1.0 
0.04737294362819811 
1.0 
1.0 
2.4127881050160063e-6 
1.0 
6.977723387203847e-5 
1.0 
1.0 
0.0 
1.0 
1.0 
1.0 
1.0 
1.0 
1.0 
1.0 
0.0 
1.0 
1.0 
1.0 
1.0 
1.0 
1.0 
1.0 
1.0 
1.0 
1.0 
1.0 
1.0 
1.8719485063963695e-6 
1.0 
1.0 
5.825773957233932e-7 
1.2358158920978935e-10 
0.030373636207203347 
1.3865297674731291e-11 
0.0023589751545991557 
0.0006104328518624275 
0.0 
1.0 
1.0 
0.9999366672808099 
0.0 
1.0 
1.0 
1.0 
1.0 
1.0 
1.0 
1.0 
1.0 
1.0 
1.0 
1.0 
1.0 
0.0 
0.0 
1.0 
1.0 
0.0 
1.0 
0.9999658895762797 
1.0 
1.0 
0.0 
0.0 
1.3413399534777117e-7 
3.670698811476574e-8 
1.0 
0.0 
0.0 
1.0 
0.0 
1.0 
1.0 
1.0 
1.0 
1.0 
0.029174509240302206 
0.0 
1.0 
1.0 
1.0 
1.0 
1.0 
1.0 
1.0 
1.0 
0.0002630280987273689 
2.819868895096415e-6 
1.0 
1.0 
1.0 
1.0 
6.112098870384275e-10 
7.655277186235044e-7 
0.0 
1.0 
1.0 
1.0 
1.0 
1.0 
1.0 
1.0 
1.0 
1.0 
0.03643169269600801 
0.0 
1.0 
1.0 
2.141543908383948e-7 
1.0 
1.0 
0.008193819798043987 
7.643307713813141e-6 
0.0 
1.0 
4.9702142086461985e-9 
1.0 
1.0 
1.0 
1.0 
5.063819075440728e-10 
0.0024504147681125295 
1.0 
1.0 
1.0 
1.0 
0.00013880920576801465 
1.0 
1.0 
5.420246608460493e-7 
1.0 
1.0 
1.0 
1.0 
1.0 
1.0 
8.985290077679359e-9 
1.0 
1.0 
1.0 
7.986029361471907e-6 
1.0 
1.0 
0.007911308318561584 
7.043144022287569e-11 
1.4113783402746353e-10 
1.0 
0.47975549404131584 
4.329951785881163e-9 
1.0 
1.0 
0.0 
1.7445808809720705e-10 
1.0 
5.596144669949762e-5 
1.0 
0.0 
1.0 
0.0 
0.8562715913759195 
1.0 
1.0 
1.0 
0.0 
0.015719168461895607 
6.987067910915071e-9 
2.6445521333195972e-11 
1.0 
2.6299576243523782e-6 
1.0 
0.0 
1.0 
1.0 
1.8190591695480122e-5 
0.007936686003322264 
0.02084062032558833 
4.1734435006087943e-10 
0.01613237818430131 
0.0 
6.871170679893348e-5 
0.027456848149405126 
1.0 
1.0 
1.0 
0.001731419963699685 
1.0 
1.0 
1.0 
1.0 
1.0 
1.0 
1.0 
0.0006229995650597966 
0.015370757719878262 
1.0 
0.0008106362762885719 
1.0 
1.0 
1.0 
1.0 
1.0 
1.0 
2.0108872593973208e-5 
1.0 
1.0 
0.0 
1.0 
1.0 
0.0 
1.0 
1.0 
1.0 
0.028095782070334467 
5.4843271758410764e-11 
1.0714041761372938e-6 
0.9990118532235978 
1.0 
1.0 
1.0 
1.0 
1.0 
0.00113493124473253 
1.0 
3.254236885842209e-8 
1.5077973030007624e-9 
0.03678544900822219 
0.0 
1.0 
1.0 
6.052509717561135e-8 
0.0 
1.0 
3.528452105479333e-5 
1.258706676449059e-9 
1.0 
0.0 
1.0 
1.0 
0.013383146605632678 
7.010598504301034e-8 
1.0 
1.0 
1.0 
5.3019668893038246e-8 
1.0 
2.320979259922587e-9 
1.0 
0.0 
0.014379641296892188 
0.0 
0.00047546954915021614 
1.0 
1.0 
1.0 
1.0 
1.0 
1.0 
1.0 
1.0 
0.0 
1.0 
1.0 
1.0 
1.0 
0.0 
1.0 
0.9999885957756869 
4.109440857523691e-6 
0.003954560265304193 
4.366766235973098e-7 
0.0 
2.4349065310438563e-10 
4.8876090055835766e-11 
0.0 
1.0 
0.034425212316537626 
0.024532205056268155 
1.0 
1.0 
0.9999454492739654 
0.9999708547144536 
0.0 
1.0 
0.0 
