100 27.0 4.92030100970364 
110 28.0 4.76954260412148 
120 60.0 4.7979939543285415 
130 62.0 6.411241369322577 
140 67.0 7.68533073076711 
150 72.0 6.8157439651690925 
160 77.0 6.491610230174998 
170 82.0 7.619814097983316 
180 87.0 8.254392348373978 
190 91.0 9.769617534540924 
200 96.0 11.041528659335397 
210 99.0 9.977463921112763 
220 103.0 9.120037847668936 
230 106.0 8.052710212057343 
240 107.0 7.260761431207465 
250 120.0 6.9820795680769425 
260 126.0 6.488857730035215 
270 131.0 6.846569003442143 
280 133.0 7.168148213800893 
290 139.0 6.976265754550309 
300 142.0 8.33893051893713 
310 147.0 9.94962639392565 
320 152.0 10.788257788910252 
330 155.0 9.066911495562165 
340 33.0 7.286378289019088 
350 31.0 8.1540616232892 
360 30.0 8.686317263307629 
370 182.0 6.70446253242905 
380 186.0 6.653437528503798 
390 116.0 7.1131404263711655 
400 113.0 10.843379132095485 
