-85.0 -85.0 0.1857419722955103 
-85.0 -80.0 0.4956813178319414 
-85.0 -75.0 0.48353853275010333 
-85.0 -70.0 0.41000447844607113 
-85.0 -65.0 0.3556417129534196 
-85.0 -60.00000000000001 0.5937666152131702 
-85.0 -55.00000000000001 1.4884241635908309 
-85.0 -50.0 2.445716273725994 
-85.0 -45.0 2.6959501120629388 
-85.0 -40.0 2.4631857952759355 
-85.0 -34.99999999999999 2.060608668924933 
-85.0 -30.000000000000004 1.6190617341605713 
-85.0 -25.0 1.2208360075916103 
-85.0 -20.0 1.1788531189801177 
-85.0 -14.999999999999996 3.086057099681113 
-85.0 -10.000000000000004 8.00122564400866 
-85.0 -5.000000000000002 8.622133915161964 
-85.0 0.0 8.703799707860343 
-85.0 5.000000000000002 9.806782775453803 
-85.0 10.000000000000004 11.371555110476578 
-85.0 15.000000000000007 6.203194951858417 
-85.0 20.000000000000007 2.617746249930255 
-85.0 24.999999999999993 1.8668484650280321 
-85.0 29.999999999999993 1.991950265412448 
-85.0 34.99999999999999 2.4311053059068652 
-85.0 40.0 3.039625358794783 
-85.0 45.0 3.6977982858363774 
-85.0 50.0 4.023477071070074 
-85.0 55.00000000000001 3.321533076999506 
-85.0 60.00000000000001 1.9828910539156508 
-85.0 65.00000000000001 1.152460504862106 
-85.0 69.99999999999999 0.8211459872633949 
-85.0 75.0 0.7044157238195352 
-85.0 80.0 0.6235064995557459 
-85.0 85.0 0.21986587529980298 
-80.0 -85.0 0.6256616356531524 
-80.0 -80.0 1.6771674382589947 
-80.0 -75.0 1.6531768934333606 
-80.0 -70.0 1.4351096442792732 
-80.0 -65.0 1.2941136792752732 
-80.0 -60.00000000000001 2.120762230685966 
-80.0 -55.00000000000001 5.081951319317375 
-80.0 -50.0 8.19645882423651 
-80.0 -45.0 8.972855733862044 
-80.0 -40.0 8.176475433996899 
-80.0 -34.99999999999999 6.835669291699321 
-80.0 -30.000000000000004 5.37582574219503 
-80.0 -25.0 4.066231945392801 
-80.0 -20.0 3.940458082054978 
-80.0 -14.999999999999996 10.25076748870586 
-80.0 -10.000000000000004 26.443864985350505 
-80.0 -5.000000000000002 28.449328764381864 
-80.0 0.0 28.695890834292484 
-80.0 5.000000000000002 32.31733094885944 
-80.0 10.000000000000004 37.46257180103939 
-80.0 15.000000000000007 20.457255924564482 
-80.0 20.000000000000007 8.666970010228907 
-80.0 24.999999999999993 6.204797252658678 
-80.0 29.999999999999993 6.62843145668434 
-80.0 34.99999999999999 8.09322199984804 
-80.0 40.0 10.130605142375387 
-80.0 45.0 12.358875277758353 
-80.0 50.0 13.52550255537022 
-80.0 55.00000000000001 11.286262857173003 
-80.0 60.00000000000001 6.844984777104895 
-80.0 65.00000000000001 4.025065984213624 
-80.0 69.99999999999999 2.8596358220966174 
-80.0 75.0 2.428900590872845 
-80.0 80.0 2.1324110283955617 
-80.0 85.0 0.7484672693992681 
-75.0 -85.0 0.6979505975648489 
-75.0 -80.0 1.8858447214319842 
-75.0 -75.0 1.8927059957309653 
-75.0 -70.0 1.7083373370279502 
-75.0 -65.0 1.6347442657515519 
-75.0 -60.00000000000001 2.605551571890682 
-75.0 -55.00000000000001 5.804472132300631 
-75.0 -50.0 9.059951622920074 
-75.0 -45.0 9.79405477073732 
-75.0 -40.0 8.881504854600912 
-75.0 -34.99999999999999 7.416536204823409 
-75.0 -30.000000000000004 5.84315572018932 
-75.0 -25.0 4.446009825143549 
-75.0 -20.0 4.3370835503885266 
-75.0 -14.999999999999996 11.148258867710775 
-75.0 -10.000000000000004 28.484649020281495 
-75.0 -5.000000000000002 30.549483707039947 
-75.0 0.0 30.767113421300923 
-75.0 5.000000000000002 34.6194106941957 
-75.0 10.000000000000004 40.10937458670739 
-75.0 15.000000000000007 21.949030182956232 
-75.0 20.000000000000007 9.370399086813364 
-75.0 24.999999999999993 6.757721156169587 
-75.0 29.999999999999993 7.234693350033609 
-75.0 34.99999999999999 8.839966231730372 
-75.0 40.0 11.088372173923316 
-75.0 45.0 13.5968992606227 
-75.0 50.0 15.036917859872448 
-75.0 55.00000000000001 12.787060644704637 
-75.0 60.00000000000001 7.965920342675044 
-75.0 65.00000000000001 4.774101084797893 
-75.0 69.99999999999999 3.375467904523534 
-75.0 75.0 2.820346821000927 
-75.0 80.0 2.4420910681238954 
-75.0 85.0 0.8503593385792321 
-70.0 -85.0 0.7624303807604541 
-70.0 -80.0 2.085271084522937 
-70.0 -75.0 2.1496599359172093 
-70.0 -70.0 2.047944489520162 
-70.0 -65.0 2.1093315739921366 
-70.0 -60.00000000000001 3.2526290550520125 
-70.0 -55.00000000000001 6.571253348455242 
-70.0 -50.0 9.757708758198456 
-70.0 -45.0 10.336404818965267 
-70.0 -40.0 9.298735628825973 
-70.0 -34.99999999999999 7.750663205674939 
-70.0 -30.000000000000004 6.125592514413389 
-70.0 -25.0 4.707794009685117 
-70.0 -20.0 4.642412376383513 
-70.0 -14.999999999999996 11.695661560490139 
-70.0 -10.000000000000004 29.39718098099431 
-70.0 -5.000000000000002 31.358778471754178 
-70.0 0.0 31.49753686674583 
-70.0 5.000000000000002 35.3881815695134 
-70.0 10.000000000000004 40.965340634301135 
-70.0 15.000000000000007 22.50562228373842 
-70.0 20.000000000000007 9.738286982356424 
-70.0 24.999999999999993 7.110994253980834 
-70.0 29.999999999999993 7.639812355281075 
-70.0 34.99999999999999 9.345853068832913 
-70.0 40.0 11.762853805846776 
-70.0 45.0 14.544766705356064 
-70.0 50.0 16.35479911708994 
-70.0 55.00000000000001 14.314591047056496 
-70.0 60.00000000000001 9.266692741781144 
-70.0 65.00000000000001 5.696821210451359 
-70.0 69.99999999999999 4.000052458380956 
-70.0 75.0 3.2668024275249627 
-70.0 80.0 2.773239733902137 
-70.0 85.0 0.9544459671662971 
-65.0 -85.0 0.821480977559379 
-65.0 -80.0 2.2853724815787695 
-65.0 -75.0 2.441921324213549 
-65.0 -70.0 2.485248532453964 
-65.0 -65.0 2.769492886000895 
-65.0 -60.00000000000001 4.130729817604806 
-65.0 -55.00000000000001 7.441135408125194 
-65.0 -50.0 10.310259849330503 
-65.0 -45.0 10.591360803269282 
-65.0 -40.0 9.409557816259683 
-65.0 -34.99999999999999 7.820599796757512 
-65.0 -30.000000000000004 6.212592129367328 
-65.0 -25.0 4.851052947308749 
-65.0 -20.0 4.863610761742683 
-65.0 -14.999999999999996 11.872612534063514 
-65.0 -10.000000000000004 29.05175719554438 
-65.0 -5.000000000000002 30.710839482019708 
-65.0 0.0 30.70461479622687 
-65.0 5.000000000000002 34.412986155333854 
-65.0 10.000000000000004 39.78874386690899 
-65.0 15.000000000000007 22.01619041501286 
-65.0 20.000000000000007 9.747573186754174 
-65.0 24.999999999999993 7.262860540432347 
-65.0 29.999999999999993 7.846122040702066 
-65.0 34.99999999999999 9.615661659677324 
-65.0 40.0 12.167005347348026 
-65.0 45.0 15.23796386498967 
-65.0 50.0 17.55948595205365 
-65.0 55.00000000000001 15.995263878261982 
-65.0 60.00000000000001 10.871619171700521 
-65.0 65.00000000000001 6.882224683856744 
-65.0 69.99999999999999 4.788230400837767 
-65.0 75.0 3.8016200141743286 
-65.0 80.0 3.146383391950859 
-65.0 85.0 1.06624983204242 
-60.00000000000001 -85.0 0.8573122354413119 
-60.00000000000001 -80.0 2.434847638487458 
-60.00000000000001 -75.0 2.7108162866602434 
-60.00000000000001 -70.0 2.9540401953876683 
-60.00000000000001 -65.0 3.53476321820407 
-60.00000000000001 -60.00000000000001 5.129423191561899 
-60.00000000000001 -55.00000000000001 8.253101938378702 
-60.00000000000001 -50.0 10.525499000823581 
-60.00000000000001 -45.0 10.375252589479878 
-60.00000000000001 -40.0 9.055537356326749 
-60.00000000000001 -34.99999999999999 7.495594115232726 
-60.00000000000001 -30.000000000000004 5.999269171523245 
-60.00000000000001 -25.0 4.791390126717627 
-60.00000000000001 -20.0 4.913323110700014 
-60.00000000000001 -14.999999999999996 11.476529082614084 
-60.00000000000001 -10.000000000000004 26.97588508024985 
-60.00000000000001 -5.000000000000002 28.113285951142434 
-60.00000000000001 0.0 27.89735208199454 
-60.00000000000001 5.000000000000002 31.15233317054261 
-60.00000000000001 10.000000000000004 35.96973465145875 
-60.00000000000001 15.000000000000007 20.152238509977074 
-60.00000000000001 20.000000000000007 9.252702237823597 
-60.00000000000001 24.999999999999993 7.102284378367331 
-60.00000000000001 29.999999999999993 7.732437939047459 
-60.00000000000001 34.99999999999999 9.500772742091007 
-60.00000000000001 40.0 12.111838583136318 
-60.00000000000001 45.0 15.43435920547657 
-60.00000000000001 50.0 18.355353147198077 
-60.00000000000001 55.00000000000001 17.528610470888758 
-60.00000000000001 60.00000000000001 12.54345138246084 
-60.00000000000001 65.00000000000001 8.15969756102473 
-60.00000000000001 69.99999999999999 5.6148895161093275 
-60.00000000000001 75.0 4.326033524517382 
-60.00000000000001 80.0 3.4817764467406076 
-60.00000000000001 85.0 1.1592963646850785 
-55.00000000000001 -85.0 0.910581470554863 
-55.00000000000001 -80.0 2.6344785646449984 
-55.00000000000001 -75.0 3.037190831494523 
-55.00000000000001 -70.0 3.4893425939392326 
-55.00000000000001 -65.0 4.387847441890498 
-55.00000000000001 -60.00000000000001 6.266170649504851 
-55.00000000000001 -55.00000000000001 9.287010833890598 
-55.00000000000001 -50.0 11.013275640505425 
-55.00000000000001 -45.0 10.419351379957039 
-55.00000000000001 -40.0 8.924889820531968 
-55.00000000000001 -34.99999999999999 7.355417834416558 
-55.00000000000001 -30.000000000000004 5.936763382770287 
-55.00000000000001 -25.0 4.857805461192306 
-55.00000000000001 -20.0 5.096869757317513 
-55.00000000000001 -14.999999999999996 11.362624467462336 
-55.00000000000001 -10.000000000000004 25.50059384297075 
-55.00000000000001 -5.000000000000002 26.115988367922817 
-55.00000000000001 0.0 25.666853642146595 
-55.00000000000001 5.000000000000002 28.545168867299545 
-55.00000000000001 10.000000000000004 32.94061943629584 
-55.00000000000001 15.000000000000007 18.78312238410728 
-55.00000000000001 20.000000000000007 9.02260214680055 
-55.00000000000001 24.999999999999993 7.1606991338872135 
-55.00000000000001 29.999999999999993 7.859177497790633 
-55.00000000000001 34.99999999999999 9.681545236180293 
-55.00000000000001 40.0 12.43737973501853 
-55.00000000000001 45.0 16.12424867033341 
-55.00000000000001 50.0 19.746086378890084 
-55.00000000000001 55.00000000000001 19.623502155930293 
-55.00000000000001 60.00000000000001 14.590987893248906 
-55.00000000000001 65.00000000000001 9.65073995603281 
-55.00000000000001 69.99999999999999 6.566557259793934 
-55.00000000000001 75.0 4.934980476810778 
-55.00000000000001 80.0 3.8800415885305717 
-55.00000000000001 85.0 1.272495371130489 
-50.0 -85.0 0.9901750231416756 
-50.0 -80.0 2.889178019098242 
-50.0 -75.0 3.3829939591772806 
-50.0 -70.0 3.97554510464857 
-50.0 -65.0 5.106016635173134 
-50.0 -60.00000000000001 7.271439203853265 
-50.0 -55.00000000000001 10.453712668997158 
-50.0 -50.0 12.010986130324042 
-50.0 -45.0 11.140442992251176 
-50.0 -40.0 9.452945979943205 
-50.0 -34.99999999999999 7.776384106572592 
-50.0 -30.000000000000004 6.310160835379966 
-50.0 -25.0 5.2361650831273625 
-50.0 -20.0 5.560566998304106 
-50.0 -14.999999999999996 12.062616099101314 
-50.0 -10.000000000000004 26.31604179966893 
-50.0 -5.000000000000002 26.6520735340486 
-50.0 0.0 26.023060162811092 
-50.0 5.000000000000002 28.89041825424397 
-50.0 10.000000000000004 33.389080026389415 
-50.0 15.000000000000007 19.326062261473254 
-50.0 20.000000000000007 9.579632684352053 
-50.0 24.999999999999993 7.756334509671767 
-50.0 29.999999999999993 8.545226096909547 
-50.0 34.99999999999999 10.533497457263927 
-50.0 40.0 13.576922692970404 
-50.0 45.0 17.73904661489793 
-50.0 50.0 21.995838853340743 
-50.0 55.00000000000001 22.189493399162426 
-50.0 60.00000000000001 16.69036982958429 
-50.0 65.00000000000001 11.052918696733242 
-50.0 69.99999999999999 7.451624315098723 
-50.0 75.0 5.526361432837309 
-50.0 80.0 4.295171324580448 
-50.0 85.0 1.3983889785100314 
-45.0 -85.0 1.0261857796781388 
-45.0 -80.0 2.9904626091762654 
-45.0 -75.0 3.4945107696047693 
-45.0 -70.0 4.098176326310983 
-45.0 -65.0 5.265586127435668 
-45.0 -60.00000000000001 7.54353660279723 
-45.0 -55.00000000000001 10.943296058778579 
-45.0 -50.0 12.65905714639943 
-45.0 -45.0 11.786321212745872 
-45.0 -40.0 10.02325648413625 
-45.0 -34.99999999999999 8.260004313669105 
-45.0 -30.000000000000004 6.715757397156231 
-45.0 -25.0 5.585824000775224 
-45.0 -20.0 5.932572999184936 
-45.0 -14.999999999999996 12.79093814237969 
-45.0 -10.000000000000004 27.79382011761789 
-45.0 -5.000000000000002 28.122989664463336 
-45.0 0.0 27.441640866671484 
-45.0 5.000000000000002 30.496589798344175 
-45.0 10.000000000000004 35.33741116248442 
-45.0 15.000000000000007 20.59611604201553 
-45.0 20.000000000000007 10.301462118435104 
-45.0 24.999999999999993 8.36469373458564 
-45.0 29.999999999999993 9.200843078628735 
-45.0 34.99999999999999 11.315548518497659 
-45.0 40.0 14.5503851892794 
-45.0 45.0 18.953996136925113 
-45.0 50.0 23.394914353185612 
-45.0 55.00000000000001 23.435920834578543 
-45.0 60.00000000000001 17.46811446555877 
-45.0 65.00000000000001 11.466423589510619 
-45.0 69.99999999999999 7.685080436103477 
-45.0 75.0 5.685006934949292 
-45.0 80.0 4.41619295488944 
-45.0 85.0 1.4380585828917252 
-40.0 -85.0 0.9302575131699674 
-40.0 -80.0 2.7064133920831996 
-40.0 -75.0 3.1537767812810293 
-40.0 -70.0 3.6864630594673486 
-40.0 -65.0 4.731880500736975 
-40.0 -60.00000000000001 6.8168536184758874 
-40.0 -55.00000000000001 9.990219519927637 
-40.0 -50.0 11.654748013846532 
-40.0 -45.0 10.909958110433182 
-40.0 -40.0 9.312916463207184 
-40.0 -34.99999999999999 7.7013541458705825 
-40.0 -30.000000000000004 6.287617296298046 
-40.0 -25.0 5.255572240613006 
-40.0 -20.0 5.5830749848491905 
-40.0 -14.999999999999996 11.891108571714858 
-40.0 -10.000000000000004 25.649701676574047 
-40.0 -5.000000000000002 25.930503721449462 
-40.0 0.0 25.300364542006132 
-40.0 5.000000000000002 28.134342254418424 
-40.0 10.000000000000004 32.66648183303201 
-40.0 15.000000000000007 19.199102214454523 
-40.0 20.000000000000007 9.721356324628154 
-40.0 24.999999999999993 7.92383393987582 
-40.0 29.999999999999993 8.688033169991064 
-40.0 34.99999999999999 10.635083623485011 
-40.0 40.0 13.610294226885289 
-40.0 45.0 17.636496784510122 
-40.0 50.0 21.627498924735487 
-40.0 55.00000000000001 21.488489566927733 
-40.0 60.00000000000001 15.873819716173012 
-40.0 65.00000000000001 10.345989858946426 
-40.0 69.99999999999999 6.91119705339018 
-40.0 75.0 5.111899802753593 
-40.0 80.0 3.975850694937067 
-40.0 85.0 1.2961866987538624 
-34.99999999999999 -85.0 0.736231834528869 
-34.99999999999999 -80.0 2.1536527456296306 
-34.99999999999999 -75.0 2.534439037230385 
-34.99999999999999 -70.0 3.0039286265161236 
-34.99999999999999 -65.0 3.9036995046758483 
-34.99999999999999 -60.00000000000001 5.6126283107485255 
-34.99999999999999 -55.00000000000001 8.083319261889228 
-34.99999999999999 -50.0 9.267984312540843 
-34.99999999999999 -45.0 8.594183596786404 
-34.99999999999999 -40.0 7.32227168087082 
-34.99999999999999 -34.99999999999999 6.083592578394224 
-34.99999999999999 -30.000000000000004 5.025874305136548 
-34.99999999999999 -25.0 4.282730851204844 
-34.99999999999999 -20.0 4.588492645652239 
-34.99999999999999 -14.999999999999996 9.36471303096652 
-34.99999999999999 -10.000000000000004 19.489708125465434 
-34.99999999999999 -5.000000000000002 19.510091473522905 
-34.99999999999999 0.0 18.954633745704648 
-34.99999999999999 5.000000000000002 21.04354475007915 
-34.99999999999999 10.000000000000004 24.483308342233595 
-34.99999999999999 15.000000000000007 14.719898094265238 
-34.99999999999999 20.000000000000007 7.761669113390096 
-34.99999999999999 24.999999999999993 6.445925530556787 
-34.99999999999999 29.999999999999993 7.046362003805521 
-34.99999999999999 34.99999999999999 8.56169850995159 
-34.99999999999999 40.0 10.898823398024517 
-34.99999999999999 45.0 14.099154795322368 
-34.99999999999999 50.0 17.326503792736275 
-34.99999999999999 55.00000000000001 17.303491946794672 
-34.99999999999999 60.00000000000001 12.85285818424973 
-34.99999999999999 65.00000000000001 8.395401508852403 
-34.99999999999999 69.99999999999999 5.594139487001794 
-34.99999999999999 75.0 4.116644664945161 
-34.99999999999999 80.0 3.1858633668838965 
-34.99999999999999 85.0 1.0351818365419951 
-30.000000000000004 -85.0 0.5823363035840504 
-30.000000000000004 -80.0 1.7095642363556818 
-30.000000000000004 -75.0 2.0243222111387795 
-30.000000000000004 -70.0 2.419008796840622 
-30.000000000000004 -65.0 3.163555977346078 
-30.000000000000004 -60.00000000000001 4.536964800753237 
-30.000000000000004 -55.00000000000001 6.465196716648143 
-30.000000000000004 -50.0 7.346058886719449 
-30.000000000000004 -45.0 6.791823892152488 
-30.000000000000004 -40.0 5.803080378215688 
-30.000000000000004 -34.99999999999999 4.861059532150298 
-30.000000000000004 -30.000000000000004 4.072381372663104 
-30.000000000000004 -25.0 3.5341673935526194 
-30.000000000000004 -20.0 3.7925635286696493 
-30.000000000000004 -14.999999999999996 7.372777346583573 
-30.000000000000004 -10.000000000000004 14.81933648632673 
-30.000000000000004 -5.000000000000002 14.748546086517083 
-30.000000000000004 0.0 14.31091719421464 
-30.000000000000004 5.000000000000002 15.905088080958748 
-30.000000000000004 10.000000000000004 18.603369677863938 
-30.000000000000004 15.000000000000007 11.494128828646987 
-30.000000000000004 20.000000000000007 6.299540416644355 
-30.000000000000004 24.999999999999993 5.294569155172367 
-30.000000000000004 29.999999999999993 5.74368832718711 
-30.000000000000004 34.99999999999999 6.9055097885565 
-30.000000000000004 40.0 8.718724755642736 
-30.000000000000004 45.0 11.222743264958517 
-30.000000000000004 50.0 13.764605057631382 
-30.000000000000004 55.00000000000001 13.751485843265096 
-30.000000000000004 60.00000000000001 10.227040952474763 
-30.000000000000004 65.00000000000001 6.68120040239495 
-30.000000000000004 69.99999999999999 4.444086729211362 
-30.000000000000004 75.0 3.261184657656507 
-30.000000000000004 80.0 2.51721608706658 
-30.000000000000004 85.0 0.8165001422308301 
-25.0 -85.0 0.6859883251435746 
-25.0 -80.0 1.9313564452786824 
-25.0 -75.0 2.114923889136274 
-25.0 -70.0 2.2487265222020385 
-25.0 -65.0 2.645683166121305 
-25.0 -60.00000000000001 3.9558877493296194 
-25.0 -55.00000000000001 6.757287579627172 
-25.0 -50.0 8.997051426515691 
-25.0 -45.0 9.100532877472492 
-25.0 -40.0 8.09568164764617 
-25.0 -34.99999999999999 6.82971169966507 
-25.0 -30.000000000000004 5.594230529683389 
-25.0 -25.0 4.5849632556494955 
-25.0 -20.0 4.653659409134513 
-25.0 -14.999999999999996 10.008982822444617 
-25.0 -10.000000000000004 22.80378687869013 
-25.0 -5.000000000000002 23.847493786598072 
-25.0 0.0 23.75554236468375 
-25.0 5.000000000000002 26.781860675130545 
-25.0 10.000000000000004 31.465895253827828 
-25.0 15.000000000000007 18.45734492718775 
-25.0 20.000000000000007 8.987744044757608 
-25.0 24.999999999999993 6.986318522699369 
-25.0 29.999999999999993 7.445507003101491 
-25.0 34.99999999999999 8.930040958037816 
-25.0 40.0 11.149480364876883 
-25.0 45.0 13.914100749745934 
-25.0 50.0 16.10391262942335 
-25.0 55.00000000000001 14.769182050998765 
-25.0 60.00000000000001 10.00752353841749 
-25.0 65.00000000000001 6.1777893542766735 
-25.0 69.99999999999999 4.131951209451218 
-25.0 75.0 3.1699237377451577 
-25.0 80.0 2.5671115277800287 
-25.0 85.0 0.8603191086083755 
-20.0 -85.0 1.4100439362629942 
-20.0 -80.0 3.7352374995769493 
-20.0 -75.0 3.5818169719318744 
-20.0 -70.0 2.9232499571402406 
-20.0 -65.0 2.3978715589717257 
-20.0 -60.00000000000001 4.257371975784043 
-20.0 -55.00000000000001 11.533039914289485 
-20.0 -50.0 19.469006538464086 
-20.0 -45.0 21.701059787880876 
-20.0 -40.0 19.96965837956267 
-20.0 -34.99999999999999 16.818923188145764 
-20.0 -30.000000000000004 13.317278410574826 
-20.0 -25.0 10.11178929917221 
-20.0 -20.0 9.62710809646281 
-20.0 -14.999999999999996 24.36177792910352 
-20.0 -10.000000000000004 63.05635030484361 
-20.0 -5.000000000000002 68.30983604626643 
-20.0 0.0 69.15302099222386 
-20.0 5.000000000000002 78.48541677202545 
-20.0 10.000000000000004 92.0176231715859 
-20.0 15.000000000000007 51.224483987154 
-20.0 20.000000000000007 22.105980432495546 
-20.0 24.999999999999993 15.793354747778334 
-20.0 29.999999999999993 16.66947781335707 
-20.0 34.99999999999999 20.16834340560775 
-20.0 40.0 25.089819929077347 
-20.0 45.0 30.407054497778336 
-20.0 50.0 32.86321297896274 
-20.0 55.00000000000001 26.63693161430098 
-20.0 60.00000000000001 15.208772638675644 
-20.0 65.00000000000001 8.257623719422025 
-20.0 69.99999999999999 5.62970939343233 
-20.0 75.0 4.807657440273355 
-20.0 80.0 4.295826297867801 
-20.0 85.0 1.5273204437824783 
-14.999999999999996 -85.0 2.929167492539133 
-14.999999999999996 -80.0 7.5608193091955345 
-14.999999999999996 -75.0 6.7944130577360955 
-14.999999999999996 -70.0 4.6434297621956695 
-14.999999999999996 -65.0 2.43940849438942 
-14.999999999999996 -60.00000000000001 5.641879867251487 
-14.999999999999996 -55.00000000000001 22.07733387357978 
-14.999999999999996 -50.0 41.34886998532212 
-14.999999999999996 -45.0 47.61453899997639 
-14.999999999999996 -40.0 44.22389542459503 
-14.999999999999996 -34.99999999999999 37.152273780896785 
-14.999999999999996 -30.000000000000004 29.01659455305433 
-14.999999999999996 -25.0 21.378581526023805 
-14.999999999999996 -20.0 19.89876292870296 
-14.999999999999996 -14.999999999999996 53.99337227568121 
-14.999999999999996 -10.000000000000004 145.39024361407093 
-14.999999999999996 -5.000000000000002 158.79904334693578 
-14.999999999999996 0.0 161.29186588621914 
-14.999999999999996 5.000000000000002 183.16181159905264 
-14.999999999999996 10.000000000000004 214.27777644357963 
-14.999999999999996 15.000000000000007 117.22449188424254 
-14.999999999999996 20.000000000000007 48.59188917383475 
-14.999999999999996 24.999999999999993 33.72327179923777 
-14.999999999999996 29.999999999999993 35.56824631941423 
-14.999999999999996 34.99999999999999 43.279436020299535 
-14.999999999999996 40.0 53.867132449955555 
-14.999999999999996 45.0 64.67861663658186 
-14.999999999999996 50.0 68.16515707749218 
-14.999999999999996 55.00000000000001 52.41803194019023 
-14.999999999999996 60.00000000000001 27.342798245145794 
-14.999999999999996 65.00000000000001 13.651192517218346 
-14.999999999999996 69.99999999999999 9.471825652999156 
-14.999999999999996 75.0 8.69867770053936 
-14.999999999999996 80.0 8.216918793938419 
-14.999999999999996 85.0 3.008588336091745 
-10.000000000000004 -85.0 4.222903792682956 
-10.000000000000004 -80.0 10.825024340291417 
-10.000000000000004 -75.0 9.551927275383168 
-10.000000000000004 -70.0 6.160861459420228 
-10.000000000000004 -65.0 2.582229443925948 
-10.000000000000004 -60.00000000000001 6.9908199578441 
-10.000000000000004 -55.00000000000001 31.225752165391736 
-10.000000000000004 -50.0 60.046541310646 
-10.000000000000004 -45.0 69.63926579892544 
-10.000000000000004 -40.0 64.77469996464373 
-10.000000000000004 -34.99999999999999 54.33979145210509 
-10.000000000000004 -30.000000000000004 42.25912818765324 
-10.000000000000004 -25.0 30.875185745758788 
-10.000000000000004 -20.0 28.62425873287805 
-10.000000000000004 -14.999999999999996 79.34915436099986 
-10.000000000000004 -10.000000000000004 215.6022962957529 
-10.000000000000004 -5.000000000000002 235.72949241125485 
-10.000000000000004 0.0 239.49188468711637 
-10.000000000000004 5.000000000000002 271.80412530030384 
-10.000000000000004 10.000000000000004 317.51814946895007 
-10.000000000000004 15.000000000000007 172.73038714350417 
-10.000000000000004 20.000000000000007 70.80739493319953 
-10.000000000000004 24.999999999999993 48.8046595378084 
-10.000000000000004 29.999999999999993 51.53030417210816 
-10.000000000000004 34.99999999999999 62.847990953705164 
-10.000000000000004 40.0 78.272544692242 
-10.000000000000004 45.0 93.79759765705637 
-10.000000000000004 50.0 98.26866571729306 
-10.000000000000004 55.00000000000001 74.59600711589407 
-10.000000000000004 60.00000000000001 38.00667778887595 
-10.000000000000004 65.00000000000001 18.553766441755272 
-10.000000000000004 69.99999999999999 12.982874465025034 
-10.000000000000004 75.0 12.19208778602246 
-10.000000000000004 80.0 11.690723159277029 
-10.000000000000004 85.0 4.312112276177065 
-5.000000000000002 -85.0 4.4320970992841175 
-5.000000000000002 -80.0 11.351737552223609 
-5.000000000000002 -75.0 9.995568744330518 
-5.000000000000002 -70.0 6.405984340219356 
-5.000000000000002 -65.0 2.6187279477838876 
-5.000000000000002 -60.00000000000001 7.2595780520757005 
-5.000000000000002 -55.00000000000001 32.80247341988693 
-5.000000000000002 -50.0 63.16737083122253 
-5.000000000000002 -45.0 73.25440310107766 
-5.000000000000002 -40.0 68.1040989948483 
-5.000000000000002 -34.99999999999999 57.088878631203514 
-5.000000000000002 -30.000000000000004 44.34853789613616 
-5.000000000000002 -25.0 32.36159393253008 
-5.000000000000002 -20.0 30.05337763683418 
-5.000000000000002 -14.999999999999996 83.72425644891867 
-5.000000000000002 -10.000000000000004 227.53935455044729 
-5.000000000000002 -5.000000000000002 248.5955317110899 
-5.000000000000002 0.0 252.44930252620176 
-5.000000000000002 5.000000000000002 286.2810882866252 
-5.000000000000002 10.000000000000004 334.06252534202946 
-5.000000000000002 15.000000000000007 181.36719601077323 
-5.000000000000002 20.000000000000007 74.17689942619852 
-5.000000000000002 24.999999999999993 51.11600204173806 
-5.000000000000002 29.999999999999993 54.03447936560326 
-5.000000000000002 34.99999999999999 65.96004425833213 
-5.000000000000002 40.0 82.17770762891924 
-5.000000000000002 45.0 98.47443944018453 
-5.000000000000002 50.0 103.13706912101598 
-5.000000000000002 55.00000000000001 78.26092750222195 
-5.000000000000002 60.00000000000001 39.88473474976065 
-5.000000000000002 65.00000000000001 19.52143182379363 
-5.000000000000002 69.99999999999999 13.70923780346751 
-5.000000000000002 75.0 12.892921872437437 
-5.000000000000002 80.0 12.364849630983462 
-5.000000000000002 85.0 4.560327740875258 
0.0 -85.0 4.341408765456676 
0.0 -80.0 11.132034625578287 
0.0 -75.0 9.83339444543705 
0.0 -70.0 6.373507595204953 
0.0 -65.0 2.754510492166031 
0.0 -60.00000000000001 7.381903707364925 
0.0 -55.00000000000001 32.35033033291536 
0.0 -50.0 61.889397309155946 
0.0 -45.0 71.60519858744014 
0.0 -40.0 66.49513458011556 
0.0 -34.99999999999999 55.7054501670415 
0.0 -30.000000000000004 43.26724325699909 
0.0 -25.0 31.60498939895239 
0.0 -20.0 29.46505071523612 
0.0 -14.999999999999996 82.09740373405944 
0.0 -10.000000000000004 222.53046949389693 
0.0 -5.000000000000002 242.77346459542926 
0.0 0.0 246.33917029993228 
0.0 5.000000000000002 279.06116950995295 
0.0 10.000000000000004 325.2632957983547 
0.0 15.000000000000007 176.399316409216 
0.0 20.000000000000007 72.16870335520917 
0.0 24.999999999999993 49.831226628808054 
0.0 29.999999999999993 52.74969407877097 
0.0 34.99999999999999 64.42732863285636 
0.0 40.0 80.29803798485085 
0.0 45.0 96.2885465596479 
0.0 50.0 101.01325992042274 
0.0 55.00000000000001 76.94988054967398 
0.0 60.00000000000001 39.55299268843965 
0.0 65.00000000000001 19.581745156771095 
0.0 69.99999999999999 13.77810203618332 
0.0 75.0 12.884485391100032 
0.0 80.0 12.297370764245223 
0.0 85.0 4.523707599670086 
5.000000000000002 -85.0 3.821728701930897 
5.000000000000002 -80.0 9.82073265691232 
5.000000000000002 -75.0 8.727194783993278 
5.000000000000002 -70.0 5.7740676671839655 
5.000000000000002 -65.0 2.737048690721857 
5.000000000000002 -60.00000000000001 6.950081587883506 
5.000000000000002 -55.00000000000001 28.875753141510202 
5.000000000000002 -50.0 54.59750965273787 
5.000000000000002 -45.0 62.92311838124858 
5.000000000000002 -40.0 58.341671099334924 
5.000000000000002 -34.99999999999999 48.85368278808365 
5.000000000000002 -30.000000000000004 37.969921870088484 
5.000000000000002 -25.0 27.81061987831008 
5.000000000000002 -20.0 26.045827670563416 
5.000000000000002 -14.999999999999996 72.24432012768791 
5.000000000000002 -10.000000000000004 194.92144365202438 
5.000000000000002 -5.000000000000002 212.27683064695606 
5.000000000000002 0.0 215.20094270611614 
5.000000000000002 5.000000000000002 243.61510250109566 
5.000000000000002 10.000000000000004 283.79232287242735 
5.000000000000002 15.000000000000007 153.9637131457189 
5.000000000000002 20.000000000000007 63.16313378419972 
5.000000000000002 24.999999999999993 43.75865975091329 
5.000000000000002 29.999999999999993 46.374511201842274 
5.000000000000002 34.99999999999999 56.64958021202955 
5.000000000000002 40.0 70.6296155760128 
5.000000000000002 45.0 84.79591306634187 
5.000000000000002 50.0 89.21048142521329 
5.000000000000002 55.00000000000001 68.37806702613226 
5.000000000000002 60.00000000000001 35.55908546217265 
5.000000000000002 65.00000000000001 17.822379192736953 
5.000000000000002 69.99999999999999 12.513896436617983 
5.000000000000002 75.0 11.588525090767899 
5.000000000000002 80.0 10.983251496254427 
5.000000000000002 85.0 4.02597431919452 
10.000000000000004 -85.0 3.194039524206455 
10.000000000000004 -80.0 8.235190188789023 
10.000000000000004 -75.0 7.384682967341217 
10.000000000000004 -70.0 5.032613942545253 
10.000000000000004 -65.0 2.6746904481084153 
10.000000000000004 -60.00000000000001 6.349684684859866 
10.000000000000004 -55.00000000000001 24.575247663714656 
10.000000000000004 -50.0 45.71272827485598 
10.000000000000004 -45.0 52.409137293345744 
10.000000000000004 -40.0 48.506622533429365 
10.000000000000004 -34.99999999999999 40.61776959750068 
10.000000000000004 -30.000000000000004 31.626616854269198 
10.000000000000004 -25.0 23.28246674434444 
10.000000000000004 -20.0 21.93595388183539 
10.000000000000004 -14.999999999999996 60.23886956614677 
10.000000000000004 -10.000000000000004 161.3503084997322 
10.000000000000004 -5.000000000000002 175.32947189285784 
10.000000000000004 0.0 177.57628653944616 
10.000000000000004 5.000000000000002 200.88080704554824 
10.000000000000004 10.000000000000004 233.89655233329972 
10.000000000000004 15.000000000000007 127.0614505817591 
10.000000000000004 20.000000000000007 52.392027911113615 
10.000000000000004 24.999999999999993 36.473812605519036 
10.000000000000004 29.999999999999993 38.68687848169004 
10.000000000000004 34.99999999999999 47.233484381194316 
10.000000000000004 40.0 58.88704275010711 
10.000000000000004 45.0 70.78704773421944 
10.000000000000004 50.0 74.7421868803594 
10.000000000000004 55.00000000000001 57.757800183296496 
10.000000000000004 60.00000000000001 30.507311831038926 
10.000000000000004 65.00000000000001 15.544936727685467 
10.000000000000004 69.99999999999999 10.89334343781406 
10.000000000000004 75.0 9.963437722648203 
10.000000000000004 80.0 9.356063074327093 
10.000000000000004 85.0 3.4131344123273517 
15.000000000000007 -85.0 1.9074085788834634 
15.000000000000007 -80.0 4.967373549184801 
15.000000000000007 -75.0 4.571315011403555 
15.000000000000007 -70.0 3.3631365919811875 
15.000000000000007 -65.0 2.2371659878562715 
15.000000000000007 -60.00000000000001 4.610383956827553 
15.000000000000007 -55.00000000000001 15.191965336812228 
15.000000000000007 -50.0 27.14606318796941 
15.000000000000007 -45.0 30.752762129590455 
15.000000000000007 -40.0 28.380825371273502 
15.000000000000007 -34.99999999999999 23.813709699367138 
15.000000000000007 -30.000000000000004 18.677455674174094 
15.000000000000007 -25.0 13.9633542740426 
15.000000000000007 -20.0 13.301813865354388 
15.000000000000007 -14.999999999999996 35.270059890678546 
15.000000000000007 -10.000000000000004 92.69557689419727 
15.000000000000007 -5.000000000000002 100.33871645089216 
15.000000000000007 0.0 101.49310641113524 
15.000000000000007 5.000000000000002 114.74615783624107 
15.000000000000007 10.000000000000004 133.63997450259689 
15.000000000000007 15.000000000000007 73.06540091093498 
15.000000000000007 20.000000000000007 30.62161214286766 
15.000000000000007 24.999999999999993 21.572888197132265 
15.000000000000007 29.999999999999993 22.873592600900526 
15.000000000000007 34.99999999999999 27.836476396067937 
15.000000000000007 40.0 34.66138706897459 
15.000000000000007 45.0 41.77074844837097 
15.000000000000007 50.0 44.48557484230795 
15.000000000000007 55.00000000000001 35.05435169524965 
15.000000000000007 60.00000000000001 19.19119659082009 
15.000000000000007 65.00000000000001 10.134861429977978 
15.000000000000007 69.99999999999999 7.067807915643944 
15.000000000000007 75.0 6.288815360931368 
15.000000000000007 80.0 5.782023136157071 
15.000000000000007 85.0 2.0859165358543055 
20.000000000000007 -85.0 0.8750885965137556 
20.000000000000007 -80.0 2.339838380579756 
20.000000000000007 -75.0 2.2939791982146622 
20.000000000000007 -70.0 1.9727379349476815 
20.000000000000007 -65.0 1.7746461291823115 
20.000000000000007 -60.00000000000001 3.017344940804812 
20.000000000000007 -55.00000000000001 7.416818931104298 
20.000000000000007 -50.0 12.061725506253119 
20.000000000000007 -45.0 13.281572371452745 
20.000000000000007 -40.0 12.19632209235421 
20.000000000000007 -34.99999999999999 10.31674645439228 
20.000000000000007 -30.000000000000004 8.266132345754114 
20.000000000000007 -25.0 6.425184454177149 
20.000000000000007 -20.0 6.226450614479599 
20.000000000000007 -14.999999999999996 14.969728811527848 
20.000000000000007 -10.000000000000004 37.48595192180994 
20.000000000000007 -5.000000000000002 40.311626541784435 
20.000000000000007 0.0 40.72229992073819 
20.000000000000007 5.000000000000002 46.08519402427589 
20.000000000000007 10.000000000000004 53.87643676225639 
20.000000000000007 15.000000000000007 30.11979048770454 
20.000000000000007 20.000000000000007 13.217392129805747 
20.000000000000007 24.999999999999993 9.569742113158284 
20.000000000000007 29.999999999999993 10.098667917026637 
20.000000000000007 34.99999999999999 12.16314574633095 
20.000000000000007 40.0 15.08283595188791 
20.000000000000007 45.0 18.286484501106813 
20.000000000000007 50.0 19.894956136332944 
20.000000000000007 55.00000000000001 16.418003153454716 
20.000000000000007 60.00000000000001 9.707566154366528 
20.000000000000007 65.00000000000001 5.485966436406341 
20.000000000000007 69.99999999999999 3.7848843712217475 
20.000000000000007 75.0 3.189363894933643 
20.000000000000007 80.0 2.8049927074206034 
20.000000000000007 85.0 0.987390404762792 
24.999999999999993 -85.0 0.5935539052622076 
24.999999999999993 -80.0 1.6248153703645731 
24.999999999999993 -75.0 1.676995018611116 
24.999999999999993 -70.0 1.5989118658771466 
24.999999999999993 -65.0 1.646245024123234 
24.999999999999993 -60.00000000000001 2.5475027997088433 
24.999999999999993 -55.00000000000001 5.199915513391325 
24.999999999999993 -50.0 7.813990475830029 
24.999999999999993 -45.0 8.39043886259487 
24.999999999999993 -40.0 7.677888835177749 
24.999999999999993 -34.99999999999999 6.5488676956192675 
24.999999999999993 -30.000000000000004 5.346786678579282 
24.999999999999993 -25.0 4.278505919488809 
24.999999999999993 -20.0 4.153750660862008 
24.999999999999993 -14.999999999999996 9.136138911645292 
24.999999999999993 -10.000000000000004 21.99884720360914 
24.999999999999993 -5.000000000000002 23.63389606574026 
24.999999999999993 0.0 23.91025569140123 
24.999999999999993 5.000000000000002 27.179056500471987 
24.999999999999993 10.000000000000004 32.01055887139083 
24.999999999999993 15.000000000000007 18.348420597339636 
24.999999999999993 20.000000000000007 8.387327226405532 
24.999999999999993 24.999999999999993 6.184310455338533 
24.999999999999993 29.999999999999993 6.4792403539832915 
24.999999999999993 34.99999999999999 7.729573553342557 
24.999999999999993 40.0 9.556647285918718 
24.999999999999993 45.0 11.6639273662501 
24.999999999999993 50.0 12.949591113454739 
24.999999999999993 55.00000000000001 11.120634508180386 
24.999999999999993 60.00000000000001 6.969914656562187 
24.999999999999993 65.00000000000001 4.1159543739335795 
24.999999999999993 69.99999999999999 2.814920233020592 
24.999999999999993 75.0 2.2837317358227773 
24.999999999999993 80.0 1.9431062888269635 
24.999999999999993 85.0 0.6709169332179642 
29.999999999999993 -85.0 0.6841717534751459 
29.999999999999993 -80.0 1.8657163373474848 
29.999999999999993 -75.0 1.9096480839264407 
29.999999999999993 -70.0 1.7910219626453063 
29.999999999999993 -65.0 1.8036366232100318 
29.999999999999993 -60.00000000000001 2.811812375610839 
29.999999999999993 -55.00000000000001 5.8995991115413835 
29.999999999999993 -50.0 8.990626404723898 
29.999999999999993 -45.0 9.694920323863542 
29.999999999999993 -40.0 8.863747803783077 
29.999999999999993 -34.99999999999999 7.523626078195481 
29.999999999999993 -30.000000000000004 6.082084488707476 
29.999999999999993 -25.0 4.783775315171416 
29.999999999999993 -20.0 4.588542971143743 
29.999999999999993 -14.999999999999996 10.47338514187986 
29.999999999999993 -10.000000000000004 25.88635724495326 
29.999999999999993 -5.000000000000002 27.953098471127973 
29.999999999999993 0.0 28.31970459153526 
29.999999999999993 5.000000000000002 32.22594828459366 
29.999999999999993 10.000000000000004 37.94296826542567 
29.999999999999993 15.000000000000007 21.54077898758134 
29.999999999999993 20.000000000000007 9.641804576515511 
29.999999999999993 24.999999999999993 7.018930086787805 
29.999999999999993 29.999999999999993 7.365702543471214 
29.999999999999993 34.99999999999999 8.834589494624597 
29.999999999999993 40.0 10.967224893242792 
29.999999999999993 45.0 13.404927108648405 
29.999999999999993 50.0 14.854958359634036 
29.999999999999993 55.00000000000001 12.679769270979753 
29.999999999999993 60.00000000000001 7.868785581249363 
29.999999999999993 65.00000000000001 4.609580853483021 
29.999999999999993 69.99999999999999 3.154293249070497 
29.999999999999993 75.0 2.5743422625843277 
29.999999999999993 80.0 2.2027914088882685 
29.999999999999993 85.0 0.7632035350391521 
34.99999999999999 -85.0 0.814573327825959 
34.99999999999999 -80.0 2.2189069455493335 
34.99999999999999 -75.0 2.266561835380201 
34.99999999999999 -70.0 2.1196185556891662 
34.99999999999999 -65.0 2.1328598493929136 
34.99999999999999 -60.00000000000001 3.347787816916311 
34.99999999999999 -55.00000000000001 7.055355585260115 
34.99999999999999 -50.0 10.743495079007484 
34.99999999999999 -45.0 11.551104019922839 
34.99999999999999 -40.0 10.514695171799842 
34.99999999999999 -34.99999999999999 8.869318979065703 
34.99999999999999 -30.000000000000004 7.103566570070379 
34.99999999999999 -25.0 5.514203639156504 
34.99999999999999 -20.0 5.276176938579835 
34.99999999999999 -14.999999999999996 12.475306689408587 
34.99999999999999 -10.000000000000004 31.310821544332 
34.99999999999999 -5.000000000000002 33.81206506406888 
34.99999999999999 0.0 34.222494406100985 
34.99999999999999 5.000000000000002 38.90085286932874 
34.99999999999999 10.000000000000004 45.69891448627203 
34.99999999999999 15.000000000000007 25.70966342000323 
34.99999999999999 20.000000000000007 11.335981682725336 
34.99999999999999 24.999999999999993 8.20349874398067 
34.99999999999999 29.999999999999993 8.647907657732372 
34.99999999999999 34.99999999999999 10.436119503297325 
34.99999999999999 40.0 13.017504346353403 
34.99999999999999 45.0 15.966372449367796 
34.99999999999999 50.0 17.742064773854214 
34.99999999999999 55.00000000000001 15.184302852959888 
34.99999999999999 60.00000000000001 9.451486609689617 
34.99999999999999 65.00000000000001 5.552252968590565 
34.99999999999999 69.99999999999999 3.8039374171042626 
34.99999999999999 75.0 3.1038662143943045 
34.99999999999999 80.0 2.6543200451858184 
34.99999999999999 85.0 0.9192406004589251 
40.0 -85.0 0.8199851479042782 
40.0 -80.0 2.2633799279813176 
40.0 -75.0 2.37878049803407 
40.0 -70.0 2.3498724943686637 
40.0 -65.0 2.534337620856836 
40.0 -60.00000000000001 3.860539729860461 
40.0 -55.00000000000001 7.382540818455179 
40.0 -50.0 10.638314107059328 
40.0 -45.0 11.161774446100946 
40.0 -40.0 10.04809044380451 
40.0 -34.99999999999999 8.43484812317416 
40.0 -30.000000000000004 6.751392621324494 
40.0 -25.0 5.265428134241404 
40.0 -20.0 5.086013363946452 
40.0 -14.999999999999996 11.927945695534099 
40.0 -10.000000000000004 29.565465119444585 
40.0 -5.000000000000002 31.752414532096484 
40.0 0.0 32.04510082807626 
40.0 5.000000000000002 36.379236030969906 
40.0 10.000000000000004 42.69198092849884 
40.0 15.000000000000007 24.063977324978516 
40.0 20.000000000000007 10.707372586806688 
40.0 24.999999999999993 7.828661971518952 
40.0 29.999999999999993 8.29438670149226 
40.0 34.99999999999999 10.042973684584732 
40.0 40.0 12.59433979661804 
40.0 45.0 15.60727478888358 
40.0 50.0 17.676880347791617 
40.0 55.00000000000001 15.625895661640305 
40.0 60.00000000000001 10.161793809437654 
40.0 65.00000000000001 6.168880710438971 
40.0 69.99999999999999 4.219648535855348 
40.0 75.0 3.3663162591851856 
40.0 80.0 2.8166374488105532 
40.0 85.0 0.9624079664426594 
45.0 -85.0 0.6555048065697591 
45.0 -80.0 1.8732956420817313 
45.0 -75.0 2.1091967003110432 
45.0 -70.0 2.3354271059473377 
45.0 -65.0 2.8298433629556508 
45.0 -60.00000000000001 4.067648721160821 
45.0 -55.00000000000001 6.38801877597746 
45.0 -50.0 8.027836848423242 
45.0 -45.0 7.890008454494295 
45.0 -40.0 6.916204379352782 
45.0 -34.99999999999999 5.777071210200003 
45.0 -30.000000000000004 4.681869905826557 
45.0 -25.0 3.773399601926403 
45.0 -20.0 3.746869483559107 
45.0 -14.999999999999996 8.139876395485334 
45.0 -10.000000000000004 18.972932944420535 
45.0 -5.000000000000002 20.031504395913686 
45.0 0.0 20.061405355064817 
45.0 5.000000000000002 22.729496417093014 
45.0 10.000000000000004 26.695097229813413 
45.0 15.000000000000007 15.379971826835622 
45.0 20.000000000000007 7.215136413398272 
45.0 24.999999999999993 5.486677597371687 
45.0 29.999999999999993 5.85851611229137 
45.0 34.99999999999999 7.101570160867952 
45.0 40.0 8.989137365775552 
45.0 45.0 11.426647112269825 
45.0 50.0 13.598438259286914 
45.0 55.00000000000001 13.01036998573014 
45.0 60.00000000000001 9.306096705511331 
45.0 65.00000000000001 6.017728007803493 
45.0 69.99999999999999 4.099775573511779 
45.0 75.0 3.128581612814029 
45.0 80.0 2.5009775837472747 
45.0 85.0 0.8295585308541945 
50.0 -85.0 0.4405820950886636 
50.0 -80.0 1.3345682636415914 
50.0 -75.0 1.6619185549719409 
50.0 -70.0 2.104260831509606 
50.0 -65.0 2.8323037775301394 
50.0 -60.00000000000001 3.841481442060259 
50.0 -55.00000000000001 4.774762512412776 
50.0 -50.0 4.731946560819552 
50.0 -45.0 4.008681116622687 
50.0 -40.0 3.287510345105557 
50.0 -34.99999999999999 2.7269013643210998 
50.0 -30.000000000000004 2.308270811253422 
50.0 -25.0 2.0417848199695428 
50.0 -20.0 2.155965538442222 
50.0 -14.999999999999996 3.7554263873078195 
50.0 -10.000000000000004 7.020519624719293 
50.0 -5.000000000000002 6.932496427581971 
50.0 0.0 6.730568933666618 
50.0 5.000000000000002 7.569734178845796 
50.0 10.000000000000004 8.950184957525014 
50.0 15.000000000000007 5.710185900455616 
50.0 20.000000000000007 3.2581757386466874 
50.0 24.999999999999993 2.7761559922812653 
50.0 29.999999999999993 3.01251672044505 
50.0 34.99999999999999 3.6460621094730663 
50.0 40.0 4.709836226742158 
50.0 45.0 6.348287807155127 
50.0 50.0 8.380118503158176 
50.0 55.00000000000001 9.21173937866847 
50.0 60.00000000000001 7.535752334787835 
50.0 65.00000000000001 5.250687140897602 
50.0 69.99999999999999 3.5639721981977748 
50.0 75.0 2.584887674487498 
50.0 80.0 1.9499970106662992 
50.0 85.0 0.6206881876456412 
55.00000000000001 -85.0 0.33675908659655973 
55.00000000000001 -80.0 1.0551857099199944 
55.00000000000001 -75.0 1.3830760426802222 
55.00000000000001 -70.0 1.8518629133653783 
55.00000000000001 -65.0 2.5771258385612805 
55.00000000000001 -60.00000000000001 3.3929400428772407 
55.00000000000001 -55.00000000000001 3.760111120725665 
55.00000000000001 -50.0 3.171822917554195 
55.00000000000001 -45.0 2.3434074092443957 
55.00000000000001 -40.0 1.7891831403936875 
55.00000000000001 -34.99999999999999 1.4809866983314763 
55.00000000000001 -30.000000000000004 1.3285614062532305 
55.00000000000001 -25.0 1.2987645862944113 
55.00000000000001 -20.0 1.4464696116123021 
55.00000000000001 -14.999999999999996 1.9818437657294399 
55.00000000000001 -10.000000000000004 2.487557148414844 
55.00000000000001 -5.000000000000002 2.0531902777329663 
55.00000000000001 0.0 1.8011363745741196 
55.00000000000001 5.000000000000002 1.9610915369021538 
55.00000000000001 10.000000000000004 2.3661964753379148 
55.00000000000001 15.000000000000007 2.042806907936514 
55.00000000000001 20.000000000000007 1.671443544013386 
55.00000000000001 24.999999999999993 1.637471161830895 
55.00000000000001 29.999999999999993 1.8059174847896524 
55.00000000000001 34.99999999999999 2.1796298037125927 
55.00000000000001 40.0 2.8719006009055534 
55.00000000000001 45.0 4.090021849231412 
55.00000000000001 50.0 5.876589542321283 
55.00000000000001 55.00000000000001 7.089051890359112 
55.00000000000001 60.00000000000001 6.240615522650361 
55.00000000000001 65.00000000000001 4.5093017384934875 
55.00000000000001 69.99999999999999 3.063693067427432 
55.00000000000001 75.0 2.1770194430287666 
55.00000000000001 80.0 1.5996785265186453 
55.00000000000001 85.0 0.4989134977074316 
60.00000000000001 -85.0 0.35649016331574823 
60.00000000000001 -80.0 1.078554567608813 
60.00000000000001 -75.0 1.3387067451457195 
60.00000000000001 -70.0 1.6820510523428014 
60.00000000000001 -65.0 2.2302120174376214 
60.00000000000001 -60.00000000000001 2.9576541599949024 
60.00000000000001 -55.00000000000001 3.5960689563220796 
60.00000000000001 -50.0 3.522317850526232 
60.00000000000001 -45.0 2.9821746943651504 
60.00000000000001 -40.0 2.4594324302514003 
60.00000000000001 -34.99999999999999 2.056485333198768 
60.00000000000001 -30.000000000000004 1.756147201280743 
60.00000000000001 -25.0 1.5663028079520551 
60.00000000000001 -20.0 1.658530738668777 
60.00000000000001 -14.999999999999996 2.8604429592586675 
60.00000000000001 -10.000000000000004 5.312256899105143 
60.00000000000001 -5.000000000000002 5.255450326970187 
60.00000000000001 0.0 5.099678316621343 
60.00000000000001 5.000000000000002 5.695749010877041 
60.00000000000001 10.000000000000004 6.69185973282653 
60.00000000000001 15.000000000000007 4.266892104715086 
60.00000000000001 20.000000000000007 2.4506300486311363 
60.00000000000001 24.999999999999993 2.098874464572425 
60.00000000000001 29.999999999999993 2.280786501500703 
60.00000000000001 34.99999999999999 2.7606771226965194 
60.00000000000001 40.0 3.5673620500334176 
60.00000000000001 45.0 4.815900348352063 
60.00000000000001 50.0 6.38037931343061 
60.00000000000001 55.00000000000001 7.0571212335933575 
60.00000000000001 60.00000000000001 5.820903927286224 
60.00000000000001 65.00000000000001 4.0910734498485475 
60.00000000000001 69.99999999999999 2.7974691925888995 
60.00000000000001 75.0 2.039902143410978 
60.00000000000001 80.0 1.544177379758284 
60.00000000000001 85.0 0.49243426183876066 
65.00000000000001 -85.0 0.4203198694326239 
65.00000000000001 -80.0 1.2116356880539665 
65.00000000000001 -75.0 1.3837540203049086 
65.00000000000001 -70.0 1.555728425542257 
65.00000000000001 -65.0 1.8799085886142008 
65.00000000000001 -60.00000000000001 2.5765764065956662 
65.00000000000001 -55.00000000000001 3.794094165784199 
65.00000000000001 -50.0 4.596472126122803 
65.00000000000001 -45.0 4.462461911484036 
65.00000000000001 -40.0 3.90890824721964 
65.00000000000001 -34.99999999999999 3.2810980555389055 
65.00000000000001 -30.000000000000004 2.6838343290022237 
65.00000000000001 -25.0 2.1947261307740455 
65.00000000000001 -20.0 2.2043974590618833 
65.00000000000001 -14.999999999999996 4.687181009136089 
65.00000000000001 -10.000000000000004 10.726326402755488 
65.00000000000001 -5.000000000000002 11.282321851911414 
65.00000000000001 0.0 11.265894116298954 
65.00000000000001 5.000000000000002 12.68714787240761 
65.00000000000001 10.000000000000004 14.820933690909404 
65.00000000000001 15.000000000000007 8.551331598174622 
65.00000000000001 20.000000000000007 4.066346599481521 
65.00000000000001 24.999999999999993 3.13286922343179 
65.00000000000001 29.999999999999993 3.35993208196354 
65.00000000000001 34.99999999999999 4.078902218424524 
65.00000000000001 40.0 5.178991199368682 
65.00000000000001 45.0 6.6325054456590085 
65.00000000000001 50.0 8.009465749708658 
65.00000000000001 55.00000000000001 7.849880226087038 
65.00000000000001 60.00000000000001 5.79039596308091 
65.00000000000001 65.00000000000001 3.843940840101531 
65.00000000000001 69.99999999999999 2.6501396383162565 
65.00000000000001 75.0 2.0217989736587665 
65.00000000000001 80.0 1.6083349195589032 
65.00000000000001 85.0 0.5311560375485278 
69.99999999999999 -85.0 0.457732791896393 
69.99999999999999 -80.0 1.2774281857921772 
69.99999999999999 -75.0 1.3708244684004358 
69.99999999999999 -70.0 1.3963226155920263 
69.99999999999999 -65.0 1.528324425660733 
69.99999999999999 -60.00000000000001 2.185503063390093 
69.99999999999999 -55.00000000000001 3.8528888316072045 
69.99999999999999 -50.0 5.35570586368845 
69.99999999999999 -45.0 5.556176934418671 
69.99999999999999 -40.0 4.988865628894269 
69.99999999999999 -34.99999999999999 4.190962280748599 
69.99999999999999 -30.000000000000004 3.3647349384400007 
69.99999999999999 -25.0 2.6428533378440315 
69.99999999999999 -20.0 2.5851927361177296 
69.99999999999999 -14.999999999999996 6.052707936337489 
69.99999999999999 -10.000000000000004 14.867111008031749 
69.99999999999999 -5.000000000000002 15.90511280994178 
69.99999999999999 0.0 16.001717660242115 
69.99999999999999 5.000000000000002 18.061167712173603 
69.99999999999999 10.000000000000004 21.068183151320856 
69.99999999999999 15.000000000000007 11.82025941918126 
69.99999999999999 20.000000000000007 5.272742185619903 
69.99999999999999 24.999999999999993 3.8888235356444527 
69.99999999999999 29.999999999999993 4.146663916214244 
69.99999999999999 34.99999999999999 5.041236593834631 
69.99999999999999 40.0 6.350187373897024 
69.99999999999999 45.0 7.929061338001625 
69.99999999999999 50.0 9.109942656238907 
69.99999999999999 55.00000000000001 8.264785403566766 
69.99999999999999 60.00000000000001 5.58698287512544 
69.99999999999999 65.00000000000001 3.519492107107082 
69.99999999999999 69.99999999999999 2.4438054801845657 
69.99999999999999 75.0 1.9412093319289503 
69.99999999999999 80.0 1.6085627872266381 
69.99999999999999 85.0 0.5456163805166744 
75.0 -85.0 0.46397864248715887 
75.0 -80.0 1.270303285253032 
75.0 -75.0 1.3101566624132426 
75.0 -70.0 1.2420082209322676 
75.0 -65.0 1.248354099618471 
75.0 -60.00000000000001 1.8590630918721642 
75.0 -55.00000000000001 3.7537926459630246 
75.0 -50.0 5.646076343117023 
75.0 -45.0 6.049328607488212 
75.0 -40.0 5.492097723957295 
75.0 -34.99999999999999 4.614269039162126 
75.0 -30.000000000000004 3.6724793747489164 
75.0 -25.0 2.8294192682619426 
75.0 -20.0 2.7319414615119584 
75.0 -14.999999999999996 6.698371946790912 
75.0 -10.000000000000004 16.948435719216608 
75.0 -5.000000000000002 18.250786530293365 
75.0 0.0 18.414308578685908 
75.0 5.000000000000002 20.802239466195367 
75.0 10.000000000000004 24.251109100565163 
75.0 15.000000000000007 13.455819040654122 
75.0 20.000000000000007 5.842934318908713 
75.0 24.999999999999993 4.224947907062648 
75.0 29.999999999999993 4.493010448175712 
75.0 34.99999999999999 5.466040791388712 
75.0 40.0 6.8592619437019025 
75.0 45.0 8.45962406404255 
75.0 50.0 9.473035554523149 
75.0 55.00000000000001 8.224654215686765 
75.0 60.00000000000001 5.253317361127033 
75.0 65.00000000000001 3.184843954952649 
75.0 69.99999999999999 2.223328204570346 
75.0 75.0 1.8187693911468332 
75.0 80.0 1.5495088031758428 
75.0 85.0 0.5346892927458172 
80.0 -85.0 0.44175998264362637 
80.0 -80.0 1.1961789131746194 
80.0 -75.0 1.2044807385644214 
80.0 -70.0 1.0888715729025515 
80.0 -65.0 1.0264503674891816 
80.0 -60.00000000000001 1.579155908466376 
80.0 -55.00000000000001 3.4955506918005894 
80.0 -50.0 5.4974045375350435 
80.0 -45.0 5.9888645199209325 
80.0 -40.0 5.467036140495166 
80.0 -34.99999999999999 4.593185403110106 
80.0 -30.000000000000004 3.6396351132377833 
80.0 -25.0 2.7765769571758594 
80.0 -20.0 2.6630359729730966 
80.0 -14.999999999999996 6.685500435570899 
80.0 -10.000000000000004 17.15819984632508 
80.0 -5.000000000000002 18.532428713581282 
80.0 0.0 18.723173221883975 
80.0 5.000000000000002 21.159401029237664 
80.0 10.000000000000004 24.659914374877534 
80.0 15.000000000000007 13.61113403572925 
80.0 20.000000000000007 5.834082585559761 
80.0 24.999999999999993 4.177108115004814 
80.0 29.999999999999993 4.436033313794328 
80.0 34.99999999999999 5.398420030382165 
80.0 40.0 6.761006547189122 
80.0 45.0 8.284924832971104 
80.0 50.0 9.15075160875542 
80.0 55.00000000000001 7.750332995356023 
80.0 60.00000000000001 4.781999604269908 
80.0 65.00000000000001 2.826969403042677 
80.0 69.99999999999999 1.9808962513331292 
80.0 75.0 1.6522384412876183 
80.0 80.0 1.432427687731389 
80.0 85.0 0.49946232662796763 
85.0 -85.0 0.13533424269452746 
85.0 -80.0 0.3643231327035449 
85.0 -75.0 0.36212123095096016 
85.0 -70.0 0.31859318292429656 
85.0 -65.0 0.2885494008161021 
85.0 -60.00000000000001 0.4533683978604801 
85.0 -55.00000000000001 1.058592854787175 
85.0 -50.0 1.7039580776501309 
85.0 -45.0 1.87167387631879 
85.0 -40.0 1.7131380036726345 
85.0 -34.99999999999999 1.4392946984372277 
85.0 -30.000000000000004 1.138053525215862 
85.0 -25.0 0.8640019874290996 
85.0 -20.0 0.8259479762898763 
85.0 -14.999999999999996 2.097688100574836 
85.0 -10.000000000000004 5.420163215494233 
85.0 -5.000000000000002 5.862509374110925 
85.0 0.0 5.926523122464724 
85.0 5.000000000000002 6.698859843289959 
85.0 10.000000000000004 7.805859151046955 
85.0 15.000000000000007 4.29779439931934 
85.0 20.000000000000007 1.8307404892195787 
85.0 24.999999999999993 1.3044997570243364 
85.0 29.999999999999993 1.3843992708793644 
85.0 34.99999999999999 1.6849486344599913 
85.0 40.0 2.1081030686228663 
85.0 45.0 2.5749183047929645 
85.0 50.0 2.8242391235584243 
85.0 55.00000000000001 2.3613132003139907 
85.0 60.00000000000001 1.4297597253774657 
85.0 65.00000000000001 0.8332257890409439 
85.0 69.99999999999999 0.5851781482119562 
85.0 75.0 0.49355108216195703 
85.0 80.0 0.4320570262034625 
85.0 85.0 0.15150430148067448 
