100 49.0 9.927608745166124 
110 55.0 13.730025757062021 
120 60.0 18.519095765670773 
130 65.0 21.534419529186756 
140 70.0 32.10441811382553 
150 75.0 31.733586340573442 
160 80.0 31.008287787629502 
170 85.0 26.01353207250282 
180 66.0 21.059223352616122 
190 61.0 25.52821744595433 
200 63.0 30.471041987195406 
210 57.0 33.39720469534715 
220 57.0 36.365810840580934 
230 57.0 38.747378547208896 
240 119.0 42.11546666504042 
250 52.0 42.81952647010955 
260 129.0 61.90451605552978 
270 48.0 49.09456753923523 
280 139.0 67.45245814139116 
290 144.0 63.137649721342946 
300 150.0 77.74267816241054 
310 155.0 85.5612252755362 
320 160.0 78.52865630603556 
330 165.0 77.24557856505152 
340 170.0 54.84103833363625 
350 175.0 35.3594542793922 
360 114.0 29.071633131774377 
370 111.0 31.00063496272564 
380 112.0 36.51464447945431 
390 110.0 32.12801382380528 
400 104.0 14.93531278711987 
