100 29.0 3.1083622715154093 
110 30.0 2.858235159431001 
120 58.0 4.212439547495068 
130 63.0 5.8431302571371635 
140 68.0 7.485270549001804 
150 73.0 8.457344948193956 
160 79.0 9.971800059403002 
170 84.0 11.218304910723703 
180 90.0 12.268653584798487 
190 95.0 12.551492606636128 
200 100.0 11.539051903649577 
210 91.0 7.180235635413114 
220 92.0 7.616918618821006 
230 91.0 8.375325993961264 
240 91.0 9.113179523623481 
250 90.0 9.657619981434967 
260 86.0 10.29637702760314 
270 83.0 10.650303174358898 
280 80.0 11.13114710400272 
290 79.0 11.941981865955979 
300 76.0 12.847265420676676 
310 75.0 13.482933435782753 
320 68.0 14.024111323211946 
330 65.0 14.301871395138216 
340 60.0 14.892435903451302 
350 52.0 15.412644875921368 
360 46.0 15.121257637169935 
370 48.0 11.583450765440668 
380 46.0 6.589571287592798 
390 46.0 4.90608426772219 
400 51.0 4.835487152240899 
